381.6	2483404.3	1295366.5	2493668.3	2876636.10	2493675.3	2876629.10	935546.5	2493673.3	2483404.4	2493677.3	2066070.8	935548.3	381.24	666020.3	2876637.10	2066070.7	2584466.3	1300272.3	381.25	1736477.3	1287281.3	1736469.3	2876650.10	381.70	381.12	2876653.10	2865837.3	2876640.10	2926017.3	2493670.3	2744522.3	2876645.10	935546.3	1300294.3	2493678.3	2876631.10	2876643.10	2876625.10	381.38	2876635.10	2654248.3	2876630.10	381.35	381.34	2233532.3	2493672.3	536018.3	2876626.10	69974.4	2493669.3	2744515.3	422277.3	2865839.3	381.19	381.15	2082387.3	682633.10	1082933.13	1040982.3	1736555.3	1736557.3	2876661.10	266835.9	2876664.10	2744523.3	1777867.5	2876641.10	28104.15	2876663.10	39645.57	381.40	2876660.10	2876627.10	2876621.10	2865838.3	2876623.10	2876646.10	765698.19	2066070.6	2294114.3	2654249.3	2777475.3	2744517.3	2876667.10	2483403.3	2876644.10	2493681.3	2876638.10	2876632.10	2876665.10	2493674.3	381.29	2876639.10	2108445.3	2493671.3	1209954.3	381.111	2876651.10	1884373.3	381.39	2483402.3	2876634.10	2876669.10	2493676.3	1505946.3	2876648.10	593909.4	381.16	460060.3
100.0	85.851532	81.557884	84.994339	85.232681	85.574303	83.859802	85.865707	84.690781	85.743881	84.817024	86.065048	85.656395	97.829262	84.724701	84.509521	86.177155	81.748962	85.961906	97.847038	80.600639	97.877579	81.399055	85.25531	85.787971	97.703293	77.645248	85.922913	84.542221	85.802292	84.585716	80.001259	85.138145	85.850655	85.680397	85.817047	85.826897	85.107132	85.025932	97.933548	85.23436	84.471207	85.221863	84.981689	97.897682	84.474915	84.741211	79.768227	85.539291	84.638962	84.796204	85.812904	84.097229	86.039963	86.357964	85.596146	80.329567	84.619553	86.353226	85.609894	80.440102	81.330544	84.790588	85.958244	85.06543	79.916245	85.807587	84.648773	85.954086	85.039612	85.776863	97.815933	85.295609	84.863136	85.918015	85.738342	85.261368	85.043793	85.789978	86.063354	77.517448	77.988373	84.325371	85.421906	84.960312	85.40654	84.619652	85.823341	84.599884	85.225632	85.851753	84.510544	97.872421	84.565659	81.265976	84.526398	84.75177	86.094513	85.926559	81.075668	97.875656	85.489059	85.255951	85.726868	84.059525	84.356216	85.09964	85.862915	85.638664	79.637314
85.851532	100.0	81.477371	84.939911	87.774719	85.240982	84.968231	90.226166	84.461609	99.996574	84.667114	90.530762	90.460136	85.887108	84.489639	84.256058	90.600937	81.597221	87.655373	85.869827	80.583382	85.844872	81.095856	87.777344	90.802063	85.800499	77.466866	91.944992	84.367477	88.047096	84.354988	79.640442	87.720093	90.154144	87.450851	88.045311	87.405746	86.563065	86.558296	85.870789	87.842102	85.200645	87.78624	84.470451	85.796463	84.110825	84.495972	79.680504	88.198883	84.308807	84.546089	90.942413	83.845909	85.424576	88.895096	87.597496	80.285652	84.461105	85.788803	90.364838	80.510437	81.048676	84.396255	90.365616	86.559601	79.658974	90.27597	84.320686	91.112167	86.581566	87.260178	85.891747	87.88118	87.497635	87.444237	87.691055	87.835655	86.616943	87.313675	90.52565	77.641739	77.838745	84.175713	89.82093	86.544113	89.934967	84.359451	87.376221	84.363312	87.831955	88.824532	84.310028	85.878838	84.354828	81.110367	84.29834	84.541321	87.827774	87.333878	81.107048	85.965263	89.853821	86.597633	88.863853	83.905594	84.171478	86.571533	88.854248	87.596848	79.466843
81.557884	81.477371	100.0	81.35701	81.456779	81.733932	80.49826	81.747917	81.788658	81.385956	81.267685	81.882385	81.353767	81.528824	81.184052	81.693344	81.896942	81.969925	81.506706	81.455765	80.496346	81.455063	81.15213	81.462341	81.608765	81.440247	77.315041	81.536972	81.664955	81.564598	81.808655	79.746117	81.515335	81.779648	81.528008	81.498291	81.425522	81.349472	81.278618	81.393875	81.496628	81.011353	81.500839	81.007462	81.414536	81.643372	81.749039	79.74752	81.562233	81.868698	81.908806	81.741806	81.314583	81.472214	81.532387	81.157829	83.853279	81.031395	81.82933	81.259201	80.440979	81.133278	81.839172	81.680618	81.369598	79.718369	81.789848	81.618095	81.645386	81.345184	81.582779	81.451385	81.609665	81.46843	81.583969	81.438049	81.50695	81.287262	81.558243	81.879044	77.809166	77.831116	81.796028	81.534851	81.291565	81.545372	81.685623	81.453697	81.638344	81.477409	81.625626	81.839218	81.480827	81.666412	80.660736	81.76651	81.850708	81.551422	81.582458	80.531319	81.590103	81.572189	81.420052	81.481216	81.346367	81.699341	81.301834	81.60289	81.136147	79.690063
84.994339	84.939911	81.35701	100.0	84.58934	86.213989	83.367744	84.947174	85.206139	84.846207	91.419136	85.212372	84.67778	85.056923	90.090057	83.948746	85.333115	81.777664	85.77861	85.111237	80.532532	84.972244	81.211288	84.684464	85.042053	84.998123	77.558418	85.017319	84.064697	85.803139	84.615532	80.033432	84.616562	84.957428	85.355492	86.323944	85.382645	84.951797	85.000092	85.002373	84.644249	84.238449	84.670403	86.781021	84.992561	83.730881	86.583984	79.866501	84.824905	84.124863	85.225113	84.993469	83.791794	86.854576	85.116562	84.329025	80.241302	91.361343	86.110367	84.676697	80.319901	81.257553	84.219254	85.088646	84.866699	80.084488	84.950821	84.003845	85.016418	84.861176	85.954346	85.068314	84.616585	85.260353	85.478256	85.529266	84.730377	84.958061	85.325577	85.214066	77.584244	77.975342	83.826248	84.901367	84.820419	84.762009	84.061493	85.922745	84.070984	84.688492	85.111511	84.691826	85.190269	84.062744	81.248795	84.612015	84.022888	85.601944	85.448914	81.140846	85.16864	84.852081	84.912186	85.037254	84.643677	83.845139	84.901825	85.147049	84.266403	79.68544
85.232681	87.774719	81.456779	84.58934	100.0	84.944351	84.502365	88.176208	84.373627	87.777878	84.354782	88.256393	87.654854	85.216927	84.248428	84.221848	88.26664	81.571228	86.971382	85.274353	80.604515	85.228683	81.205544	98.516083	88.017914	85.223892	77.565971	88.215912	84.277267	87.016724	84.304146	79.687355	98.186829	88.187721	86.60778	86.922455	86.664551	86.803894	86.756615	85.256134	98.479691	84.997009	98.536026	84.231117	85.209305	84.257599	84.436806	79.722672	90.833145	84.412834	84.523392	88.045204	83.633347	84.977371	87.9207	95.375175	80.336807	84.119171	85.378204	87.653198	80.367836	81.110214	84.430748	88.196335	86.790024	79.748276	88.205841	84.281075	88.09507	86.771622	86.67234	85.254227	98.181671	90.130859	86.765259	86.891014	98.378601	86.717781	86.732986	88.251572	77.778442	77.970306	84.305115	88.114944	86.704529	88.082474	84.278549	86.609207	84.328293	98.176865	87.93541	84.34552	85.299637	84.300529	81.045303	84.259018	84.275864	87.117905	86.732712	80.974716	85.228516	88.112549	86.663506	88.099976	83.659042	84.185471	86.729263	87.92038	95.450272	79.593742
85.574303	85.240982	81.733932	86.213989	84.944351	100.0	83.406189	85.405685	87.223312	85.109016	85.705139	85.53363	84.819016	85.592834	84.762291	85.843994	85.625214	82.395294	85.437393	85.635506	80.831024	85.576324	81.651031	85.012161	85.398254	85.644165	77.538223	85.343063	85.930634	85.498901	86.729355	80.307297	84.877579	85.408958	85.124985	85.873199	84.947998	85.10817	85.036346	85.569931	85.050201	83.965988	84.962341	84.734619	85.482407	85.965683	87.269394	80.187714	85.33934	85.963486	87.557953	85.485695	85.891144	85.603531	85.275505	84.546318	80.790474	85.663239	87.319458	84.800896	80.641266	81.631729	86.203781	85.470161	84.968277	80.316711	85.426262	85.999359	85.502884	84.981064	85.690536	85.556091	84.957031	85.472061	85.072632	85.151474	85.027771	85.04718	84.921112	85.532616	77.652519	77.96489	85.868286	85.112404	84.969055	85.010727	86.010483	85.644951	85.941254	85.004181	85.424469	86.649956	85.661407	85.946724	81.48645	86.693405	86.070358	85.336639	85.018585	81.211388	85.736275	85.036942	85.133904	85.202286	86.628304	85.71022	85.086243	85.458916	84.632935	79.965775
83.859802	84.968231	80.49826	83.367744	84.502365	83.406189	100.0	85.13472	82.931404	85.075592	83.150642	85.223961	84.936592	83.80925	83.098335	82.692322	85.223892	80.606689	85.49472	83.818161	79.855438	83.799026	80.466576	84.561646	85.10527	83.872086	0.0	85.106857	82.707352	85.664841	82.743011	79.22467	84.478127	85.206985	85.314133	85.574539	85.247635	84.306862	84.209351	83.884766	84.517326	83.596169	84.560661	83.049637	83.875275	82.786377	82.83049	78.956802	84.689789	82.870941	83.040596	85.091347	82.466766	83.796181	85.158813	84.33223	79.570633	83.101562	83.848	84.796326	79.701454	80.466171	82.77993	85.118622	84.243698	79.227097	85.19014	82.746002	85.154327	84.350952	85.324272	83.806206	84.520157	84.285294	85.317871	85.575699	84.509354	84.268448	85.393074	85.221733	77.438622	77.697266	82.713646	85.017349	84.326042	85.091194	82.858826	85.237358	82.708176	84.455582	85.131523	82.816269	83.821648	82.724991	80.318703	82.85968	82.958969	85.513016	85.340157	80.210831	83.82074	85.085144	84.392273	85.152527	82.415253	82.593323	84.273651	85.146423	84.328644	79.143692
85.865707	90.226166	81.747917	84.947174	88.176208	85.405685	85.13472	100.0	84.700668	90.414154	84.788605	94.423264	89.73085	85.896942	84.555153	84.640091	94.546318	81.767265	87.736588	85.91259	80.768112	85.848236	81.460388	88.260887	91.702576	85.770142	77.608765	90.929657	84.791069	88.076965	84.74762	81.07431	88.412399	99.997894	87.448807	87.744583	87.442223	86.95488	86.977722	85.867233	88.287346	85.276855	88.248657	84.463104	85.825119	84.577621	84.709595	79.894203	88.650871	84.974686	84.943176	91.716003	84.331581	85.456879	88.82267	87.64888	80.462029	84.403656	86.005661	89.575195	80.420059	81.420792	84.886589	94.221497	86.698723	81.082512	99.081299	84.800385	91.280045	86.714355	87.320656	85.835274	88.227074	87.571335	87.612717	87.57206	88.227707	86.927567	87.484573	94.421814	77.676437	78.124924	84.596512	90.595184	86.618256	90.583099	84.783859	87.387001	84.843048	88.229156	88.780434	84.922089	85.957756	84.805679	81.316467	84.767166	84.613792	87.854874	87.638947	81.116531	85.921097	90.539124	86.870651	88.961075	84.096352	84.629501	86.853546	88.767593	87.678894	79.703026
84.690781	84.461609	81.788658	85.206139	84.373627	87.223312	82.931404	84.700668	100.0	84.279251	85.047409	84.819695	84.240082	84.687569	84.031517	87.485001	84.932968	82.314697	84.683411	84.829178	80.651901	84.696121	81.396774	84.398018	84.691895	84.751205	77.818588	84.54866	87.530258	84.592133	88.226196	80.254211	84.290176	84.727699	84.238754	85.105125	84.17247	84.568604	84.577744	84.72789	84.396698	83.279167	84.378876	83.961838	84.701401	87.376053	90.733261	80.109352	84.671783	87.719658	90.8424	84.680908	87.153976	84.46405	84.707458	84.114014	80.542198	84.548149	85.677795	84.191406	80.54969	81.436699	87.729202	84.787766	84.37748	80.31263	84.760208	87.620865	84.684738	84.427322	85.045067	84.769531	84.432098	85.074203	84.328537	84.464592	84.372589	84.520447	84.292412	84.82019	77.57756	77.789383	87.443619	84.399033	84.450607	84.468452	87.564392	85.170563	87.529495	84.39782	84.686996	88.136536	84.87439	87.537949	81.193054	88.249619	87.478165	84.494446	84.291275	81.032089	84.875351	84.493286	84.590195	84.62233	88.033653	87.51049	84.590118	84.694786	84.057228	79.936234
85.743881	99.996574	81.385956	84.846207	87.777878	85.109016	85.075592	90.414154	84.279251	100.0	84.551292	90.819656	90.834923	85.805847	84.394333	84.139664	90.563461	81.505753	87.526733	85.876038	80.503235	85.75499	81.03569	87.791733	90.97319	85.696808	77.470795	91.733963	84.35463	87.960831	84.259567	80.968842	88.213623	90.338867	87.320107	87.893768	87.396278	86.599396	86.528885	85.692093	87.824089	85.159485	87.813316	84.398514	85.710831	84.014816	84.370522	79.715378	88.193115	84.195786	84.680298	91.197586	84.043251	85.328796	88.66713	87.44635	80.304306	84.458229	85.741852	90.661346	80.449982	80.970581	84.358635	90.614944	86.454941	80.992767	90.431717	84.290306	90.889771	86.461136	87.188843	85.751373	87.883896	87.375961	87.448441	87.50412	87.872955	86.57653	87.310608	90.821976	77.622177	77.898605	84.036293	90.230087	86.451767	90.282654	84.330399	87.207298	84.343628	87.840919	88.686203	84.456116	85.804672	84.301285	81.073471	84.143234	84.453163	87.779816	87.352173	80.944748	85.843109	90.392479	86.663155	88.686005	83.780006	84.084167	86.565308	88.699905	87.41777	79.503128
84.817024	84.667114	81.267685	91.419136	84.354782	85.705139	83.150642	84.788605	85.047409	84.551292	100.0	84.922073	84.44445	84.86673	91.203552	83.648468	84.996796	81.528152	85.676117	85.050842	80.490471	84.908218	81.024826	84.389175	84.756363	84.876312	77.478577	84.833511	83.802132	85.461494	84.660522	79.868347	84.273132	84.799606	85.154556	86.007645	85.114151	84.715897	84.651581	84.867401	84.405098	84.208687	84.380081	86.773895	84.868454	83.632141	85.025192	79.582176	84.674194	83.73584	85.146935	84.75563	83.537537	86.853867	84.857178	84.051392	80.042343	92.231956	85.987518	84.465355	80.201355	81.075211	83.84285	84.796364	84.688843	79.85955	84.756699	83.71077	84.79715	84.643372	85.891525	84.898453	84.377686	85.130501	85.249641	85.300102	84.34761	84.70417	85.128281	84.920708	77.471146	77.870667	83.500443	84.54866	84.677597	84.546188	83.786949	86.010895	83.810822	84.324043	84.815308	84.659607	85.03772	83.722321	81.228424	84.654755	83.764145	85.391418	85.217667	81.096024	85.060059	84.525917	84.735138	84.797577	84.57515	83.365227	84.691605	84.866318	84.080124	79.522743
86.065048	90.530762	81.882385	85.212372	88.256393	85.53363	85.223961	94.423264	84.819695	90.819656	84.922073	100.0	90.570602	86.024323	84.763748	84.713013	99.999275	81.97467	87.990463	86.13945	80.761856	86.015617	81.39859	88.25309	92.14093	86.022034	77.74115	91.144333	84.922394	88.13472	84.946472	81.403099	89.349396	94.389763	87.715256	87.94146	87.55172	86.995834	86.980011	86.019363	88.220383	85.419342	88.350967	84.600708	85.993591	84.763885	84.971603	79.969368	88.617279	84.837097	85.333603	91.994583	84.567543	85.50174	88.984726	87.78437	80.549759	84.705025	86.144203	90.543167	80.474281	81.378967	84.856087	98.494209	86.9049	81.413437	94.442375	84.875168	91.58342	86.852158	87.495972	85.976624	88.305344	87.742157	87.607056	87.777496	88.263779	87.01561	87.506371	99.999924	77.746201	78.008675	84.587326	90.784561	86.875366	90.711273	84.995575	87.532928	84.937378	88.290092	89.052094	85.064835	86.165764	84.869949	81.324341	84.84903	84.946411	88.088257	87.649765	81.292725	86.151917	90.670135	87.058228	89.001846	84.221802	84.533539	86.934486	89.028061	87.767151	79.707809
85.656395	90.460136	81.353767	84.67778	87.654854	84.819016	84.936592	89.73085	84.240082	90.834923	84.44445	90.570602	100.0	85.659424	84.327606	84.050049	89.63372	81.521606	87.534973	85.686066	80.56208	85.655151	81.107544	87.668777	90.46727	85.645828	77.523766	90.377922	84.262726	87.814232	84.290543	80.878372	88.882278	89.708847	87.123848	87.718445	87.378403	86.326462	86.346413	85.639206	87.708069	85.16713	87.72818	84.276764	85.619263	84.022758	84.299316	79.570282	88.055176	84.259048	84.580917	90.293793	83.867157	85.197327	88.534958	87.299202	80.212738	84.291222	85.593094	94.662186	80.202003	81.131081	84.302849	89.907547	86.27951	81.02211	89.778465	84.154633	90.028122	86.304863	87.215897	85.687714	87.672211	87.286385	87.422607	87.572647	87.634239	86.307404	87.258064	90.563446	77.608597	78.08123	83.978241	89.760071	86.197258	89.797089	84.203651	87.178299	84.175247	87.683716	88.549011	84.388443	85.749252	84.21727	80.922791	84.097466	84.326019	87.774643	87.394165	80.813972	85.751884	89.729675	86.355515	88.472107	83.598083	83.937981	86.307793	88.512741	87.299805	79.494049
97.829262	85.887108	81.528824	85.056923	85.216927	85.592834	83.80925	85.896942	84.687569	85.805847	84.86673	86.024323	85.659424	100.0	84.83844	84.527618	86.138535	81.679398	85.987488	97.877403	80.741676	97.698143	81.429893	85.289314	85.883354	97.727188	77.53389	85.929871	84.594421	85.809875	84.553734	79.972183	85.17749	85.920334	85.672287	85.766228	85.75547	85.18074	85.104095	97.776108	85.332382	84.609177	85.260849	85.021545	97.73642	84.501106	84.770782	79.759933	85.520874	84.572388	84.75367	85.902313	84.143204	86.027649	86.426971	85.58757	80.285393	84.628441	86.393494	85.629723	80.342789	81.404709	84.705162	85.979973	85.123169	79.968369	85.859589	84.629196	86.051666	85.135277	85.714752	99.129272	85.248688	84.835861	85.928665	85.764908	85.335464	85.161209	85.729408	86.022591	77.592903	78.066071	84.368073	85.498322	85.035599	85.441589	84.659119	85.759613	84.672882	85.268303	85.865517	84.569138	97.928261	84.595604	81.223053	84.554504	84.678764	86.098526	85.918335	81.104935	99.244736	85.501877	85.090179	85.830429	84.106796	84.351288	85.076759	85.856796	85.67086	79.630287
84.724701	84.489639	81.184052	90.090057	84.248428	84.762291	83.098335	84.555153	84.031517	84.394333	91.203552	84.763748	84.327606	84.83844	100.0	83.586807	84.858818	81.597687	85.385406	84.856644	80.540016	84.689621	81.116959	84.279266	84.657219	84.806946	77.466225	84.692459	83.683426	85.281883	83.54879	79.897423	84.180244	84.569939	84.881729	85.029716	84.910133	84.622406	84.443756	84.678497	84.274055	84.131042	84.293732	86.47892	84.745796	83.499077	84.099335	79.677841	84.400467	83.711845	84.120163	84.671219	83.604736	86.471451	84.680176	83.980087	80.100929	92.217712	85.727211	84.313332	80.251877	81.164055	83.783737	84.662445	84.608398	80.043938	84.568787	83.69577	84.612534	84.568718	84.779053	84.732208	84.254227	83.960663	84.997055	85.251633	84.215378	84.479935	85.068108	84.764633	77.484222	77.895309	83.521301	84.441925	84.588654	84.401749	83.76162	84.847931	83.715012	84.238953	84.88858	83.656509	84.853104	83.648254	81.139229	83.601051	83.686539	85.215942	84.959869	81.118927	84.911224	84.479279	84.564529	84.816956	83.454315	83.37429	84.438477	84.86554	83.916214	79.466934
84.509521	84.256058	81.693344	83.948746	84.221848	85.843994	82.692322	84.640091	87.485001	84.139664	83.648468	84.713013	84.050049	84.527618	83.586807	100.0	84.757042	82.050362	84.287842	84.530273	80.642593	84.429977	81.193016	84.216187	84.54731	84.511337	77.556915	84.472229	92.579742	84.197189	89.938568	79.966507	84.134148	84.682281	84.009109	84.128418	83.926529	84.277184	84.195999	84.568336	84.201447	83.077515	84.231293	83.531776	84.494255	90.081146	87.46505	80.049774	84.451912	91.210106	87.541245	84.590195	86.066071	84.023308	84.383255	83.904564	80.589851	83.467804	85.248123	84.122467	80.37796	81.293152	90.680618	84.729187	84.214745	80.103844	84.629829	92.663651	84.634857	84.160492	83.95343	84.461761	84.194611	84.066521	84.000229	84.215027	84.252838	84.266632	83.978775	84.708527	77.837448	77.886795	90.9478	84.27887	84.144463	84.249947	92.585022	83.941048	92.595932	84.190369	84.378448	89.971619	84.537376	92.555344	81.1763	89.987793	89.450333	84.299423	83.956696	80.976227	84.525436	84.33094	84.137741	84.321045	85.987633	91.334984	84.113625	84.403229	83.948151	79.749191
86.177155	90.600937	81.896942	85.333115	88.26664	85.625214	85.223892	94.546318	84.932968	90.563461	84.996796	99.999275	89.63372	86.138535	84.858818	84.757042	100.0	81.969223	88.172935	86.155067	80.776855	86.126984	81.414368	88.259216	91.842896	86.140488	77.723434	91.366661	84.949081	88.148148	85.039078	80.023926	88.227005	94.517853	87.919525	88.066368	87.602592	87.028564	86.999168	86.13237	88.22625	85.447968	88.347916	84.677994	86.10701	84.899475	85.096214	79.971054	88.632904	84.929276	85.249435	91.819	84.372292	85.63031	89.17923	87.968719	80.562057	84.799843	86.252823	89.597336	80.488625	81.37114	84.859573	98.703644	87.056854	79.991463	94.565727	84.889023	91.831955	86.984177	87.617958	86.086365	88.321167	87.90773	87.620377	87.945457	88.268814	87.017349	87.675369	99.999359	77.732315	78.014435	84.699898	90.5214	87.020592	90.372314	85.002853	87.679375	84.93837	88.319809	89.248856	84.988403	86.156525	84.891144	81.345947	84.952278	85.038666	88.242691	87.66597	81.327019	86.155945	90.362717	87.071152	89.239197	84.308975	84.636002	86.961136	89.252747	87.929237	79.708298
81.748962	81.597221	81.969925	81.777664	81.571228	82.395294	80.606689	81.767265	82.314697	81.505753	81.528152	81.97467	81.521606	81.679398	81.597687	82.050362	81.969223	100.0	81.769836	81.678055	81.058853	81.714371	81.575119	81.512909	81.790756	81.695953	77.351524	81.754829	81.986877	81.816452	82.07196	79.982422	81.491043	81.764175	81.630348	81.56366	81.533424	81.840546	81.750168	81.714981	81.617859	80.919945	81.577728	81.275696	81.69677	82.141129	82.216064	80.318115	81.671638	82.391342	82.526596	81.62204	81.782944	81.540588	81.843048	81.328606	80.80484	81.423782	82.239883	81.347923	80.925385	81.675644	82.193542	81.847298	81.73735	80.034912	81.823471	82.03231	81.851219	81.714157	81.629501	81.673935	81.536057	81.598663	81.663513	81.699142	81.527481	81.714767	81.652985	81.973389	77.761322	77.890991	82.215553	81.603073	81.643494	81.593292	82.127945	81.510674	82.031738	81.557785	81.788666	82.157837	81.684357	81.982849	80.782814	82.168022	82.194351	81.65004	81.589096	80.712631	81.748947	81.614868	81.796722	81.848946	81.775818	82.100418	81.748199	81.826797	81.319557	80.079475
85.961906	87.655373	81.506706	85.77861	86.971382	85.437393	85.49472	87.736588	84.683411	87.526733	85.676117	87.990463	87.534973	85.987488	85.385406	84.287842	88.172935	81.769836	100.0	86.109184	80.771683	85.970688	81.35379	87.012665	87.845947	85.984909	77.680153	88.08606	84.340698	89.625862	84.401039	80.158936	86.741302	87.739426	92.255554	90.082932	89.347885	86.799706	86.832947	85.979134	86.960831	85.974091	86.972488	85.390518	85.938583	84.200577	84.594543	79.802521	87.098053	84.316696	84.68248	87.924698	84.076752	86.815689	87.756615	86.58046	80.490364	85.314072	86.446976	87.546112	80.449348	81.295944	84.565521	87.855759	86.71962	80.070633	87.763	84.283722	88.06546	86.735123	89.210388	85.958214	86.980736	86.561905	89.416779	90.90538	86.969498	86.838493	89.33342	88.00074	77.711647	78.156189	84.098778	87.609619	86.786621	87.427536	84.428787	89.214493	84.364792	86.925331	87.830582	84.388809	86.089462	84.310043	81.422478	84.336128	84.398399	90.1716	89.397507	81.355774	86.116272	87.502457	86.843048	87.881393	84.100998	84.06929	86.793137	87.803848	86.53492	79.579193
97.847038	85.869827	81.455765	85.111237	85.274353	85.635506	83.818161	85.91259	84.829178	85.876038	85.050842	86.13945	85.686066	97.877403	84.856644	84.530273	86.155067	81.678055	86.109184	100.0	80.63636	97.692284	81.418869	85.237305	86.011681	97.595039	77.450317	86.007431	84.565018	85.788376	84.668549	79.870728	85.203018	85.947052	85.749344	85.931946	85.683121	85.165886	85.145233	97.722198	85.313766	84.596306	85.3078	84.873276	97.71788	84.659164	84.794632	79.739998	85.528015	84.688301	84.94017	85.946609	84.128113	86.229218	85.983032	85.083237	80.340378	84.709824	86.433365	85.706886	80.331329	81.368866	84.745956	86.088257	85.209946	79.829285	85.875977	84.609314	86.201126	85.156128	85.887344	97.828979	85.237686	84.909988	85.924561	85.908966	85.299026	85.088722	85.868118	86.141998	77.707764	78.085434	84.41098	85.64801	85.121109	85.557816	84.64975	85.877007	84.648743	85.23996	85.931969	84.637718	99.967621	84.610077	81.265427	84.600433	84.796631	86.214836	85.907974	81.072975	97.915543	85.483948	85.214569	85.887604	84.169312	84.415543	85.121719	85.911911	85.316933	79.568878
80.600639	80.583382	80.496346	80.532532	80.604515	80.831024	79.855438	80.768112	80.651901	80.503235	80.490471	80.761856	80.56208	80.741676	80.540016	80.642593	80.776855	81.058853	80.771683	80.63636	100.0	80.580605	80.288635	80.640808	80.776596	80.725479	0.0	80.64183	80.754745	80.823662	80.733131	79.144867	80.489258	80.781174	80.661575	80.779686	80.645493	80.645218	80.555573	80.696037	80.627823	80.184052	80.588791	80.450882	80.637909	80.781647	80.727554	79.461914	80.827377	80.7995	80.747925	80.799683	80.45549	80.706207	80.70166	80.415291	79.834877	80.434212	80.876038	80.669319	84.894974	80.291397	80.669128	80.709839	80.657654	79.144882	80.792313	80.617035	80.834953	80.692078	80.659561	80.697372	80.613907	80.552742	80.752167	80.654228	80.487846	80.605591	80.658035	80.770325	77.698509	77.745499	80.69519	80.648285	80.491394	80.558334	80.552681	80.667816	80.587753	80.487053	80.68364	80.615555	80.730896	80.700928	79.972382	80.698868	80.651794	80.727509	80.64547	79.993896	80.793167	80.694321	80.589661	80.639114	80.520187	80.601685	80.58783	80.695137	80.411835	79.269211
97.877579	85.844872	81.455063	84.972244	85.228683	85.576324	83.799026	85.848236	84.696121	85.75499	84.908218	86.015617	85.655151	97.698143	84.689621	84.429977	86.126984	81.714371	85.970688	97.692284	80.580605	100.0	81.41272	85.302246	85.787964	97.600052	77.530724	85.871536	84.516144	85.70575	84.548485	79.873474	85.150696	85.843925	85.635696	85.827545	85.745453	85.142944	85.026886	97.82724	85.31459	84.472771	85.259537	84.954475	97.8004	84.467667	84.689392	79.577744	85.545952	84.510498	84.762222	85.818985	84.044449	86.000145	86.272385	85.583374	80.211044	84.631592	86.374809	85.62426	80.341156	81.384293	84.679016	85.937378	85.11261	79.796951	85.813705	84.568298	85.987381	85.069611	85.773102	97.68631	85.242035	84.829239	85.856628	85.788086	85.261116	85.073502	85.79187	86.006683	77.586578	77.973984	84.385544	85.419708	84.994865	85.324997	84.587875	85.786469	84.604599	85.183289	85.794106	84.518158	97.773392	84.536568	81.265656	84.494675	84.622368	86.058723	85.835693	81.095917	97.745682	85.431168	85.178291	85.803177	84.062233	84.289001	85.00618	85.858963	85.652412	79.62838
81.399055	81.095856	81.15213	81.211288	81.205544	81.651031	80.466576	81.460388	81.396774	81.03569	81.024826	81.39859	81.107544	81.429893	81.116959	81.193016	81.414368	81.575119	81.35379	81.418869	80.288635	81.41272	100.0	81.119934	81.291214	81.390663	77.574478	81.187607	81.274139	81.489868	81.415543	79.397079	81.152115	81.33139	81.334236	81.193947	81.155884	81.177902	81.118179	81.419846	81.216736	80.70282	81.199722	81.053802	81.384186	81.276276	81.530991	79.560623	81.336426	81.478073	81.620132	81.289871	81.054504	81.298874	81.431198	81.037598	80.266335	81.061989	81.472382	80.923599	80.189178	99.997238	81.378632	81.259972	81.197701	79.428627	81.398514	81.22599	81.242142	81.170258	81.464729	81.380302	81.272125	81.125992	81.387482	81.391052	81.256119	81.104965	81.484344	81.398827	77.606964	77.668274	81.326202	81.201019	81.252228	81.143303	81.348694	81.219635	81.305939	81.244827	81.394669	81.351929	81.403976	81.262985	80.537186	81.344498	81.390259	81.411316	81.451309	80.54985	81.327469	81.173515	81.237816	81.345352	81.150642	81.352104	81.093658	81.373611	81.017624	79.524551
85.25531	87.777344	81.462341	84.684464	98.516083	85.012161	84.561646	88.260887	84.398018	87.791733	84.389175	88.25309	87.668777	85.289314	84.279266	84.216187	88.259216	81.512909	87.012665	85.237305	80.640808	85.302246	81.119934	100.0	88.135605	85.252899	77.587738	88.288147	84.392967	87.091217	84.413086	79.688812	98.16745	88.280029	86.643707	86.980057	86.682793	86.663734	86.700958	85.2742	99.963676	84.926224	98.60347	84.264526	85.278992	84.224648	84.38855	79.619736	90.838997	84.468689	84.506958	88.128281	83.644402	85.028305	87.957687	95.491585	80.326584	84.098511	85.376091	87.644089	80.45768	81.114052	84.472809	88.225655	86.763931	79.745621	88.30629	84.32164	88.13636	86.668167	86.762558	85.29213	98.321152	90.228828	86.781738	86.972092	98.379517	86.701736	86.741631	88.250137	77.719719	78.066208	84.281616	88.090408	86.706238	88.091629	84.396591	86.649033	84.385986	98.199539	88.0392	84.406212	85.285637	84.412674	81.028122	84.300079	84.395927	87.132805	86.704163	80.976074	85.271652	88.138252	86.70192	88.034149	83.685745	84.212013	86.688423	87.981705	95.503128	79.597366
85.787971	90.802063	81.608765	85.042053	88.017914	85.398254	85.10527	91.702576	84.691895	90.97319	84.756363	92.14093	90.46727	85.883354	84.657219	84.54731	91.842896	81.790756	87.845947	86.011681	80.776596	85.787964	81.291214	88.135605	100.0	85.810898	77.56311	91.641418	84.699905	88.016899	84.668732	81.778076	88.655258	91.715202	87.421761	87.803986	87.463089	86.744034	86.859802	85.849762	88.084732	85.194077	88.114159	84.543411	85.752754	84.479454	84.728378	79.868118	88.518646	84.664047	84.90567	98.689072	84.40377	85.569992	88.924881	87.547699	80.471481	84.556862	85.927933	90.394638	80.492355	81.302681	84.785042	92.131302	86.675255	81.795334	91.700546	84.679245	93.142685	86.747818	87.345245	85.785202	88.090118	87.623779	87.632401	87.554443	88.110863	86.83252	87.353317	92.138397	77.778076	78.085121	84.443024	91.127533	86.636757	90.926186	84.734718	87.312363	84.72187	88.087921	88.897705	84.866653	86.011581	84.660385	81.310608	84.624588	84.686935	87.929001	87.562737	81.208107	85.971855	90.741173	86.828888	89.052223	84.086906	84.410812	86.836189	88.871216	87.600067	79.568947
97.703293	85.800499	81.440247	84.998123	85.223892	85.644165	83.872086	85.770142	84.751205	85.696808	84.876312	86.022034	85.645828	97.727188	84.806946	84.511337	86.140488	81.695953	85.984909	97.595039	80.725479	97.600052	81.390663	85.252899	85.810898	100.0	77.58255	85.862122	84.601166	85.787415	84.625252	79.938126	85.03981	85.82679	85.670105	85.85656	85.781174	85.165062	85.129631	97.679962	85.292572	84.568283	85.297562	84.980202	97.686256	84.480545	84.673531	79.667435	85.541374	84.582565	84.76548	85.850403	84.161362	86.031372	86.238007	85.445114	80.260742	84.68335	86.360016	85.619041	80.284821	81.405098	84.737015	85.937256	85.088203	79.908485	85.752014	84.60878	85.988258	85.009254	85.664627	97.616959	85.23703	84.83638	85.907715	85.791733	85.256432	85.118889	85.762146	86.022789	77.63485	78.133659	84.38475	85.429817	85.044952	85.424454	84.610092	85.740189	84.621307	85.21814	85.831329	84.5495	97.630997	84.636917	81.279816	84.519257	84.78067	86.069138	85.875031	81.014862	97.774345	85.463318	85.189606	85.738266	84.140686	84.309692	85.107262	85.834976	85.575378	79.594299
77.645248	77.466866	77.315041	77.558418	77.565971	77.538223	0.0	77.608765	77.818588	77.470795	77.478577	77.74115	77.523766	77.53389	77.466225	77.556915	77.723434	77.351524	77.680153	77.450317	0.0	77.530724	77.574478	77.587738	77.56311	77.58255	100.0	77.519783	77.678223	77.619415	77.710327	77.108017	77.51181	77.643478	77.608383	77.572189	77.642418	77.358795	77.465324	77.595581	77.587502	77.257629	77.530113	77.330467	77.513191	77.655235	77.7099	77.567032	77.582321	77.683609	77.639412	77.549866	77.573555	77.522995	77.473579	77.416718	0.0	77.376099	77.754669	77.398758	0.0	77.622696	77.563156	77.676338	77.500336	77.040543	77.632645	77.72525	77.527557	77.464386	77.548706	77.548325	77.608391	77.575699	77.718445	77.657715	77.601151	77.441971	77.743698	77.734268	0.0	0.0	77.554352	77.370728	77.527473	77.50058	77.591942	77.674973	77.601532	77.656303	77.498833	77.810257	77.474655	77.725281	0.0	77.764091	77.696671	77.70842	77.577438	77.381004	77.595757	77.548859	77.53907	77.471008	77.647903	77.604553	77.625961	77.564987	77.405167	0.0
85.922913	91.944992	81.536972	85.017319	88.215912	85.343063	85.106857	90.929657	84.54866	91.733963	84.833511	91.144333	90.377922	85.929871	84.692459	84.472229	91.366661	81.754829	88.08606	86.007431	80.64183	85.871536	81.187607	88.288147	91.641418	85.862122	77.519783	100.0	84.599121	88.266273	84.596611	80.14743	88.104095	90.973114	87.600464	88.196487	87.687935	86.894043	86.959137	85.882256	88.247223	85.433136	88.359428	84.626297	85.901894	84.366028	84.677856	79.664429	88.622688	84.573914	84.70488	91.770325	84.019875	86.236191	89.282562	87.846634	80.375916	84.530022	86.101242	90.163422	80.383453	81.179504	84.651459	90.937531	86.730515	80.070053	91.032791	84.613586	92.403442	86.736038	87.506538	85.860672	88.252533	87.693161	87.811813	88.667618	88.260086	86.913071	87.677765	91.1446	77.756378	77.976578	84.48909	90.425003	86.802414	90.489761	84.601562	87.629105	84.603851	88.219391	89.270752	84.586899	86.050583	84.620941	81.298218	84.499878	84.647781	88.919388	87.790932	81.166763	85.966354	90.457581	86.965729	89.22731	83.976257	84.363617	86.870422	89.225632	87.781937	79.524117
84.542221	84.367477	81.664955	84.064697	84.277267	85.930634	82.707352	84.791069	87.530258	84.35463	83.802132	84.922394	84.262726	84.594421	83.683426	92.579742	84.949081	81.986877	84.340698	84.565018	80.754745	84.516144	81.274139	84.392967	84.699905	84.601166	77.678223	84.599121	100.0	84.341492	89.945091	79.975922	84.457733	84.918182	84.051117	84.139984	84.037537	84.269714	84.277916	84.617462	84.389854	83.192696	84.390427	83.693192	84.522217	89.943542	87.661407	80.089584	84.628021	90.765732	87.671005	84.698746	86.14402	84.108208	84.547935	84.112228	80.625839	83.54882	85.330582	84.252792	80.397446	81.34874	90.663292	84.922852	84.220802	79.944618	84.812386	97.560593	84.699051	84.243118	84.136322	84.59787	84.291595	84.227219	84.154091	84.188637	84.414062	84.33429	84.202057	84.932388	77.706917	77.91259	90.56424	84.457169	84.332619	84.299652	97.555603	84.127037	97.566681	84.312042	84.538666	89.990311	84.58448	99.98465	81.133331	90.012878	89.564087	84.309258	84.165291	80.970779	84.592697	84.372063	84.306259	84.519577	86.129219	90.540573	84.208878	84.554726	84.095978	79.904449
85.802292	88.047096	81.564598	85.803139	87.016724	85.498901	85.664841	88.076965	84.592133	87.960831	85.461494	88.13472	87.814232	85.809875	85.281883	84.197189	88.148148	81.816452	89.625862	85.788376	80.823662	85.70575	81.489868	87.091217	88.016899	85.787415	77.619415	88.266273	84.341492	100.0	84.328407	79.925476	87.039642	88.073692	89.182114	89.598206	88.780922	86.788757	86.653824	85.786751	87.068932	85.837402	87.08519	85.138329	85.778381	84.306244	84.595642	79.798248	87.263489	84.468628	84.703903	88.120529	84.048691	86.228058	88.021545	86.705032	80.548386	85.217865	86.120148	87.654984	80.69104	81.495934	84.506546	87.993088	86.774155	79.969391	87.990509	84.326889	88.064941	86.809601	88.778313	85.840134	87.112549	86.793839	88.71196	89.384964	87.131195	86.711304	88.788689	88.137032	77.673294	78.049942	84.288544	87.918564	86.710876	87.964203	84.284775	88.664749	84.361633	87.077286	88.047623	84.407318	85.811638	84.32579	81.388504	84.336235	84.507965	89.413742	88.79039	81.180801	85.842819	87.855927	86.786888	88.051697	84.091415	84.123619	86.729195	88.094612	86.805328	79.806793
84.585716	84.354988	81.808655	84.615532	84.304146	86.729355	82.743011	84.74762	88.226196	84.259567	84.660522	84.946472	84.290543	84.553734	83.54879	89.938568	85.039078	82.07196	84.401039	84.668549	80.733131	84.548485	81.415543	84.413086	84.668732	84.625252	77.710327	84.596611	89.945091	84.328407	100.0	80.134689	84.263809	84.834457	84.079803	85.057907	83.976807	84.278687	84.19677	84.523865	84.436325	83.208038	84.362442	83.70993	84.520584	92.419243	88.160721	80.143356	84.69088	90.718903	88.39344	84.693939	86.162354	84.098663	84.510406	84.070312	80.798157	84.303558	85.337784	84.206085	80.42157	81.457733	90.358948	84.839539	84.180809	80.189705	84.797775	90.12796	84.738129	84.248093	85.038528	84.565804	84.363983	85.096207	84.142776	84.267975	84.361069	84.244537	84.097549	84.951538	77.57782	77.724808	90.496529	84.544167	84.190483	84.381378	90.046852	84.970184	90.003426	84.396919	84.562332	97.772224	84.649063	89.998001	81.2444	95.686783	89.582581	84.419914	84.144562	81.104836	84.702209	84.4618	84.288086	84.464615	87.065186	90.084137	84.26339	84.550415	84.062607	79.812958
80.001259	79.640442	79.746117	80.033432	79.687355	80.307297	79.22467	81.07431	80.254211	80.968842	79.868347	81.403099	80.878372	79.972183	79.897423	79.966507	80.023926	79.982422	80.158936	79.870728	79.144867	79.873474	79.397079	79.688812	81.778076	79.938126	77.108017	80.14743	79.975922	79.925476	80.134689	100.0	81.130165	81.033157	79.898041	79.896965	79.605675	79.699783	79.786331	79.869362	79.710938	79.290268	79.703857	79.878632	79.867233	80.035431	80.224701	79.938995	79.777428	80.168808	80.76355	81.747467	80.502838	79.94635	79.990395	79.727188	79.088013	79.906845	80.246887	80.975739	78.974709	79.41436	80.22113	81.796722	79.847603	98.571732	81.062279	80.053154	79.957542	79.808121	79.855225	79.920197	79.897346	79.880791	79.786919	80.015518	79.74704	79.855316	79.891739	81.416168	77.403244	77.561966	80.113617	81.959671	79.926956	81.275909	80.099632	79.784454	80.041321	79.70343	80.015213	80.475525	79.814468	79.976013	79.992523	80.071564	80.079086	79.994858	79.710907	79.902618	79.885323	81.097855	79.821976	79.94516	79.957092	80.168182	79.781128	79.9655	79.762283	79.518997
85.138145	87.720093	81.515335	84.616562	98.186829	84.877579	84.478127	88.412399	84.290176	88.213623	84.273132	89.349396	88.882278	85.17749	84.180244	84.134148	88.227005	81.491043	86.741302	85.203018	80.489258	85.150696	81.152115	98.16745	88.655258	85.03981	77.51181	88.104095	84.457733	87.039642	84.263809	81.130165	100.0	88.454025	86.404053	86.826698	86.6884	86.65303	86.626617	85.143433	98.160263	84.732285	98.215324	84.251762	85.112312	84.10675	84.372894	79.598602	90.770309	84.381012	84.746918	88.446793	83.973404	84.938065	87.81884	94.989334	80.260185	84.066246	85.266632	88.792564	80.32917	81.069427	84.35714	88.598503	86.536453	81.192375	88.419678	84.294891	87.878815	86.490967	86.572411	85.133759	98.252029	89.944107	86.75518	86.68187	98.219604	86.644684	86.594215	89.344543	77.65921	77.958191	84.157066	88.536453	86.602448	88.441681	84.416275	86.534332	84.433746	98.346008	87.923813	84.518082	85.211319	84.463715	80.890228	84.116547	84.253204	86.943153	86.665497	80.824539	85.230255	88.53315	86.69751	87.897278	83.639565	84.102615	86.648407	87.885826	94.961441	79.585312
85.850655	90.154144	81.779648	84.957428	88.187721	85.408958	85.206985	99.997894	84.727699	90.338867	84.799606	94.389763	89.708847	85.920334	84.569939	84.682281	94.517853	81.764175	87.739426	85.947052	80.781174	85.843925	81.33139	88.280029	91.715202	85.82679	77.643478	90.973114	84.918182	88.073692	84.834457	81.033157	88.454025	100.0	87.463928	87.790771	87.463379	86.945007	86.934875	85.900116	88.297028	85.286736	88.299011	84.474785	85.810188	84.735718	84.77034	79.862267	88.575775	84.908562	84.934555	91.698608	84.380432	85.47715	88.792801	87.622986	80.441833	84.499466	86.047165	89.621033	80.418549	81.369469	84.949211	94.211723	86.703964	81.057945	99.0923	84.823029	91.28569	86.743118	87.354431	85.858528	88.286346	87.59404	87.682686	87.545921	88.234543	86.942703	87.500076	94.387375	77.702362	78.1931	84.628517	90.556503	86.63916	90.545853	84.829712	87.412537	84.833633	88.294113	88.822525	84.946411	85.969711	84.856415	81.304146	84.810745	84.597282	87.863518	87.62941	81.122833	85.971237	90.483612	86.922913	88.962189	84.077621	84.588257	86.857986	88.776329	87.681564	79.729713
85.680397	87.450851	81.528008	85.355492	86.60778	85.124985	85.314133	87.448807	84.238754	87.320107	85.154556	87.715256	87.123848	85.672287	84.881729	84.009109	87.919525	81.630348	92.255554	85.749344	80.661575	85.635696	81.334236	86.643707	87.421761	85.670105	77.608383	87.600464	84.051117	89.182114	84.079803	79.898041	86.404053	87.463928	100.0	89.419586	88.977959	86.480865	86.48201	85.588867	86.671936	85.659431	86.656723	84.703735	85.576942	84.004074	84.326187	79.634598	86.782425	84.087669	84.338943	87.536743	83.818542	85.961121	87.364014	86.17794	80.260727	84.878212	85.992599	87.100136	80.411575	81.30098	84.115952	87.509857	86.384872	79.945175	87.499313	84.00782	87.566879	86.35099	88.620979	85.701324	86.655289	86.238319	88.95266	89.963333	86.681793	86.51387	88.78212	87.721268	77.707855	78.059875	83.879318	87.158745	86.324387	87.0495	84.086426	88.636368	84.144989	86.645836	87.433029	83.969421	85.767044	84.089645	81.076775	84.036148	84.341476	89.366676	88.930161	80.938156	85.852287	87.11586	86.583755	87.488914	83.850647	83.775055	86.431793	87.416763	86.21524	79.726913
