384.1008	1312183.9	240521.3	1841654.4	1736312.3	2171756.3	384.95	391.9	1907415.3	1907413.3	1368430.4	1566260.3	1335060.3	387.283	386.162	386.182	2819997.3	386.161	387.278	1736428.3	2067451.4	386.180	754762.3	384.393	1841653.4	2726076.3	2731112.3	2817706.3	398.14	2291939.3	754523.3	2587071.3	2613770.3	384.94	698761.4	2806346.3	754522.3	1571470.3	1986026.4	398.4	1500301.3	1500304.3	908946.3	1418105.3	136098.3	1335060.80	386.177	2583231.6	29449.42	1736358.3	2731096.3	1138194.8	1764276.3	754521.3	2028343.3	887144.4	2603277.3	2182425.3	1120688.3	2815360.3	395491.3	1735675.3	754764.3	2937795.4	990285.3	1184720.7	1408223.5	1703971.3	2048897.3	2819999.3	2895568.3	1041147.3	1138190.4	2726075.3	1752526.3	451876.4	395492.8	1368417.4	1532558.3	348824.51	2795216.3	1736592.3	1736473.3	538025.6	984260.6	50338.5	1736380.3	379684.3	293958.16	2919917.3	1825933.3	2035449.3	1144306.3	1523429.3	1328306.3	484088.4	2849093.3	398.16	2813827.4	2613771.3	1138189.6	1736577.3	363754.4	1981173.3	384.431	1378077.3	2845820.10	1079460.3	386.178	1523420.3	2135650.3	1566263.3	384.1004	1223565.8	2364272.4	1841611.3	936136.8	29449.15	385.8
100.0	80.394211	79.280716	81.190804	78.037117	80.150955	93.24353	79.22477	79.084709	79.271683	79.428696	80.471146	79.182938	92.687408	88.94693	92.804306	79.739487	89.07489	94.450867	79.352219	79.297104	92.891914	89.112427	93.681061	80.625214	79.751968	87.410049	79.109344	0.0	78.882797	94.301933	80.88649	82.852692	93.33416	80.690277	79.08667	88.86322	79.482353	79.471855	80.614876	79.687485	80.722412	79.421326	81.718758	78.987167	0.0	93.851265	94.62233	81.995285	78.924973	89.305008	87.508202	81.056488	93.805786	80.391403	78.538994	79.323456	80.599564	79.791908	79.106926	94.115425	78.511093	88.998627	79.056602	80.808067	91.133453	87.68071	89.070709	80.812027	79.714752	79.62262	80.686157	87.47345	0.0	79.157425	78.060486	89.017883	77.761696	79.604103	81.203453	80.566788	81.172981	77.852982	81.443283	77.708176	82.167068	79.55117	79.5326	80.993683	79.352661	94.127792	88.162186	81.165466	79.370361	87.122116	79.901138	83.031174	80.557076	79.468597	81.179977	87.045006	78.99984	80.715668	86.986755	94.317123	79.159096	79.5298	81.948586	93.720276	78.950264	79.280075	78.725044	93.317581	87.742905	80.853905	78.770615	94.343201	87.476257	87.712608
80.394211	100.0	78.852234	79.550537	78.072449	79.130432	80.33371	78.560532	78.630051	78.711868	78.7491	82.755936	78.630829	80.224182	80.544724	80.301834	79.402275	80.462585	80.342468	78.636414	78.689262	80.248413	80.41655	80.378174	82.837868	78.961258	80.292313	78.600784	0.0	78.603165	80.431046	79.410156	80.410904	80.351204	82.947266	78.781631	80.592072	78.95874	78.79567	82.715675	78.902328	79.505371	78.79451	79.65448	78.513191	0.0	80.238297	80.338203	80.003433	78.245399	80.315392	80.293755	79.571381	80.434189	82.7108	78.190483	78.658028	79.689995	78.91481	78.667549	80.374077	78.273132	80.404121	78.735077	79.441666	80.419312	80.365707	80.60524	87.713684	79.384476	78.887444	87.328102	80.30722	0.0	78.516907	77.828949	80.508018	77.736908	78.903839	79.5588	82.694031	79.485947	77.624947	79.358521	77.519882	79.647415	78.915314	78.883957	84.786789	78.729996	80.301071	80.521362	84.90686	78.836411	80.431168	79.977867	80.057487	82.958389	78.83049	79.593445	80.042618	78.614838	83.098206	80.296249	80.361076	78.820839	78.847237	79.442017	80.483841	78.477791	78.62175	78.193321	80.286789	80.3386	83.443405	78.323433	80.478256	80.394203	80.541412
79.280716	78.852234	100.0	79.118637	78.377625	79.332397	79.20752	78.827873	79.65715	80.068619	80.14621	78.905685	79.24025	79.227859	79.25209	79.266335	78.567719	79.313217	79.194992	78.790115	80.140007	79.293434	79.227493	79.443268	79.079819	80.15802	79.162201	79.194283	0.0	79.028534	79.292053	78.844742	79.671692	79.144188	79.184418	80.19455	79.217773	92.114929	80.187088	79.140427	78.963913	78.901939	79.253502	78.648895	79.069763	0.0	79.157227	79.295975	79.453949	78.386093	79.153824	79.220352	78.826584	79.214729	79.074127	78.860184	80.032585	79.770462	79.381912	79.082657	79.295021	78.803833	79.271759	79.057175	78.938622	79.276321	79.187439	79.361526	79.148178	78.61467	79.013596	78.993942	79.282806	77.995506	78.879761	78.490097	79.338455	78.022308	79.120552	79.043381	78.973892	79.123001	78.557121	78.507339	77.890465	78.776169	79.142738	79.640427	79.142746	79.863319	79.146233	79.221931	79.299545	80.221283	79.117073	78.485474	79.304138	79.252869	87.004639	79.114014	78.994102	79.050591	79.101532	79.188263	79.384094	79.071075	80.279114	78.612366	79.252388	79.672226	78.614716	78.587616	79.362411	79.340134	79.057205	78.846527	79.245239	79.32753	79.296593
81.190804	79.550537	79.118637	100.0	78.449959	79.301559	80.943207	78.580765	78.929039	79.205299	79.217178	79.843849	78.851166	80.945839	81.214325	81.040604	79.159828	81.222183	81.016571	78.973862	79.286118	81.004181	81.049187	81.005142	79.904274	79.191292	80.874512	78.782806	0.0	78.633514	81.019821	82.642464	82.023964	81.115143	79.920776	79.101913	81.003784	79.363556	79.269371	79.938538	78.96196	82.505295	79.178421	80.648529	78.88118	0.0	80.967934	81.091393	83.597267	78.474632	81.012634	80.936676	82.414139	80.962601	79.888046	78.366646	78.946915	79.814865	78.880417	78.886703	81.065384	78.72963	81.145157	79.016541	82.661385	81.092392	81.068314	81.254761	79.845673	79.078888	79.070953	79.784882	80.971458	0.0	78.839882	78.142906	81.282288	78.087265	78.821465	82.327942	79.762604	83.605461	78.01709	80.571091	77.889587	80.828796	79.178986	79.038872	80.032204	79.084137	81.017044	81.206322	79.990891	79.288223	80.82814	79.426292	80.811523	79.803085	79.151642	84.077248	80.645149	78.737457	79.90316	80.783379	80.9505	79.012245	79.12088	80.881927	81.015518	78.889984	78.855362	78.5224	81.016457	81.118248	80.207825	78.694977	81.084427	81.032349	81.074928
78.037117	78.072449	78.377625	78.449959	100.0	78.304108	78.23082	78.338013	78.182755	78.471237	78.527	78.164108	77.936333	77.993607	78.296837	78.288635	78.081528	78.351334	78.271751	78.363564	78.602028	78.193741	78.358429	78.169441	78.452438	78.743713	78.084976	80.422058	0.0	80.296997	78.128326	78.1418	78.799759	78.064758	78.390854	78.566277	78.310791	78.50975	78.578094	78.170639	78.033165	78.083069	77.700325	77.820114	78.14415	0.0	78.137924	78.127274	78.651291	78.160202	78.23703	78.025139	78.081535	78.169205	78.125847	78.340073	78.398598	78.497177	78.343964	80.566521	78.290733	80.752441	78.25634	78.457932	77.959435	78.143738	78.234825	78.358704	78.108856	77.918274	78.339302	78.190109	78.187256	79.296242	80.479195	78.347603	78.291893	83.252129	78.054245	78.182968	78.305496	78.353394	78.266129	77.888763	82.874001	77.839775	78.275703	78.665764	78.192963	78.441238	78.197845	78.178101	78.468277	78.481438	78.106743	77.903938	78.386414	78.19516	78.362915	78.519478	77.888107	80.402496	78.217751	78.06752	78.12468	80.588097	78.574173	77.739532	78.22229	78.278412	77.986526	78.230156	78.001175	78.142685	78.25444	80.412071	78.21328	78.13546	78.203438
80.150955	79.130432	79.332397	79.301559	78.304108	100.0	79.932617	78.778076	79.266983	79.125443	79.281242	79.219193	80.130356	79.891556	80.019615	79.867294	78.836121	80.067215	80.048584	78.789902	79.398605	79.748184	79.945786	79.948013	79.114136	79.629791	79.887184	79.249573	0.0	78.946892	79.982285	79.073524	80.045158	79.88623	79.319366	79.414536	79.827194	79.594582	79.552658	79.339706	79.162224	78.983757	79.268066	79.069397	79.799461	0.0	79.835114	80.045319	79.76268	78.405411	79.741257	79.811584	78.976128	79.838478	79.209435	78.444397	79.363197	80.304016	81.384644	79.143486	79.768669	78.477081	79.874893	81.774353	79.092422	80.098007	79.912872	79.932701	79.365494	78.793274	78.973022	79.161453	79.914848	77.645615	79.1353	78.25856	80.030243	77.958313	83.192795	79.080994	79.333267	79.236969	78.212898	78.915955	77.785995	79.130661	79.27124	80.312294	79.356506	79.298416	79.802231	80.077927	79.495712	79.18544	79.774803	78.647438	79.823227	79.293137	79.573944	79.225708	79.718018	79.014404	79.375572	79.71434	79.939339	79.219177	79.194946	79.086624	79.881958	79.124939	78.960861	78.496986	79.980827	80.036118	79.354233	78.844948	80.012543	79.901047	80.02137
93.24353	80.33371	79.20752	80.943207	78.23082	79.932617	100.0	79.110405	79.008865	79.256676	79.214157	80.337517	79.09964	92.102417	88.721581	97.435394	79.580322	88.897926	92.271523	79.1362	79.239212	97.512276	88.986755	93.148941	80.45816	79.583824	87.133148	79.034157	0.0	78.727638	92.274841	80.831131	82.517578	94.464981	80.497787	79.175766	88.674057	79.491547	79.46846	80.463646	79.87619	80.673157	79.234177	81.522995	78.975533	0.0	93.361198	92.741684	81.728851	78.693542	89.277069	87.380486	80.95752	93.180595	80.351532	78.554306	79.191711	80.483574	79.520233	79.106293	92.678162	78.43924	88.730423	78.872803	80.695114	91.357849	87.506378	88.726341	80.759628	79.563248	79.762161	80.54023	87.270569	0.0	78.929077	78.149551	88.814522	77.775925	79.48558	81.172699	80.472076	80.775291	77.86058	81.364189	77.657837	81.981453	79.308517	79.523109	80.961845	79.117615	93.296692	88.05365	80.998383	79.424072	86.929062	79.931747	82.898224	80.431671	79.404877	80.830826	86.905289	78.837341	80.65152	86.795395	92.199493	78.969879	79.287971	81.802238	93.206627	78.937119	79.153564	78.672363	94.752747	87.581665	80.789459	78.739357	92.246094	87.391907	87.596619
79.22477	78.560532	78.827873	78.580765	78.338013	78.778076	79.110405	100.0	78.67128	78.702454	79.178101	78.755096	79.021233	79.131012	79.224602	79.003387	78.463013	79.348602	79.103699	79.564392	79.077011	79.154724	79.247498	79.067429	78.692719	79.470428	79.023376	78.598038	0.0	78.768166	79.085358	78.480148	79.381195	79.097244	78.714828	78.929825	79.206451	79.078735	78.979271	78.824265	79.933762	78.25676	79.366013	78.453247	78.615555	0.0	79.044243	79.044128	79.246803	85.241631	79.030396	78.964645	78.438797	79.0746	78.821297	78.451729	78.95063	79.344727	79.336922	78.965988	78.999092	78.15239	79.122391	78.54409	78.496384	79.099228	79.021965	79.313286	78.813461	78.700264	79.987015	78.603821	79.188126	0.0	78.489906	78.16777	79.197296	77.714066	78.671135	78.531685	78.73101	78.763733	78.01339	78.29361	77.655403	78.556763	79.865318	79.300476	78.941994	78.733383	79.070251	79.131279	78.919983	78.79393	78.921013	78.467056	78.820297	78.835426	78.938789	78.866402	78.77433	78.562325	78.640701	78.881088	79.089928	78.654869	79.199051	78.174164	78.994537	78.790733	92.671371	89.703827	79.024521	78.985451	78.969284	78.397842	79.03923	79.108887	79.161026
79.084709	78.630051	79.65715	78.929039	78.182755	79.266983	79.008865	78.67128	100.0	79.949173	80.12796	78.909027	79.106255	79.125839	79.184204	78.984268	78.319328	79.272034	79.207016	78.707619	80.176407	78.951904	79.184219	78.892807	78.992569	80.512703	79.021667	78.90921	0.0	78.822083	79.121216	78.457733	79.494675	79.110291	78.896225	80.049896	79.089058	79.862862	80.30925	78.950348	78.926407	78.630646	79.014671	78.546509	78.82254	0.0	78.955017	79.089104	79.242386	78.556808	78.831139	79.109085	78.608505	79.007507	78.823624	79.07608	79.986176	79.599854	78.927643	78.981133	79.083832	78.562927	79.087631	79.164391	78.518265	79.153625	79.129791	79.207619	78.966492	78.405388	78.959267	78.843483	79.092163	0.0	78.771515	78.324493	79.14093	77.886108	78.811462	78.669662	78.891541	78.880173	78.367325	78.345001	77.883026	78.588531	79.115166	79.765495	78.943634	79.930473	79.011696	79.123093	79.017502	80.130722	79.008087	78.447632	78.897369	78.866951	79.80954	78.789734	78.892731	78.658646	78.878601	79.010635	79.093735	78.948669	80.144135	78.483521	79.064346	79.706398	78.941025	78.602051	78.967209	78.999802	78.907333	78.645958	79.033966	79.26265	79.212738
79.271683	78.711868	80.068619	79.205299	78.471237	79.125443	79.256676	78.702454	79.949173	100.0	91.369171	79.017532	79.125153	79.294212	79.441254	79.204613	78.573364	79.426926	79.322617	78.924553	87.316254	79.249435	79.29245	79.283051	78.97403	80.258545	79.270439	79.039688	0.0	78.809372	79.236176	78.855026	79.754181	79.185715	79.010811	81.291267	79.218987	80.265137	83.940376	78.93222	78.944855	78.805862	78.989449	78.53537	79.060318	0.0	79.240295	79.417625	79.564011	78.614822	79.16687	79.171288	78.816681	79.294586	78.946152	79.037674	86.346069	79.525375	79.158218	78.90593	79.269577	78.894638	79.424271	79.186127	78.964142	79.336922	79.268997	79.383865	78.91449	78.514717	79.169914	78.891838	79.154678	78.055084	78.850136	78.400452	79.437088	78.04203	78.846466	78.824539	78.957825	79.041725	78.43837	78.363144	77.863831	78.675247	79.292809	80.1707	78.987701	85.041771	79.231247	79.092278	79.043335	93.165924	79.094963	78.487518	79.128021	78.990944	80.207504	79.096008	78.930252	78.888489	79.031555	78.97406	79.355164	78.94413	81.570251	78.614288	79.298203	82.552643	78.92173	78.623932	79.272301	79.133392	79.05616	78.762009	79.243752	79.283035	79.216843
79.428696	78.7491	80.14621	79.217178	78.527	79.281242	79.214157	79.178101	80.12796	91.369171	100.0	79.077698	79.415695	79.338982	79.318176	79.253967	78.812164	79.447586	79.429092	79.008926	86.732132	79.193558	79.330154	79.481339	79.195724	80.241379	79.335106	79.061806	0.0	79.211929	79.277184	78.918808	79.623077	79.37262	79.166191	81.311691	79.230965	80.435135	83.868248	79.136597	78.886002	79.081223	79.206696	78.877136	78.968369	0.0	79.315384	79.401001	79.873947	78.867157	79.182526	79.113892	78.974091	79.478989	79.06192	79.381668	85.986153	79.728165	79.510895	79.288162	79.379288	78.808983	79.388718	79.25148	78.931305	79.259453	79.386955	79.459251	79.05835	78.75354	79.101425	79.077309	79.197754	77.825638	79.034073	78.911316	79.53862	77.980087	78.943878	78.922325	79.154709	79.052338	78.690552	78.704346	77.994873	78.795258	79.249359	80.356659	78.961487	84.977638	79.326355	79.29335	79.083748	91.745842	79.36377	78.601135	79.103455	79.108757	80.656235	79.194382	79.031586	79.174896	79.081665	79.174789	79.307816	79.146553	81.830154	78.689438	79.436554	82.35215	79.155212	78.807419	79.311554	79.300781	79.17382	78.803848	79.341255	79.370209	79.453331
80.471146	82.755936	78.905685	79.843849	78.164108	79.219193	80.337517	78.755096	78.909027	79.017532	79.077698	100.0	78.798676	80.331604	80.556854	80.483978	79.393661	80.66761	80.477798	78.861069	79.047806	80.450317	80.392525	80.449837	84.732246	79.216393	80.407318	78.851883	0.0	78.73114	80.484169	79.42157	80.684357	80.405579	94.789825	78.911484	80.454666	79.175514	78.965668	87.222443	78.910782	79.531609	78.973434	79.532333	78.768105	0.0	80.34462	80.51413	80.183914	78.456505	80.279686	80.35096	79.690674	80.463959	90.289047	78.396149	78.91507	79.948654	79.010117	78.892723	80.376167	78.498627	80.613022	78.880264	79.586655	80.519379	80.593002	80.649841	83.127396	79.270981	79.050247	82.838348	80.45961	0.0	78.901283	77.981155	80.657074	77.914642	78.756012	79.629181	89.80191	79.797531	77.96933	79.482246	77.74559	79.550415	79.120995	79.004211	82.97168	79.023605	80.378952	80.590729	83.2836	78.986008	80.439972	79.86554	80.489037	88.066742	78.907234	79.660873	80.045303	78.638123	85.864868	80.218742	80.441162	79.018639	78.981819	79.48996	80.40593	78.811874	78.794586	78.422485	80.52037	80.545624	87.18515	78.614227	80.302948	80.462082	80.559494
79.182938	78.630829	79.24025	78.851166	77.936333	80.130356	79.09964	79.021233	79.106255	79.125153	79.415695	78.798676	100.0	79.142883	79.39856	79.24865	78.519852	79.502457	79.27272	78.447083	79.478012	79.217575	79.176842	79.217789	78.801208	79.210808	79.231186	78.743843	0.0	78.548904	79.035797	78.823547	79.34491	79.33873	79.075523	79.019608	79.190475	79.332748	79.088425	78.726883	78.760132	78.852608	79.333923	78.894653	83.486526	0.0	79.075836	79.125549	79.452354	78.712471	79.07048	79.104431	78.693924	79.186699	78.8461	78.242867	79.217529	79.754997	80.365685	79.073776	79.221779	78.383179	79.309563	80.046738	78.669952	79.35804	79.267166	79.467545	78.887894	78.332779	78.575066	78.696243	79.253372	0.0	78.444046	78.874878	79.301567	77.756866	79.954666	78.836746	78.858978	78.867355	78.326851	78.83429	77.696701	78.973465	78.907089	80.141342	78.71727	79.083084	79.079025	79.39856	78.890198	79.22084	79.084549	78.328522	79.043396	79.058716	79.897186	78.875183	79.08075	79.355469	78.912956	79.23233	79.183838	78.780289	79.25042	78.74678	79.178307	78.846832	78.837234	78.472511	79.205238	79.162399	78.926254	78.550873	79.216286	79.187561	79.268143
92.687408	80.224182	79.227859	80.945839	77.993607	79.891556	92.102417	79.131012	79.125839	79.294212	79.338982	80.331604	79.142883	100.0	88.52594	92.193802	79.617645	88.687485	92.482475	78.966263	79.277031	92.234444	88.723244	93.93322	80.316147	79.504097	87.222862	79.105232	0.0	78.780106	92.402252	80.694115	82.547844	92.621582	80.495575	79.233185	88.452271	79.345581	79.349739	80.465958	79.5448	80.611572	79.354706	81.640717	78.874115	0.0	92.522095	92.379936	81.766792	78.698158	89.089233	87.251053	80.893753	93.907661	80.281921	78.604767	79.253021	80.378021	79.650024	78.983582	92.405792	78.420654	88.68795	78.995789	80.635498	90.636887	87.413956	88.575516	80.581833	79.691544	79.377029	80.406555	87.300842	0.0	78.957321	78.137291	88.71048	77.858864	79.444565	81.109253	80.301872	80.856018	77.929779	81.181274	77.522018	81.688477	79.274071	79.450958	80.710808	79.083588	92.134872	87.83812	80.895088	79.297104	86.928299	79.885193	82.867874	80.290031	79.380432	80.909889	86.565712	78.824097	80.560379	86.755478	92.527046	78.980835	79.310135	81.638962	93.789764	78.78421	79.18959	78.68512	92.648865	87.441246	80.645554	78.747002	92.783035	87.300201	87.45108
88.94693	80.544724	79.25209	81.214325	78.296837	80.019615	88.721581	79.224602	79.184204	79.441254	79.318176	80.556854	79.39856	88.52594	100.0	88.819061	79.885925	96.002281	88.855614	79.382523	79.427734	88.728127	90.421875	88.906143	80.64695	79.914398	87.625885	79.207947	0.0	78.915375	88.815201	80.892029	82.820847	88.900391	80.804337	79.434158	90.321396	79.370087	79.671677	80.784332	79.742378	80.760979	79.531708	81.901108	78.944931	0.0	88.851562	88.810989	82.167221	78.949326	90.323563	87.525848	80.997421	88.932121	80.510208	78.719437	79.501144	80.787689	79.810295	79.234894	88.850616	78.553787	91.739182	79.212181	80.939407	89.07019	89.490219	96.004593	81.124748	79.735916	79.506165	81.156723	88.354416	77.663857	79.176849	77.925941	91.686401	77.931549	79.503998	81.131821	80.690292	81.14949	77.743164	82.168106	77.635887	81.60939	79.794525	79.628571	80.929565	79.291252	88.850929	89.358109	81.106094	79.408981	87.766052	80.037125	83.053589	80.76458	79.751984	81.030167	87.015198	79.185066	81.24614	87.131256	88.81295	79.32576	79.518097	81.511017	88.873222	79.034271	79.325752	78.767563	88.841614	87.966095	81.539536	78.928574	88.842644	88.325089	89.158722
92.804306	80.301834	79.266335	81.040604	78.288635	79.867294	97.435394	79.003387	78.984268	79.204613	79.253967	80.483978	79.24865	92.193802	88.819061	100.0	79.739807	88.972694	92.300385	79.139496	79.255646	98.165894	88.938835	93.234116	80.501122	79.615501	87.169006	78.985245	0.0	78.701538	92.366547	80.852753	82.602936	94.387054	80.503281	79.222687	88.758133	79.424469	79.43174	80.460907	79.775589	80.661934	79.250931	81.534309	79.026344	0.0	93.717026	92.822128	81.792572	78.792542	89.247383	87.405785	81.065628	93.193161	80.357254	78.483398	79.167992	80.474426	79.638748	79.100014	92.750641	78.364502	88.789108	78.939072	80.744415	91.438751	87.543846	88.8508	80.779434	79.751373	79.660782	80.603897	87.260399	77.65847	78.942123	78.120224	88.87915	77.779572	79.49588	81.191147	80.445114	80.97744	77.866837	81.324448	77.577332	82.053497	79.342804	79.558823	80.981934	79.076828	93.686859	88.044624	81.046021	79.3526	87.004875	79.992081	83.016487	80.406509	79.519669	80.94545	86.865036	78.890228	80.699707	86.823372	92.26223	79.035645	79.275497	81.782646	93.19413	78.820511	79.096924	78.5867	94.883896	87.762619	80.802216	78.708473	92.322601	87.362198	87.599686
79.739487	79.402275	78.567719	79.159828	78.081528	78.836121	79.580322	78.463013	78.319328	78.573364	78.812164	79.393661	78.519852	79.617645	79.885925	79.739807	100.0	79.88517	79.654892	78.624588	78.782898	79.664459	79.614983	79.739288	79.531296	79.455673	79.576126	78.402069	0.0	78.286652	79.669159	78.897621	80.056679	79.733246	79.44091	78.828773	79.697723	78.629326	78.983154	79.507484	78.815063	78.972984	78.534439	78.756149	78.338776	0.0	79.759094	79.662537	79.699738	78.307266	79.726028	79.504845	78.838196	79.690704	79.419876	78.059258	78.894058	79.4552	78.539665	78.479095	79.5989	78.137146	79.796593	78.428543	78.947304	79.820503	79.692703	79.804649	79.727783	96.909637	78.829559	79.507187	79.580765	0.0	78.183029	77.728226	79.861893	77.92614	78.486313	79.021774	79.407379	79.206543	77.655037	78.793152	77.669617	78.994766	78.987411	78.792336	79.945877	78.738861	79.608498	79.693939	79.977036	78.644943	79.521103	80.117142	79.234818	79.405418	78.600647	79.318619	79.315048	78.14904	79.672531	79.352768	79.694603	78.217667	78.929871	78.752907	79.703751	78.54483	78.605423	78.654037	79.66481	79.711082	79.579102	78.408371	79.727875	79.55394	79.648071
89.07489	80.462585	79.313217	81.222183	78.351334	80.067215	88.897926	79.348602	79.272034	79.426926	79.447586	80.66761	79.502457	88.687485	96.002281	88.972694	79.88517	100.0	88.995888	79.409241	79.477844	88.839066	90.630058	88.918015	80.711136	79.978363	87.715302	79.297791	0.0	78.874756	88.897835	80.989243	82.871613	89.089745	81.073235	79.4086	90.438919	79.488853	79.708603	80.897934	79.805588	80.760841	79.561859	82.029251	78.938057	0.0	88.948685	89.023727	82.13739	79.045624	90.467056	87.608734	81.115112	89.03038	80.575699	78.740219	79.391647	80.848221	79.899139	79.241837	88.948463	78.527863	91.740097	79.433487	80.967148	89.16925	89.441238	96.699814	81.071182	79.74337	79.782623	81.23584	88.368973	77.533401	79.230263	77.884689	91.858246	77.91095	79.628098	81.205261	80.697311	81.090256	77.741257	82.130173	77.676971	81.720535	79.716049	79.60788	81.048248	79.379982	88.945724	89.342728	81.23716	79.421478	87.913467	80.106842	83.223511	80.848572	79.820312	81.129532	87.081879	78.996918	81.360275	87.338165	88.910202	79.373978	79.616455	81.707283	88.975937	79.154068	79.469955	78.890343	89.038147	88.069946	81.460815	78.857544	88.996124	88.354477	89.107407
94.450867	80.342468	79.194992	81.016571	78.271751	80.048584	92.271523	79.103699	79.207016	79.322617	79.429092	80.477798	79.27272	92.482475	88.855614	92.300385	79.654892	88.995888	100.0	79.233307	79.252274	92.320976	88.922401	92.971184	80.453445	79.654022	87.448036	79.241127	0.0	78.887932	94.87928	80.810547	82.75444	92.911377	80.604172	79.335526	88.703369	79.514984	79.472351	80.541702	79.726166	80.679138	79.328018	81.835693	79.008286	0.0	93.352615	94.248383	81.813232	78.869347	89.327339	87.558151	80.88327	93.010712	80.462173	78.644119	79.295563	80.512589	79.679428	79.072372	93.485062	78.516022	88.875153	78.940132	80.798851	90.84874	87.622231	88.949455	80.892586	79.752625	79.641602	80.559738	87.486938	0.0	79.092079	78.121689	88.936378	77.816818	79.588058	81.16333	80.558945	80.923676	77.908661	81.461136	77.559723	81.833984	79.636398	79.493546	80.840378	79.256912	93.846771	88.085197	81.076569	79.423508	87.094818	79.952011	83.07251	80.558159	79.43499	81.014488	87.021561	78.921692	80.851028	86.950256	95.61113	79.164856	79.405991	81.846046	92.95887	78.960007	79.248383	78.936356	92.85144	87.671478	80.766556	78.906677	95.02018	87.44178	87.795364
79.352219	78.636414	78.790115	78.973862	78.363564	78.789902	79.1362	79.564392	78.707619	78.924553	79.008926	78.861069	78.447083	78.966263	79.382523	79.139496	78.624588	79.409241	79.233307	100.0	79.116669	79.340073	79.322632	79.237747	78.976257	79.391464	79.312973	78.722733	0.0	78.471458	79.18586	78.644394	79.481369	79.171654	79.031784	79.248428	79.252525	78.896561	79.250259	78.9133	82.959274	78.638649	79.178802	78.529045	78.297424	0.0	79.232986	79.132202	79.360847	79.414764	79.352051	79.126022	78.590988	79.033058	78.852112	78.449615	79.015198	79.56601	78.744553	78.630928	79.216034	78.402168	79.425865	78.380768	78.584137	79.247581	79.149071	79.321121	78.716858	78.599411	87.047417	78.843674	79.31337	77.726494	78.63118	77.936111	79.48381	77.926682	78.367989	79.021072	78.828522	78.881805	77.629623	78.530838	77.893349	78.594711	83.059631	78.719566	79.057098	78.991776	79.234283	79.24749	78.994492	79.010155	78.996246	78.438843	78.889847	79.057655	78.687553	78.73069	78.885704	78.735497	78.878098	78.844475	79.056686	78.796623	79.238541	78.520645	78.987495	78.854965	79.798172	79.292534	79.211876	79.115341	78.89389	78.577538	79.357681	79.031319	79.056778
79.297104	78.689262	80.140007	79.286118	78.602028	79.398605	79.239212	79.077011	80.176407	87.316254	86.732132	79.047806	79.478012	79.277031	79.427734	79.255646	78.782898	79.477844	79.252274	79.116669	100.0	79.179749	79.231079	79.333488	78.96447	80.272514	79.268265	79.105392	0.0	79.091766	79.188263	79.031265	79.851639	79.176605	79.252151	81.499352	79.267105	80.374756	84.411743	79.16275	79.158806	79.079041	79.25853	78.671478	78.890533	0.0	79.149635	79.263306	79.833008	78.623199	79.150452	79.302658	78.84996	79.319733	78.986031	79.053085	87.271408	79.703407	79.236938	79.112808	79.265884	78.747498	79.330269	79.268967	79.045189	79.358818	79.334885	79.435905	79.00061	78.679367	79.30172	79.022141	79.250748	77.71479	79.059151	79.063644	79.406181	78.202057	78.994965	78.845261	79.033913	79.149467	78.711334	78.57959	78.029434	78.784882	79.303452	80.714798	78.979355	85.994492	79.301216	79.299728	79.222572	87.206772	79.118637	78.620438	79.106689	79.051514	80.618378	79.382324	79.004227	79.00148	79.26297	79.075119	79.199402	79.124992	82.069122	78.861404	79.363663	82.878761	79.187469	78.861877	79.210068	79.328888	79.169083	78.849022	79.255135	79.272514	79.343292
92.891914	80.248413	79.293434	81.004181	78.193741	79.748184	97.512276	79.154724	78.951904	79.249435	79.193558	80.450317	79.217575	92.234444	88.728127	98.165894	79.664459	88.839066	92.320976	79.340073	79.179749	100.0	88.957977	93.267204	80.519539	79.596939	87.210579	78.959641	0.0	78.766113	92.322395	80.780518	82.604553	94.407227	80.532745	79.110596	88.741455	79.422989	79.432518	80.454124	79.797119	80.633743	79.261353	81.66465	79.071259	0.0	93.538612	92.809174	81.773041	78.732605	89.438339	87.431984	80.985237	93.299957	80.288589	78.500107	79.324303	80.467453	79.636398	79.049423	92.849434	78.455048	88.756523	78.977417	80.710678	91.398834	87.453835	88.803162	80.703949	79.734367	79.85701	80.616516	87.303085	0.0	78.890633	78.049179	88.860428	77.747437	79.433746	81.451935	80.381134	80.987694	77.864426	81.363945	77.727623	81.907303	79.403824	79.533264	80.846878	78.990433	93.489449	87.993225	80.968079	79.351852	86.971527	80.003098	82.986115	80.353561	79.451324	80.842674	86.911743	78.912743	80.767479	86.781784	92.171638	78.986565	79.27626	81.80719	93.297119	78.931885	79.206833	78.627151	94.884094	87.701599	80.644257	78.737381	92.293167	87.402634	87.554626
89.112427	80.41655	79.227493	81.049187	78.358429	79.945786	88.986755	79.247498	79.184219	79.29245	79.330154	80.392525	79.176842	88.723244	90.421875	88.938835	79.614983	90.630058	88.922401	79.322632	79.231079	88.957977	100.0	89.070686	80.633202	79.69899	87.705399	79.174438	0.0	78.877594	89.017349	80.992241	82.835823	89.173294	80.633125	79.42804	92.351013	79.495117	79.475204	80.673157	79.805244	80.667404	79.302338	81.269814	78.828293	0.0	89.121048	89.090858	81.865685	78.880707	90.0476	87.609192	80.940521	89.099365	80.471092	78.714111	79.26825	80.613342	79.69899	79.145416	88.900146	78.64534	90.994186	79.269424	80.942368	89.099754	88.180496	90.543076	80.828781	79.681793	79.717819	80.72702	87.759453	0.0	79.040764	77.905197	91.117531	77.939758	79.484329	81.047607	80.456772	81.024483	77.826302	81.201538	77.632271	81.580139	79.532768	79.436844	80.845863	79.119171	89.032524	88.427444	81.079987	79.409996	87.506973	79.737274	83.093384	80.524063	79.499832	81.062355	86.954498	78.964951	80.760056	87.312225	88.866089	79.201843	79.290596	81.618546	89.08725	78.894547	79.263054	78.704178	89.058868	87.716629	80.870117	78.880997	88.963928	87.909348	88.192932
93.681061	80.378174	79.443268	81.005142	78.169441	79.948013	93.148941	79.067429	78.892807	79.283051	79.481339	80.449837	79.217789	93.93322	88.906143	93.234116	79.739288	88.918015	92.971184	79.237747	79.333488	93.267204	89.070686	100.0	80.505684	79.742966	87.328705	79.060974	0.0	78.648956	92.849167	80.800758	82.659248	93.941574	80.601196	79.41066	88.879593	79.583138	79.658096	80.569962	79.68132	80.672699	79.317749	81.659225	79.040939	0.0	93.598412	93.534042	81.767319	78.768074	89.495712	87.707794	81.041336	97.894653	80.458939	78.595116	79.347755	80.584435	79.747139	78.975998	93.446617	78.617569	88.938393	79.016678	80.780495	91.213745	87.610336	88.89077	80.682655	79.667526	79.540504	80.694321	87.467178	0.0	79.083099	78.055893	88.97052	77.856995	79.585495	81.419861	80.521667	80.845825	77.838326	81.361328	77.591583	82.188751	79.492065	79.598755	80.894447	79.282295	93.057449	88.021881	81.010971	79.224731	87.09549	80.05394	83.058067	80.541901	79.586876	81.106033	86.854446	78.974426	80.739975	86.895355	92.877716	79.061996	79.385048	81.780273	98.00415	79.13681	79.105682	78.751419	93.963135	87.753242	80.784889	78.835129	93.057121	87.410851	87.637802
80.625214	82.837868	79.079819	79.904274	78.452438	79.114136	80.45816	78.692719	78.992569	78.97403	79.195724	84.732246	78.801208	80.316147	80.64695	80.501122	79.531296	80.711136	80.453445	78.976257	78.96447	80.519539	80.633202	80.505684	100.0	79.305222	80.559959	79.075127	0.0	78.791885	80.554199	79.656982	80.790421	80.410744	84.947067	79.062531	80.613945	79.153732	79.121033	85.279297	78.949356	79.523773	78.838142	79.570923	78.71447	0.0	80.489113	80.638641	80.291885	78.471878	80.461212	80.429932	79.725342	80.406998	84.763649	78.47998	79.151588	79.925674	79.152863	78.884636	80.496307	78.642395	80.65345	78.830048	79.50885	80.549286	80.453789	80.686684	83.290627	79.520538	79.071426	83.040527	80.566437	0.0	78.908539	77.999878	80.758881	77.953972	78.812851	79.730652	84.809387	79.82016	77.971893	79.509903	77.720978	79.618019	79.201912	79.152184	83.687271	78.964554	80.43486	80.592758	83.926376	79.116089	80.408394	79.94519	80.38739	85.019043	79.016129	79.85112	80.200989	78.769531	85.664734	80.340797	80.500267	78.861816	79.052414	79.620132	80.479881	78.913803	78.795891	78.596504	80.510529	80.514099	85.654129	78.667709	80.573334	80.456917	80.581902
79.751968	78.961258	80.15802	79.191292	78.743713	79.629791	79.583824	79.470428	80.512703	80.258545	80.241379	79.216393	79.210808	79.504097	79.914398	79.615501	79.455673	79.978363	79.654022	79.391464	80.272514	79.596939	79.69899	79.742966	79.305222	100.0	79.679001	79.161011	0.0	79.125519	79.722214	78.850731	79.813988	79.670395	79.134888	80.832108	79.763657	80.597748	80.656021	79.278412	79.459366	78.762978	79.227829	78.705963	78.907059	0.0	79.66703	79.686165	79.66777	78.773254	79.703613	79.495491	78.644653	79.725487	79.297241	79.816193	80.522583	80.29435	79.686615	79.285248	79.684692	78.687546	79.900543	79.085052	78.813591	79.749008	79.827499	79.854782	79.271866	79.288345	79.648544	79.111069	79.52829	77.701241	79.133095	78.292511	79.914413	78.284653	79.289635	78.848862	79.210464	79.039337	78.435638	78.566666	78.27478	78.96685	79.59491	79.974533	79.438377	79.981857	79.673798	79.879478	79.572418	80.298363	79.558357	78.777924	79.26825	79.298111	80.480858	79.167175	79.330605	79.176147	79.187347	79.397202	79.634796	79.244476	81.483826	78.75634	79.747345	79.978592	79.368881	79.02887	79.630875	79.486565	79.337029	79.089386	79.621414	79.770981	79.844254
87.410049	80.292313	79.162201	80.874512	78.084976	79.887184	87.133148	79.023376	79.021667	79.270439	79.335106	80.407318	79.231186	87.222862	87.625885	87.169006	79.576126	87.715302	87.448036	79.312973	79.268265	87.210579	87.705399	87.328705	80.559959	79.679001	100.0	79.099579	0.0	78.755585	87.298637	80.775734	82.406509	87.467316	80.537682	79.199936	87.777618	79.396706	79.341171	80.440521	79.522308	80.617577	79.403427	81.360512	78.873566	0.0	87.294418	87.489014	81.698303	78.758591	87.302811	89.630188	80.928185	87.295639	80.319313	78.501923	79.192093	80.303436	79.667694	78.961929	87.096649	78.487373	87.575378	79.045601	80.771172	87.482788	88.220047	87.622238	80.671219	79.529648	79.505516	80.592384	89.039963	0.0	78.942596	77.91893	87.705009	77.635109	79.382019	80.8218	80.339752	80.992752	77.767471	81.148758	77.693459	81.463455	79.401054	79.422302	80.554688	79.078598	87.26152	88.483368	80.855309	79.143021	91.464813	79.64415	82.978767	80.53334	79.429474	80.843964	90.064926	79.003113	80.782715	92.373825	87.315338	79.177902	79.227386	81.433067	87.273109	78.754242	79.079475	78.594711	87.398071	87.432022	80.723541	78.66629	87.514961	92.880264	88.165543
79.109344	78.600784	79.194283	78.782806	80.422058	79.249573	79.034157	78.598038	78.90921	79.039688	79.061806	78.851883	78.743843	79.105232	79.207947	78.985245	78.402069	79.297791	79.241127	78.722733	79.105392	78.959641	79.174438	79.060974	79.075127	79.161011	79.099579	100.0	0.0	88.453995	79.190262	78.507141	79.446518	79.005325	78.996811	79.287766	79.122307	79.245399	79.307312	78.915237	78.680756	78.675995	78.677513	78.566444	78.552582	0.0	79.022919	79.167496	79.231415	78.200806	79.040207	78.880493	78.634193	78.981415	78.878189	78.665894	78.926247	79.472137	79.326782	89.099045	79.099976	80.615265	79.302673	78.830643	78.34938	79.210922	79.127884	79.29882	78.939575	78.41861	78.789116	78.778198	79.195679	79.251503	90.703865	78.330727	79.298569	79.690063	78.928177	78.496857	79.07811	78.71814	78.378098	78.323814	79.891579	78.617371	78.867905	79.58313	79.029869	78.888947	79.145844	79.353607	79.059273	79.028381	79.082748	78.30014	79.17572	79.045631	79.290451	78.757202	78.870232	89.114044	79.009407	79.078644	79.299652	89.717918	79.272331	78.491905	79.093422	78.723984	78.583008	78.357079	79.016037	79.083923	79.034866	88.001305	79.111649	79.144531	79.151398
0.0	0.0	0.0	0.0	0.0	0.0	0.0	0.0	0.0	0.0	0.0	0.0	0.0	0.0	0.0	0.0	0.0	0.0	0.0	0.0	0.0	0.0	0.0	0.0	0.0	0.0	0.0	0.0	100.0	0.0	0.0	0.0	0.0	0.0	0.0	0.0	0.0	0.0	0.0	0.0	0.0	0.0	0.0	0.0	0.0	0.0	0.0	0.0	0.0	0.0	0.0	0.0	0.0	0.0	0.0	0.0	0.0	0.0	0.0	0.0	0.0	0.0	0.0	0.0	0.0	0.0	0.0	0.0	0.0	0.0	0.0	0.0	0.0	0.0	0.0	0.0	0.0	0.0	0.0	0.0	0.0	0.0	0.0	0.0	0.0	0.0	0.0	0.0	0.0	0.0	0.0	0.0	0.0	0.0	0.0	0.0	0.0	0.0	0.0	0.0	0.0	0.0	0.0	0.0	0.0	0.0	0.0	0.0	0.0	0.0	0.0	0.0	0.0	0.0	0.0	0.0	0.0	0.0	0.0
78.882797	78.603165	79.028534	78.633514	80.296997	78.946892	78.727638	78.768166	78.822083	78.809372	79.211929	78.73114	78.548904	78.780106	78.915375	78.701538	78.286652	78.874756	78.887932	78.471458	79.091766	78.766113	78.877594	78.648956	78.791885	79.125519	78.755585	88.453995	0.0	100.0	78.875542	78.377548	79.305191	78.809006	78.851486	79.03672	78.851624	79.241348	78.909271	78.723618	78.373932	78.371361	78.796783	78.274109	78.535873	0.0	78.790085	78.895004	79.059372	78.127541	78.840385	78.764557	78.454254	78.730164	78.75856	78.367981	78.813866	79.398933	79.001259	87.198669	78.814331	80.240753	78.903351	78.73848	78.205414	78.89415	78.73674	78.908798	78.676285	78.149155	78.418922	78.673691	78.773109	79.151779	88.304382	78.2855	78.877335	79.685806	78.572983	78.462166	78.876343	78.478333	78.468971	78.373001	79.552155	78.252869	78.595078	79.314514	78.825371	78.792328	78.826126	78.864365	78.914848	78.989235	78.693008	78.012512	78.777786	78.86618	78.906372	78.743713	78.49379	87.164612	78.740639	78.582703	78.792061	88.014191	79.177208	78.219383	78.704773	78.558723	78.441757	78.145576	78.843666	78.771133	78.688728	85.902832	78.786285	78.844467	78.828293
94.301933	80.431046	79.292053	81.019821	78.128326	79.982285	92.274841	79.085358	79.121216	79.236176	79.277184	80.484169	79.035797	92.402252	88.815201	92.366547	79.669159	88.897835	94.87928	79.18586	79.188263	92.322395	89.017349	92.849167	80.554199	79.722214	87.298637	79.190262	0.0	78.875542	100.0	80.83847	82.656815	92.750656	80.528336	79.172379	88.732025	79.383148	79.53019	80.541092	79.787468	80.628067	79.316605	81.750671	78.96254	0.0	93.181244	93.988548	81.846115	78.831665	89.18972	87.478516	80.856827	92.917328	80.381393	78.588043	79.28447	80.55761	79.761055	79.001419	93.394402	78.383492	88.780487	79.021729	80.738625	90.809235	87.614334	88.893745	80.734703	79.644653	79.543503	80.596436	87.359177	0.0	78.986008	77.979012	88.87706	77.660645	79.575676	81.072311	80.510849	80.901405	77.811264	81.516273	77.625191	81.99453	79.475357	79.517914	80.868896	79.210938	93.57489	88.077408	81.08429	79.365944	87.120636	79.855133	82.976791	80.474228	79.389877	80.943832	87.018295	78.836525	80.705154	86.980087	95.118164	78.976234	79.507782	81.810165	92.779541	78.941429	79.167114	78.715454	92.7061	87.69635	80.742874	78.77037	94.739731	87.440842	87.624054
80.88649	79.410156	78.844742	82.642464	78.1418	79.073524	80.831131	78.480148	78.457733	78.855026	78.918808	79.42157	78.823547	80.694115	80.892029	80.852753	78.897621	80.989243	80.810547	78.644394	79.031265	80.780518	80.992241	80.800758	79.656982	78.850731	80.775734	78.507141	0.0	78.377548	80.83847	100.0	81.558212	80.911156	79.60508	78.836853	80.857079	78.874405	78.882095	79.716019	79.165092	85.634796	78.866241	80.80648	78.79425	0.0	80.88446	80.995918	82.126358	78.442322	80.861679	80.796173	86.554504	80.862747	79.482056	78.1203	78.830009	79.381187	78.88504	78.584106	80.830643	78.531433	81.00985	79.128197	92.829376	80.899094	80.912537	80.962433	79.674667	78.820602	78.865898	79.660538	80.806488	0.0	78.491455	78.036072	80.987442	77.988937	78.58989	85.604675	79.597389	84.029846	77.700172	80.529877	77.701248	80.769791	79.038864	78.940399	79.633865	78.874367	80.925903	80.910576	79.7995	79.050156	80.73027	79.071136	80.623871	79.637543	78.843033	84.227448	80.561249	78.43428	79.689438	80.618469	80.796593	78.653587	78.977982	80.622253	80.791946	78.500076	78.539925	78.616211	80.846718	81.043518	79.84314	78.463974	80.817139	80.864502	80.901962
82.852692	80.410904	79.671692	82.023964	78.799759	80.045158	82.517578	79.381195	79.494675	79.754181	79.623077	80.684357	79.34491	82.547844	82.820847	82.602936	80.056679	82.871613	82.75444	79.481369	79.851639	82.604553	82.835823	82.659248	80.790421	79.813988	82.406509	79.446518	0.0	79.305191	82.656815	81.558212	100.0	82.739868	80.877426	79.744583	82.697418	79.880074	79.908737	80.975098	79.63205	81.501869	79.541161	82.434158	79.361328	0.0	82.649719	82.689911	83.123505	78.95813	82.577293	82.533112	81.553146	82.67514	80.848953	78.740623	79.763138	80.698181	79.799484	79.378784	82.674896	78.886475	82.793991	79.617683	81.549011	82.841148	82.808853	82.917709	80.80954	79.945595	79.730942	80.703018	82.490372	77.984253	79.325821	78.31646	82.902527	78.248856	79.462807	81.58374	80.809174	81.973167	78.363983	82.086929	78.092461	82.648094	79.900597	80.01445	81.030762	79.600464	82.717743	82.760391	81.242302	79.789993	82.455261	80.177834	82.590561	80.913483	79.59169	82.005142	81.989929	79.310585	81.037079	82.341614	82.597092	79.463501	79.733185	82.6073	82.732147	79.223755	79.567413	79.020721	82.638229	82.669281	81.024826	79.015976	82.821976	82.569458	82.669579
93.33416	80.351204	79.144188	81.115143	78.064758	79.88623	94.464981	79.097244	79.110291	79.185715	79.37262	80.405579	79.33873	92.621582	88.900391	94.387054	79.733246	89.089745	92.911377	79.171654	79.176605	94.407227	89.173294	93.941574	80.410744	79.670395	87.467316	79.005325	0.0	78.809006	92.750656	80.911156	82.739868	100.0	80.425751	79.196716	88.881577	79.323761	79.453857	80.431656	79.640488	80.712639	79.28833	81.602753	78.91449	0.0	94.178543	93.357895	81.892159	78.769455	89.814285	87.784782	80.992523	93.987221	80.254761	78.539398	79.421219	80.557693	79.783386	79.03064	93.478714	78.323219	89.063248	79.132652	80.72049	91.50769	87.659279	89.031433	80.74292	79.757599	79.733383	80.653214	87.641373	0.0	79.106834	77.998215	89.081268	77.701187	79.50676	81.21814	80.467697	80.881775	77.825607	81.269661	77.651207	81.919083	79.50824	79.50589	80.950325	79.13623	93.585129	88.195236	81.070404	79.345268	86.983856	80.041687	83.095345	80.518921	79.541206	80.925827	86.89801	79.020752	80.662498	86.902565	92.68454	79.061516	79.437813	81.810226	93.938675	79.002556	79.18129	78.635056	95.489532	87.82991	80.700089	78.881531	92.78389	87.458145	87.725418
