48665.5	1855352.4	2203210.3	2710756.3	1888.64	2175864.3	2878388.11	285558.3	2782004.3	2768066.3	1849967.7	73044.12	73044.9	1355015.12	2751189.3	33900.7	2582831.3	2692233.3	1442032.3	2721173.3	2726118.3	264445.3	80860.3	2825844.3	1577075.3	164348.7	2686304.3	68214.14	1214242.5	146923.5	278992.5	2109593.3	47716.12	2083284.3	457428.16	2662065.3	2305221.3	67345.6	1932.7	1887.6	59299.27	68232.4	2203204.3	665577.7	285570.6	68203.15	1783515.3	2838015.3	2072505.3	116188.4	1079985.11	45398.9	2809700.4	114686.5	33899.19	1890.28	2135430.3	1882757.3	249586.4	2184053.3	2730915.3	42881.4	1437453.6	1885.4	1907.4	2714844.4	1725411.3	646637.3	67304.8	2781734.3	2306165.3	1915.4	2495589.3	1214101.3	68232.3	1827580.3	2496836.3	1413221.3	2768067.3	2695266.3	2801030.3	2801029.3	1054862.11	2609808.3	2653200.3	2865673.3	424188.3	40318.3	47760.6	2797636.3	2594454.3	2721246.3	2721244.3	2662397.3	2049881.3	227882.62	2506427.3	2801033.3	2772432.3	67263.32	1935.7	2840373.3	1664033.3	2005885.3	67294.6	2855836.3	1892.7	455632.4	132474.56	1306175.6	2692234.3	68570.5	1971.5	2866715.3	553510.3	1403539.3	1265399.3	1546107.4	2721245.3	2293571.4	1160718.9	285578.12	1912.57	1920.4	47763.39	234612.4	2607753.3	1648182.5	1812480.3	2801031.3	1972846.3	66374.6	54571.43	2099583.3	2305220.3	58340.34	1522758.3	36818.16	54571.44	68209.3	319947.4	54571.45	54571.47	54571.46	1967.6	1616117.3	1906.17	2203205.3	132473.7	1854574.8	2838850.3	2768069.3	2136401.3	68270.5	66871.3	67267.5	39478.4	2684468.3	1905.9	67294.3	54571.11	54571.48	67260.4	54571.49	67367.6	362257.4	1169025.9	2420135.5	862751.12	28894.3	202862.4	1893.7	67296.3	193462.5	2705439.3	2717324.3	1333528.4	2282738.3	2585716.3	2898276.3	436397.4	1690221.3	2174846.3	2768068.3	2676871.3	38300.4	1950.16	316280.3	1077946.3	1977088.4	1616117.8	1535768.3	35621.24	1223523.8	51201.9	66425.3	173860.4	284034.3	1940.3	443255.68	83656.11	2599401.3	53451.4	1888.61	2742136.3	1888.31	2797167.3	1984801.3	83656.9	2684469.3	1038929.12	403935.6	2742130.3	371608.7	749414.3	1343740.29	1929477.3	1912.5	2750011.3	2742137.3
100.0	85.755295	78.20755	78.30957	78.635727	78.350342	77.994896	78.628174	78.532059	78.446976	79.303085	79.602242	79.522919	78.967819	79.495811	79.331802	79.299271	79.420822	79.05941	79.154388	79.241714	79.111557	79.402298	79.228844	78.993492	79.203018	79.045456	79.040649	79.382736	79.328979	78.960907	79.175346	79.134857	79.228134	79.179367	79.182983	79.269882	79.096176	79.319305	79.439339	79.367622	79.390808	79.101913	79.3638	79.19812	79.494957	78.917809	78.917511	78.947937	78.855804	78.994408	78.860245	78.701233	78.862396	78.923714	78.897995	78.746437	78.962631	78.756699	78.911484	78.820328	79.216904	79.093353	79.253647	79.110703	79.238686	78.870132	78.916618	79.060982	78.750351	78.90065	78.797638	78.758072	78.988739	79.097244	79.19593	78.771423	78.915703	78.77037	78.913254	78.523392	78.489967	78.792526	78.750198	78.606354	78.699234	78.738441	78.918526	78.678116	78.495438	78.773697	78.718063	78.774658	78.876816	78.88559	78.839485	79.169357	79.053925	79.14682	79.287727	79.077682	79.16748	79.147316	79.263535	79.222839	79.156784	78.994278	79.114487	79.135956	79.065964	79.311325	79.407425	79.354874	79.488892	79.230026	79.171196	78.933266	79.087051	79.025436	79.111488	79.172852	79.560486	79.059464	79.221741	79.379944	79.206505	79.214264	79.185013	79.169754	79.174026	79.254929	79.159775	79.233749	78.891357	79.335251	79.228043	79.193085	79.289932	79.424393	79.27433	78.616989	78.708923	78.683578	78.875656	78.717331	78.772522	78.862686	78.945572	78.997635	78.953064	78.733582	79.007271	78.586792	78.737366	78.711502	78.657623	79.426743	79.247597	79.319153	79.38765	79.193787	79.271835	79.430099	79.295769	79.343246	79.332947	78.798355	78.899918	79.138962	79.13176	79.088257	79.012878	78.978973	78.646988	78.644333	78.589142	78.530167	78.506531	79.087555	79.379501	79.446167	78.945374	79.135414	79.12114	79.121796	79.113342	79.147812	79.043221	79.183197	79.248505	79.155533	79.043243	79.307762	79.457588	79.522614	79.419266	79.366394	79.377609	79.317001	78.75946	78.680573	78.553879	79.080811	79.23143	79.131386	79.068695	78.499374	78.210571	78.128143	79.8853	79.154099	79.409134	78.921204	78.876312	78.826889	78.733948	78.605728	78.779251	78.887154	79.163696
85.755295	100.0	77.696945	77.946297	77.996033	78.012772	77.574234	78.236938	78.312714	78.023186	79.091324	79.050095	79.128159	78.464355	78.844284	78.778015	78.881615	78.840904	78.542953	78.776718	78.823769	78.54982	78.771812	78.588783	78.644241	78.554909	78.589951	78.415344	78.788002	78.68219	78.725235	78.766098	78.561485	78.756424	78.678413	78.582527	78.76059	78.609039	78.899155	78.749947	78.847305	78.7267	78.59816	78.833466	78.712746	78.964111	78.518318	78.499634	78.58934	78.407402	78.432388	78.559357	78.120773	78.456238	78.573692	78.580399	78.220917	78.318001	78.272232	78.397659	78.494797	78.691261	78.603012	78.776505	78.878265	78.858124	78.51265	78.471771	78.5	78.416794	78.521927	78.285767	78.387375	78.54689	78.800369	78.739944	78.229797	78.377983	78.418121	78.506561	78.071327	78.083344	78.332855	78.334503	78.149765	78.345467	78.354248	78.622818	78.246964	78.041771	78.197853	78.067474	78.392197	78.504951	78.448647	78.473488	78.690186	78.761917	78.841202	78.930771	78.678497	78.66256	78.793159	79.011871	78.753525	78.838089	78.739365	78.797852	78.633011	78.524284	78.634857	78.74305	78.741562	78.723114	78.62027	78.609055	78.472778	78.629028	78.594315	78.467529	78.599426	78.947372	78.714386	78.672691	78.761208	78.8508	79.090118	78.846283	78.9729	78.906876	78.880875	78.812233	78.991074	78.677002	78.865372	78.844101	78.798424	78.805817	78.916321	78.815002	78.142921	78.306641	78.39373	78.433395	78.272087	78.336525	78.503723	78.511002	78.529541	78.402847	78.325333	78.570587	78.094727	78.225601	78.211143	78.182961	78.856735	78.913574	78.942146	78.967728	78.889465	78.895599	79.14399	78.998688	78.782593	78.824791	78.432869	78.663933	78.659088	78.576569	78.812538	78.539444	78.557533	78.292252	78.43222	78.204529	78.158005	78.282326	78.574387	78.749802	79.021965	78.456741	78.851349	78.688965	78.574524	78.546249	78.554359	78.637482	78.90258	78.824654	78.718826	78.584335	78.769608	78.837326	79.091324	79.098	79.005333	78.941376	78.924225	78.154297	78.296097	78.213989	78.688995	78.872055	78.743637	78.750084	78.213821	78.008682	78.039047	79.283653	78.728386	78.910416	78.356445	78.428101	78.163277	78.130257	78.210403	78.136093	78.451408	78.484146
78.20755	77.696945	100.0	79.28598	79.311035	79.164154	78.617073	79.142365	79.083656	78.98082	79.766098	79.701508	79.700813	79.181465	79.495964	79.328194	79.467819	79.482628	79.412437	79.402252	79.642967	79.456757	79.524971	79.467751	79.281723	79.406906	79.211258	79.411896	79.508118	79.915268	79.646965	79.766663	79.604355	79.749008	79.743134	79.603745	79.791641	79.502159	79.839867	79.898445	79.928848	79.831261	79.727936	79.911278	79.834518	80.025726	79.591217	79.544037	79.634323	79.53624	79.584625	79.401772	79.103424	79.263855	79.379166	79.496124	79.100235	79.379921	79.035187	79.387299	79.636002	79.783249	79.844444	79.671112	79.845627	79.729637	79.339149	79.512703	79.333176	79.296463	79.200699	79.193359	79.331375	79.398727	79.675507	79.742271	79.344421	79.457321	79.375732	79.383224	79.000031	79.066879	79.284271	79.133606	79.103348	79.062294	79.216507	79.194893	79.243713	79.177422	79.172607	79.16745	79.140015	79.322861	79.560211	79.28933	79.397385	79.464172	79.433578	79.602859	79.558838	79.457382	79.561752	79.454865	79.604172	79.503418	79.327682	79.400223	79.652466	79.608521	79.654022	79.581184	79.58989	79.688095	79.581215	79.472748	79.296562	79.451233	79.388573	79.5923	79.584213	79.7351	79.512924	79.583191	79.744751	79.370941	79.106621	79.118858	79.268494	79.105835	79.106323	79.03421	79.164764	78.872803	79.25444	79.14772	79.132698	79.233253	79.251724	79.325768	79.235649	79.543533	79.601051	79.645355	79.373917	79.513931	79.648834	79.55545	79.597755	79.630844	79.590065	79.37001	79.199554	79.347992	79.453308	79.553864	79.361565	79.59269	79.644302	79.529488	79.398102	79.436615	79.741859	79.533539	79.42157	79.456482	79.097168	79.237343	79.377151	79.203415	79.688835	79.163315	79.179855	79.537567	79.459885	79.47052	79.175659	79.21553	79.547707	79.825089	79.732635	79.339195	79.639099	79.435135	79.441559	79.527237	79.62178	79.567902	79.527191	79.798431	79.864304	79.597961	79.517059	79.669922	79.922089	79.729324	79.819344	79.97345	79.705261	79.132172	79.099091	79.002136	79.37899	79.762344	79.29454	79.492905	78.644577	78.90522	78.887314	79.494881	79.712646	80.196617	79.554108	79.503891	79.514893	79.476791	79.338318	79.413162	79.706604	79.558044
78.30957	77.946297	79.28598	100.0	80.469284	80.455811	78.880783	79.274849	79.215118	78.962227	79.552521	79.547119	79.448296	79.032944	79.370529	79.36731	79.360649	79.459427	79.36721	79.37558	79.582047	79.329407	79.314346	79.356064	79.242752	79.382545	79.243431	79.246902	79.440781	79.603622	79.503906	79.595436	79.477036	79.444374	79.504105	79.414146	79.538956	79.438202	79.548218	79.491631	79.620415	79.662895	79.399246	79.691818	79.668884	79.72361	79.487419	79.511261	79.521637	79.292152	79.572563	79.261856	79.065208	79.326889	79.222672	79.366562	79.201385	79.219086	79.074249	79.325569	79.47406	79.568275	79.638458	79.508698	79.595459	79.633499	79.320801	79.515915	79.266632	79.283371	79.363998	79.21109	79.268333	79.332916	79.645126	79.522163	79.298752	79.41893	79.396652	79.481644	79.20726	79.119308	79.269485	79.359665	79.220566	79.267212	79.326981	79.246017	79.215408	79.203812	79.063751	79.146866	79.225243	79.225876	79.401817	79.298431	79.351425	79.472183	79.437317	79.597023	79.432373	79.622307	79.502304	79.752289	79.585419	79.505844	79.528465	79.553909	80.036301	79.843582	79.86245	79.735352	79.790863	79.886887	79.852188	79.80191	79.796791	79.846786	79.723648	79.78006	79.921555	79.998466	79.784027	79.821793	79.957565	79.45607	79.329224	79.341187	79.390335	79.318222	79.341156	79.274384	79.311157	79.058945	79.180679	79.231949	79.320824	79.43557	79.275467	79.386429	79.381302	79.38179	79.468224	79.494781	79.351898	79.52504	79.690323	79.609207	79.617249	79.643021	79.513199	79.319168	79.285477	79.318848	79.524261	79.338409	79.47187	79.523232	79.629211	79.485641	79.333542	79.378433	79.614853	79.472	79.374771	79.401566	79.242615	79.251457	79.552994	79.472458	79.582764	79.462234	79.317993	79.52655	79.599655	79.433075	79.288055	79.368317	79.458481	79.702881	79.773094	79.428749	79.575455	79.342163	79.748169	79.584541	79.654579	79.737259	79.559067	79.62896	79.757568	79.782318	79.546753	79.690727	79.961151	79.786423	79.835083	80.078819	79.794754	79.0494	78.953728	78.999275	79.416718	79.550156	79.448761	79.454895	78.815872	78.937729	79.078606	79.548347	79.827866	80.49485	79.551117	79.61734	79.524414	79.425385	79.447906	79.625122	79.71936	79.598022
78.635727	77.996033	79.311035	80.469284	100.0	82.782684	79.037628	79.600983	79.657021	79.049255	79.945221	80.088562	79.892334	79.66095	79.987015	79.66996	79.712326	79.752213	79.66246	79.736633	79.944656	79.587662	79.848289	79.778275	79.63517	79.48954	79.470642	79.610504	79.77565	79.911346	79.846405	79.997528	79.678192	79.712524	79.841736	79.806046	79.866531	79.629135	79.858925	79.892929	79.941986	79.863358	79.834618	79.954147	79.89241	80.127586	79.546707	79.623779	79.691666	79.566132	79.782303	79.615036	79.151314	79.371002	79.500443	79.681107	79.33725	79.467484	79.315628	79.600677	79.553795	79.793167	79.860428	79.808746	80.082054	79.950836	79.500275	79.580299	79.457199	79.221161	79.432419	79.421448	79.279762	79.546127	79.775787	79.879105	79.295563	79.533417	79.456863	79.667534	79.194092	79.292641	79.395508	79.358643	79.326218	79.279633	79.367508	79.389877	79.30233	79.185928	79.306915	79.223274	79.182701	79.358261	79.519951	79.425217	79.677582	79.754143	79.741104	79.849632	79.679626	79.896988	79.891327	79.835381	79.91597	79.790665	79.612244	79.762222	80.298279	80.335037	80.246727	80.125183	80.098007	80.3032	80.383072	80.107643	80.017395	80.054657	79.983871	80.057114	80.009491	80.242439	80.152771	80.209259	80.340912	79.559906	79.448586	79.437195	79.518753	79.424988	79.469208	79.344513	79.488922	79.093582	79.674606	79.470169	79.389473	79.550987	79.772949	79.595215	79.387657	79.6875	79.752625	79.75972	79.449112	79.649086	79.904648	79.753922	79.831284	79.946457	79.799805	79.595306	79.540924	79.581055	79.456871	79.533096	79.565102	79.627464	79.696236	79.757431	79.334549	79.506371	79.66452	79.571419	79.614418	79.544899	79.426788	79.496628	79.669861	79.775291	79.871521	79.521622	79.421249	79.513245	79.502495	79.381355	79.352066	79.434578	79.697197	79.928055	79.987244	79.570892	79.787468	79.578415	79.629807	79.626083	79.711212	79.76255	79.80378	80.021774	79.79277	79.759888	79.942978	80.065948	80.162552	80.189148	80.040703	80.27272	79.995255	79.340225	79.35675	79.235847	79.825562	80.034538	79.772232	79.599838	79.145432	79.143005	79.176018	79.873016	79.93515	80.758316	79.847061	79.795052	79.799545	79.700562	79.646049	79.705307	80.123428	80.010162
78.350342	78.012772	79.164154	80.455811	82.782684	100.0	78.955177	79.305595	79.329216	78.851669	79.802597	79.740387	79.965988	79.216293	79.826584	79.577423	79.67485	79.707405	79.435669	79.61705	79.720367	79.537155	79.719849	79.556587	79.513817	79.469437	79.33313	79.329109	79.640015	79.72966	79.669006	79.807205	79.631073	79.638275	79.680862	79.652313	79.708008	79.479355	79.784317	79.802887	79.758156	79.804749	79.572998	79.837646	79.844093	79.887527	79.363403	79.572815	79.674538	79.489517	79.457489	79.4823	79.032028	79.320358	79.371765	79.553757	79.151993	79.334747	79.211441	79.469528	79.582413	79.638184	79.675804	79.733414	79.822266	79.642899	79.441223	79.571716	79.374832	79.165695	79.300858	79.278763	79.156097	79.522797	79.667572	79.753387	79.05838	79.400726	79.28418	79.376266	79.124466	79.125931	79.169373	79.209145	79.163315	79.204666	79.217361	79.294373	79.143333	78.990929	79.058701	79.054199	79.185646	79.325562	79.3255	79.381729	79.50206	79.439323	79.55069	79.574501	79.602142	79.54306	79.569756	79.600647	79.668823	79.515472	79.442238	79.542709	80.081329	80.000671	80.156593	79.971069	79.873993	80.056145	80.120598	80.06955	79.84494	79.934799	79.967438	79.968384	80.013756	80.203583	79.986198	79.908791	80.130188	79.456993	79.245338	79.117828	79.210327	79.201035	79.239349	79.12812	79.290787	78.905724	79.209335	79.152039	79.128036	79.227661	79.258148	79.298836	79.138336	79.383881	79.371078	79.411598	79.328842	79.373138	79.645401	79.643387	79.572388	79.574783	79.419029	79.384247	79.292931	79.313507	79.332191	79.264359	79.490799	79.429565	79.594795	79.489914	79.239006	79.21962	79.501427	79.401123	79.343445	79.345047	79.091095	79.444504	79.564163	79.397842	79.684242	79.192612	79.384468	79.382843	79.296982	79.159615	79.258316	79.323273	79.431175	79.579819	79.687057	79.218033	79.609222	79.441132	79.554604	79.514	79.610336	79.652077	79.546783	79.776138	79.604057	79.598564	79.695328	79.872253	79.845749	80.075775	79.896835	79.986984	79.804733	79.106232	79.13356	78.963028	79.714203	79.693436	79.4133	79.58168	78.942741	78.94751	78.99231	79.565964	79.876801	80.492462	79.555801	79.512161	79.421432	79.593071	79.685371	79.549995	79.825279	79.833557
77.994896	77.574234	78.617073	78.880783	79.037628	78.955177	100.0	80.837021	80.794861	78.343887	78.735901	78.961433	78.983337	78.470039	78.781387	78.573959	78.786362	78.790405	78.542786	78.75032	78.714905	78.679459	78.719421	78.603912	78.708656	78.435509	78.345222	78.355316	78.798592	78.882042	78.804642	78.962646	78.782326	78.897629	78.794426	78.739059	78.813644	78.819809	78.966949	79.043373	79.037033	78.936592	78.810806	79.027695	78.863602	78.90834	78.524872	78.665504	78.666748	78.63195	78.760086	78.711227	78.418686	78.494591	78.550972	78.609909	78.373825	78.547424	78.384338	78.632111	78.735481	78.817627	78.887794	78.864571	79.004974	78.962212	78.532333	78.606613	78.548134	78.380844	78.424667	78.514297	78.422424	78.46183	78.817085	78.857834	78.448845	78.557434	78.457077	78.63327	78.228668	78.207947	78.376663	78.603981	78.309639	78.447685	78.411545	78.605438	78.327515	78.297714	78.271469	78.242317	78.30394	78.500076	78.522583	78.495865	78.774696	78.704178	78.677246	78.680359	78.827652	78.747208	78.79995	78.764557	78.783325	78.755547	78.601761	78.745178	78.900757	78.87413	78.78215	78.876488	78.830093	78.959221	78.763885	78.811066	78.622314	78.700943	78.623047	78.610855	78.756363	78.8862	78.64122	78.875229	78.910469	78.798294	78.52639	78.685005	78.510117	78.442245	78.480759	78.578201	78.66806	78.327377	78.40834	78.472977	78.47673	78.536682	78.594589	78.737625	78.342384	78.500671	78.622894	78.626572	78.491165	78.487869	78.625702	78.756943	78.802277	78.745972	78.512375	78.506653	78.519409	78.540619	78.372116	78.483383	78.638222	78.663559	78.68306	78.768509	78.539948	78.512886	78.918579	78.728134	78.647995	78.66539	78.531265	78.569298	78.776337	78.727486	78.833481	78.545647	78.606361	78.686424	78.610939	78.660553	78.455887	78.593109	78.82531	79.146362	79.236282	78.628983	78.640991	78.796234	78.735405	78.687073	78.883568	78.830566	78.753906	79.076233	78.827347	78.512947	79.030167	78.94342	78.983353	78.909424	78.865868	79.08342	78.879654	78.22773	78.347519	78.201706	78.938126	78.994705	78.650902	78.845108	78.399384	78.343903	78.278671	79.007912	79.232307	79.986465	78.912521	78.887955	78.612289	78.496826	78.524811	78.454422	79.108185	78.812134
78.628174	78.236938	79.142365	79.274849	79.600983	79.305595	80.837021	100.0	88.805176	78.601784	79.544106	79.572975	79.68895	79.165131	79.500183	79.280746	79.384506	79.533226	79.331039	79.397995	79.571754	79.420547	79.461128	79.396301	79.344353	79.234055	79.235184	79.203339	79.381439	79.53862	79.394852	79.693329	79.436668	79.557213	79.593788	79.451561	79.56192	79.348221	79.597191	79.628265	79.736549	79.745537	79.469589	79.787643	79.525543	79.768127	79.170845	79.248627	79.383987	79.08522	79.352127	79.338165	78.786789	79.153046	79.281784	79.460861	78.910843	78.992439	78.963089	79.238739	79.206116	79.455345	79.502975	79.475037	79.601776	79.473503	79.245415	79.342163	79.311462	79.111313	79.031982	78.96077	79.034836	79.296997	79.594292	79.43425	78.876938	79.194397	79.034874	79.326981	78.828033	78.76445	79.023605	79.025314	78.958374	78.908585	79.009445	79.126282	78.865196	78.795578	78.768524	78.821182	78.910553	79.023392	79.051819	79.046127	79.532135	79.47068	79.4953	79.534439	79.468826	79.408066	79.463722	79.548691	79.622757	79.404831	79.315056	79.381523	79.547501	79.504974	79.499725	79.437447	79.628944	79.779007	79.601524	79.400391	79.344566	79.594406	79.348747	79.450928	79.48674	79.738998	79.383713	79.49794	79.583382	79.287697	79.177521	79.157913	79.212242	79.18988	79.180611	79.135376	79.046822	78.896515	79.227753	79.123558	79.124046	79.191696	79.398132	79.269638	78.829155	78.883209	79.001877	79.082794	78.860916	78.970703	79.10556	79.218018	79.232773	79.074425	79.030243	79.023315	78.760635	79.038361	78.896759	78.877556	79.425476	79.449348	79.407394	79.391968	79.045113	79.155121	79.56102	79.403564	79.232758	79.179565	79.033043	79.083305	79.48291	79.315796	79.521759	79.183899	79.201302	79.291306	79.306915	79.132637	79.123268	79.205605	79.500084	79.515823	79.74118	79.122818	79.290604	79.155251	79.168304	79.186584	79.365234	79.272995	79.379593	79.643333	79.368774	79.249046	79.473434	79.629333	79.726746	79.699051	79.540009	79.78315	79.664444	79.033188	79.07061	79.03228	79.610611	79.810318	79.35437	79.56942	78.850288	78.706146	78.822281	79.585648	79.88723	80.546005	79.401894	79.336319	79.397339	79.378433	79.339798	79.25119	79.578896	79.571457
78.532059	78.312714	79.083656	79.215118	79.657021	79.329216	80.794861	88.805176	100.0	78.838974	79.609711	79.676376	79.711685	79.113388	79.577209	79.312897	79.391106	79.381454	79.341377	79.320419	79.363701	79.302094	79.306702	79.260178	79.283127	79.491028	79.093048	79.206558	79.385292	79.471603	79.487671	79.43219	79.403534	79.447655	79.462692	79.428085	79.440567	79.360504	79.570595	79.628044	79.682571	79.570641	79.511696	79.695358	79.567093	79.718994	79.251999	79.200394	79.247665	79.218735	79.371674	79.335014	78.919922	79.133484	79.320053	79.634346	79.058243	79.258003	79.123276	79.218887	79.221649	79.349564	79.499619	79.523514	79.643959	79.585052	79.260269	79.248131	79.342827	79.09108	79.108658	79.017471	79.141632	79.363266	79.705269	79.484512	79.023956	79.245354	79.101158	79.275414	78.996223	78.917664	79.078583	79.034027	78.894203	79.037941	79.081253	79.359833	79.089142	78.845856	78.961411	79.007767	79.014244	78.983315	79.350433	79.073189	79.461044	79.50441	79.51178	79.642303	79.47921	79.498421	79.437027	79.57431	79.66935	79.440643	79.443169	79.504074	79.639847	79.637733	79.695282	79.644119	79.669708	79.70108	79.735901	79.625168	79.358795	79.599487	79.515366	79.535812	79.652802	79.786064	79.370392	79.588989	79.726494	79.325699	79.217117	79.165619	79.584106	79.194618	79.084618	79.094742	79.15477	78.867317	79.257881	79.188011	79.126633	79.235428	79.306488	79.21067	78.822906	79.06839	79.205666	79.131302	79.003342	79.040161	79.119095	79.181213	79.240715	79.198151	79.085831	79.089554	78.83609	79.086479	78.902077	78.906616	79.363106	79.464211	79.34407	79.283661	79.169556	79.253975	79.570892	79.469009	79.349548	79.208939	79.041534	79.273148	79.507874	79.245964	79.627014	79.136307	79.12043	79.286728	79.285675	79.254333	79.216431	79.241486	79.429138	79.542358	79.758179	79.184784	79.296112	79.249466	79.290375	79.294952	79.273064	79.30545	79.305008	79.728523	79.395004	79.344849	79.549805	79.562607	79.701523	79.614563	79.608612	79.570129	79.627075	79.058838	79.077759	79.05423	79.48877	79.721497	79.428192	79.484886	78.75383	78.619659	78.749359	79.661285	79.825546	80.656326	79.394402	79.269646	79.30468	79.314499	79.258438	79.319748	79.599449	79.571609
78.446976	78.023186	78.98082	78.962227	79.049255	78.851669	78.343887	78.601784	78.838974	100.0	82.613869	82.858093	82.962257	81.845451	82.385239	82.401909	82.469635	82.67363	82.647415	82.567078	82.947113	82.730293	82.827408	82.667633	82.629761	82.612564	82.580505	82.591171	82.839966	82.748177	82.535919	82.83786	82.398087	82.794632	82.59375	82.575012	82.821609	82.456406	82.642334	82.696381	82.680817	82.675613	82.598755	82.97023	82.771454	82.940865	82.877396	83.057755	83.249359	82.966682	83.167999	83.066032	82.840836	83.471985	83.560989	83.804726	83.151337	83.757835	83.415131	82.46817	83.061691	83.145493	82.835999	83.343948	83.038635	83.15741	83.176476	82.834869	83.305	83.269554	83.3116	83.170746	83.431908	83.014832	83.125816	82.969978	82.974823	83.109482	82.92804	82.724037	82.216644	82.300285	82.456963	82.528061	82.44104	82.404915	82.624344	81.513908	81.87619	81.937569	82.182556	82.14418	82.079849	82.097687	82.432846	82.3713	80.563942	80.587601	80.585754	80.667587	80.575119	80.59404	80.582321	80.693062	80.787079	80.537079	80.315964	80.534584	79.857056	79.860992	79.873825	79.88829	79.958046	79.973831	80.059029	79.972389	79.732491	79.826187	79.739944	79.767632	79.859985	80.061089	79.856232	79.970367	80.135269	80.457474	80.214355	80.225281	80.259529	80.131096	80.088181	80.116608	80.117691	79.907547	80.426964	80.195892	80.055557	80.162849	80.278061	80.383087	80.855301	81.076538	81.209976	81.23793	80.986374	81.014038	81.246719	81.349213	81.330269	81.348	81.067551	81.589111	80.932281	81.043274	81.047012	81.025513	80.637909	80.78656	80.98362	80.850052	80.632645	80.534821	80.943741	80.831345	80.667389	80.874344	80.041023	80.449112	80.486839	80.318855	80.667557	80.175278	80.385605	80.231689	80.294296	80.367302	79.994431	80.212013	80.595154	80.878433	80.962982	80.062012	80.455429	80.556847	80.439636	80.461647	80.403122	80.46032	80.780334	81.214806	80.835526	80.598312	79.863983	79.874222	79.992081	80.044594	80.04068	80.075897	79.929504	79.736496	79.862305	79.838692	80.370499	80.589066	80.45047	80.569809	80.477249	79.946487	79.990013	79.329056	79.725952	79.842735	79.49675	79.411713	79.399185	79.276642	79.27095	79.16893	79.703438	79.45816
79.303085	79.091324	79.766098	79.552521	79.945221	79.802597	78.735901	79.544106	79.609711	82.613869	100.0	84.634995	84.495605	83.587563	84.850952	84.624878	84.603546	84.79406	84.684387	84.828293	85.048523	84.877304	84.830154	84.894707	84.678986	84.655014	84.307098	84.658936	85.034111	84.907059	84.728378	84.928299	84.420395	84.796478	84.765991	84.744827	84.939346	83.972015	84.492203	84.542641	84.591782	84.454529	84.176666	84.919312	84.76358	84.953156	84.326073	84.485329	84.666779	84.366829	84.492195	84.121765	83.754639	84.313187	84.398689	84.517578	83.877266	84.344147	84.028381	84.183586	84.381424	84.693817	84.840454	85.14267	84.742584	84.931122	84.585999	84.557137	84.221588	84.066757	84.2211	84.134323	84.180458	84.187813	84.383499	84.544968	84.051559	84.195473	84.022598	83.437256	82.965202	82.978111	83.035492	83.17717	82.96817	82.878998	83.135323	83.560669	82.993652	82.916122	83.548874	83.414566	83.312927	83.489746	83.686043	83.767586	81.714676	81.552986	81.706772	81.787064	81.611168	81.693481	81.698441	81.707909	81.776108	81.722702	81.430847	81.503304	81.080482	80.978607	81.040268	81.070389	81.054268	81.181664	81.127792	80.944656	80.839256	80.955811	80.820839	80.798141	80.953087	81.273064	80.851929	81.123474	81.313095	81.187408	81.029587	81.165375	81.136765	81.101036	81.008781	81.05127	81.128204	80.809441	81.180557	81.219749	80.998581	81.211517	81.217636	81.280975	81.727997	82.101379	82.213211	82.274048	82.061096	82.189087	82.523239	82.518723	82.534027	82.508636	82.285843	82.591309	82.19841	82.284439	82.264557	82.180832	81.756996	81.753532	81.676086	81.842293	81.504974	81.463669	82.05101	81.731926	81.730698	81.722549	80.942543	81.341209	81.457306	81.350304	81.874161	81.110649	81.25296	80.952698	80.953171	81.123352	80.937515	81.151581	81.533997	81.657646	81.774139	81.199219	81.534607	81.44117	81.431381	81.467651	81.497444	81.602554	81.767273	82.117569	81.809967	81.430496	80.744354	80.851562	81.337158	81.110222	81.048409	81.19902	81.069878	80.844009	80.949768	80.635406	81.636139	81.832161	81.769165	82.04615	81.406769	80.762909	80.73996	80.509171	80.849388	80.993744	80.599281	80.339722	80.401566	80.421661	80.317345	80.424713	80.89386	80.705597
79.602242	79.050095	79.701508	79.547119	80.088562	79.740387	78.961433	79.572975	79.676376	82.858093	84.634995	100.0	92.782219	84.234268	85.506561	85.401443	85.465378	85.563034	85.583672	85.560753	85.894669	85.812088	85.874588	85.842926	85.687164	85.581039	85.325699	85.730942	86.124939	84.268707	84.117867	84.366364	84.038498	84.37677	84.184601	84.186676	84.296585	83.690674	84.192551	84.275772	84.342804	84.228752	83.993988	84.48484	84.330475	84.411179	84.041458	84.141068	84.290894	83.888863	84.207092	84.200127	83.737762	84.113525	84.133789	84.564529	83.561165	84.135658	83.977608	83.747444	84.010185	84.080894	84.459488	84.851974	84.554977	84.729889	84.281326	84.129547	84.08062	84.020126	84.036896	83.828651	84.173599	84.116371	84.379471	84.253517	83.695511	83.985657	83.827042	83.441757	82.894608	83.094269	83.17543	83.244675	83.20472	82.99575	83.211594	83.140381	82.774033	82.800278	83.18544	83.13549	83.118942	83.141846	83.332947	83.612762	81.768417	81.732285	81.830795	81.877319	81.816452	81.768845	81.92627	81.848404	81.898254	81.832092	81.647736	81.777306	81.0056	81.013519	81.192009	81.108627	81.074112	81.29361	81.078232	80.860268	80.749931	81.029129	80.969414	80.908417	81.031784	81.366196	81.036972	81.268768	81.349228	81.417892	81.351654	81.51268	81.456627	81.408539	81.399918	81.271996	81.404816	81.003693	81.535645	81.531822	81.168655	81.454575	81.505997	81.435867	81.843674	82.15712	82.191147	82.258057	82.106842	82.19413	82.451683	82.431488	82.336739	82.453201	82.200241	82.644424	82.139832	82.202515	82.239769	82.078232	81.870544	81.953369	82.150612	82.085335	81.757713	81.695557	82.359795	81.96714	81.878922	81.999435	81.031067	81.307709	81.627876	81.600044	82.072327	81.332741	81.300468	80.970459	80.968414	81.277847	80.960297	81.214836	81.555969	81.791672	81.85878	81.360062	81.501144	81.537567	81.505981	81.518433	81.618134	81.476662	81.931808	82.135193	81.808243	81.473984	81.062981	81.134888	81.387291	81.429871	81.348877	81.488716	81.31562	80.961555	80.90242	80.678162	81.712204	82.047325	81.617096	82.110092	81.141365	80.675148	80.970901	80.433411	80.827927	80.962204	80.509232	80.462555	80.570976	80.572601	80.41851	80.520889	80.864647	80.696228
79.522919	79.128159	79.700813	79.448296	79.892334	79.965988	78.983337	79.68895	79.711685	82.962257	84.495605	92.782219	100.0	84.153778	85.41449	85.33786	85.585541	85.565048	85.420044	85.515442	85.755203	85.569481	85.667511	85.672379	85.586121	85.333221	85.174278	85.599602	86.041344	84.34021	84.110977	84.420212	83.992599	84.260368	84.139008	84.168022	84.330841	83.608643	84.196487	84.237457	84.318443	84.263763	83.907593	84.369469	84.37149	84.35685	83.85498	84.007767	84.186401	83.890854	84.052689	84.160492	83.666649	83.971962	84.014908	84.498352	83.53833	83.949806	83.851608	83.67717	83.905243	84.054543	84.210938	84.679321	84.421837	84.586014	84.145569	84.025131	84.020126	83.89547	83.82402	83.751495	83.993515	84.064285	84.435913	84.227547	83.585907	83.791168	83.780754	83.315155	82.749359	82.973038	82.997894	82.981903	83.092216	82.891716	83.131119	83.119499	82.620636	82.746368	83.02401	82.986511	83.006912	83.081894	83.282158	83.544487	81.815475	81.880157	81.751907	81.87355	81.920761	81.847389	81.926086	81.923218	81.981857	81.847908	81.740845	81.804947	81.196808	81.182465	81.12339	81.172592	81.262352	81.344223	81.161644	81.130661	80.949738	80.940262	81.053787	80.940002	81.070984	81.366478	81.121826	81.317444	81.262329	81.460617	81.326202	81.24955	81.55127	81.285202	81.315109	81.28862	81.405029	81.024483	81.492935	81.514259	81.257469	81.472443	81.587936	81.492851	81.785751	81.995781	82.060272	82.204674	82.101501	82.096794	82.187668	82.28743	82.197037	82.320145	82.147003	82.69342	82.084503	82.094498	82.089355	82.217087	81.848083	81.93071	82.124222	82.097359	81.763153	81.662186	82.381882	81.985962	81.804413	81.929344	81.019516	81.29126	81.601326	81.561157	82.106232	81.259399	81.188873	81.113922	80.945816	81.378693	80.996216	81.153999	81.490509	81.812141	81.813652	81.265106	81.501945	81.552307	81.555664	81.569763	81.521988	81.462479	81.905396	82.172943	81.882492	81.462662	81.13089	81.160828	81.536545	81.358032	81.369965	81.523293	81.310425	81.116638	80.925835	80.796097	81.73407	82.178909	81.717018	82.159546	81.265976	80.743996	80.965698	80.552658	80.871765	81.065018	80.618927	80.517044	80.643936	80.527275	80.433914	80.541428	80.97467	80.872025
78.967819	78.464355	79.181465	79.032944	79.66095	79.216293	78.470039	79.165131	79.113388	81.845451	83.587563	84.234268	84.153778	100.0	85.34494	84.877106	84.89003	85.036819	86.093796	85.816101	86.355911	86.300919	86.447159	86.327576	86.360382	86.438019	85.945145	85.74968	85.714005	83.268959	83.251923	83.379288	82.969971	83.244911	83.146744	83.177292	83.357269	82.784592	83.079712	83.060883	83.125084	82.976715	83.207405	83.561028	83.470795	83.495888	83.281044	83.302193	83.631065	83.473907	83.581665	83.060921	82.942291	83.243958	83.305008	83.351494	82.972366	83.562256	83.271851	83.218002	83.620384	83.558594	83.573959	84.044334	83.791901	83.807152	83.710114	83.497223	83.093285	83.186691	83.252899	83.225754	83.279152	83.39267	83.554642	83.284317	83.244667	83.476303	83.156693	82.655342	82.340538	82.319397	82.364639	82.2882	82.271286	82.237183	82.355507	82.494072	82.130692	82.075165	82.667465	82.599182	82.44873	82.398232	82.820862	82.789513	80.703056	80.639648	80.718903	80.61956	80.746254	80.69278	80.66008	80.836052	80.787636	80.697983	80.557411	80.734039	80.336517	80.261032	80.363068	80.252914	80.429131	80.36113	80.283157	80.347366	80.134796	80.142326	80.18235	80.415428	80.316307	80.448105	80.299622	80.44548	80.488197	80.555908	80.569321	80.595673	80.536224	80.414154	80.51078	80.541443	80.438148	80.189072	80.538727	80.540527	80.387177	80.630005	80.716919	80.617973	80.989105	81.218307	81.307892	81.298935	81.232796	81.215668	81.451553	81.439377	81.507706	81.618591	81.541077	81.64119	81.197342	81.2686	81.369301	81.244507	80.859161	80.94191	81.090675	81.041557	80.925491	80.83902	81.145477	81.089897	80.950462	80.931953	80.346664	80.519569	80.678352	80.705307	80.827927	80.496223	80.461212	80.215477	80.285751	80.293015	80.156433	80.293358	80.922173	80.904205	80.906288	80.561867	80.796104	80.785416	80.788803	80.692055	80.745117	80.847557	80.882477	81.232605	81.067719	80.852692	80.125671	80.204597	80.527466	80.378311	80.389389	80.475761	80.253754	80.180023	80.162079	80.218887	80.742821	80.679489	80.774925	80.968094	80.901611	79.884674	79.978775	79.843712	80.116112	80.220619	79.762535	79.662537	79.866142	79.809998	79.668304	79.679001	80.090927	80.144417
79.495811	78.844284	79.495964	79.370529	79.987015	79.826584	78.781387	79.500183	79.577209	82.385239	84.850952	85.506561	85.41449	85.34494	100.0	90.090042	90.022598	90.186493	86.557907	86.79483	87.14473	87.039604	87.10881	86.913315	87.061264	87.044296	86.585648	86.206184	86.670067	84.094055	84.073204	84.360878	83.834602	84.217964	84.093277	84.052338	84.29438	83.571449	84.183304	84.237549	84.146881	84.028259	83.749451	84.60968	84.49823	84.483658	83.955261	84.129745	84.334351	84.042587	84.166443	83.957687	83.575996	84.027435	84.037025	84.361183	83.41861	84.006119	83.869293	83.678482	84.222382	84.417526	84.420067	84.913803	84.737289	84.829987	84.339813	84.277786	83.927002	83.951523	84.061935	83.819839	84.112541	84.095253	84.308861	84.273849	83.771744	84.003113	83.871353	83.404381	82.641678	82.729752	82.909241	82.76123	82.818077	82.724243	82.922318	83.30246	82.565109	82.542435	83.025803	82.93689	82.99971	83.133484	83.29512	83.581528	81.411072	81.389168	81.462234	81.562363	81.296494	81.412193	81.529922	81.487793	81.57399	81.337204	81.274292	81.330116	80.968765	80.925385	81.013702	80.815094	80.838943	81.107635	80.9151	80.767899	80.662521	80.773987	80.667953	80.841599	80.943344	81.205307	80.838417	81.133034	81.149117	81.207245	81.049187	81.101898	81.145279	81.013779	81.026596	80.949646	80.97863	80.703217	81.193436	81.182358	81.115112	81.112976	81.261429	81.245651	81.581261	81.855545	82.056274	82.045959	81.741844	81.810181	82.231186	82.331558	82.256119	82.344734	82.173271	82.360184	81.941879	81.888626	81.912613	81.867325	81.745087	81.621979	81.842514	81.766266	81.393463	81.49649	81.971039	81.671906	81.497116	81.650635	80.713943	81.088692	81.231049	81.106216	81.651688	80.979965	80.975861	80.964325	80.864761	80.953918	80.749619	80.78186	81.329636	81.675629	81.813156	81.201538	81.480927	81.30928	81.327797	81.315079	81.282265	81.278343	81.759087	81.955345	81.712234	81.244644	80.763565	80.822495	81.215103	81.11441	81.128799	80.963058	80.9319	80.497284	80.687401	80.388687	81.276505	81.738831	81.444878	81.834518	81.350662	80.276413	80.522003	80.485962	80.680351	81.124748	80.382515	80.312874	80.277107	80.276123	80.169022	80.219864	80.579544	80.403374
79.331802	78.778015	79.328194	79.36731	79.66996	79.577423	78.573959	79.280746	79.312897	82.401909	84.624878	85.401443	85.33786	84.877106	90.090042	100.0	94.623734	94.916336	86.334427	86.409286	86.739243	86.596848	86.713547	86.653625	86.715897	86.847748	86.342567	85.97168	86.276146	83.867065	83.757195	83.992996	83.542252	83.901642	83.894699	83.79837	84.010605	83.440308	84.042213	84.019958	84.0784	83.834579	83.649513	84.31459	84.188324	84.272202	83.798134	84.035202	84.25885	83.93956	84.00676	83.952728	83.598953	83.855171	83.953918	84.315048	83.221237	83.925438	83.656006	83.527252	84.043869	84.046188	84.086472	84.73819	84.296432	84.544678	84.099045	84.315796	83.971428	83.895264	83.808037	83.756874	84.018661	84.038399	84.206787	84.06179	83.590012	84.008125	83.873024	83.281425	82.764877	82.799927	82.780281	82.728081	82.971359	82.863197	82.950378	83.150352	82.62999	82.547302	83.003242	82.947807	83.064331	82.897064	83.292526	83.578964	81.350861	81.348572	81.392937	81.484665	81.385132	81.396843	81.492798	81.5289	81.581253	81.296753	81.151184	81.277969	80.803444	80.788223	80.869026	80.719727	80.811089	80.947769	81.050537	80.873665	80.644157	80.77887	80.660477	80.683388	80.812729	81.165955	80.834351	80.856445	81.085648	81.128494	80.931198	81.038834	81.089645	81.019913	81.065338	80.863373	80.922089	80.710571	81.07283	81.048531	81.04512	80.975403	81.213913	81.018898	81.502502	81.817627	81.825851	81.924065	81.778053	81.820587	82.16626	82.340591	82.211441	82.282562	81.963074	82.317253	81.746002	81.819695	81.840271	81.852066	81.553818	81.514877	81.815086	81.672928	81.395416	81.308006	81.761185	81.651459	81.402237	81.593376	80.587601	80.954971	81.118828	80.943748	81.537323	81.011337	81.0383	80.707245	80.851601	80.774948	80.722343	80.755867	81.189301	81.419678	81.612068	81.052902	81.31208	81.181366	81.213455	81.16687	81.258698	81.358734	81.762352	81.778061	81.603264	81.300842	80.511383	80.720108	80.970352	80.989334	81.041451	80.921608	80.934097	80.604683	80.54631	80.527519	81.148354	81.498192	81.380157	81.600166	81.195984	80.221588	80.397758	80.162422	80.495956	80.756546	80.175224	80.181992	80.182465	80.140488	80.205704	80.264343	80.484871	80.476013
79.299271	78.881615	79.467819	79.360649	79.712326	79.67485	78.786362	79.384506	79.391106	82.469635	84.603546	85.465378	85.585541	84.89003	90.022598	94.623734	100.0	94.920326	86.344437	86.442673	86.753448	86.632095	86.800049	86.644577	86.771744	86.834175	86.338303	85.878387	86.306702	83.940186	83.932144	84.13446	83.691841	84.121758	83.981018	83.94825	84.210434	83.436935	84.025253	84.124535	84.070923	83.877014	83.686935	84.375435	84.272537	84.317123	83.890793	83.995087	84.25634	84.031357	84.239319	84.029732	83.629303	83.979889	84.010452	84.264595	83.47998	84.028549	83.763138	83.653442	84.106522	84.13472	84.206726	84.720146	84.397797	84.666901	84.141556	84.211777	83.99231	84.01725	83.898788	83.89505	84.052231	84.116272	84.37001	84.167564	83.606865	84.057251	83.961967	83.351555	82.749596	82.780624	82.919662	82.797424	82.939331	82.820541	82.907211	83.159348	82.643234	82.601624	83.04641	83.011574	83.004814	83.001472	83.217255	83.505424	81.304077	81.421677	81.458221	81.561996	81.494385	81.432877	81.444626	81.475533	81.518585	81.348969	81.244759	81.363098	80.780396	80.863281	80.963562	80.845093	81.003738	81.038857	81.020691	80.77774	80.681931	80.80722	80.664299	80.709938	80.883919	81.258865	80.842918	81.014877	81.126526	81.196312	81.106781	81.091782	81.210693	81.192024	81.057037	80.943527	81.001007	80.71032	81.139496	81.172615	81.028641	81.189781	81.282074	81.200737	81.594231	81.884033	81.855835	81.953171	81.787903	81.873322	82.159248	82.351189	82.341919	82.382751	82.040398	82.365707	81.975876	82.064728	81.851959	81.948044	81.625931	81.530388	81.650284	81.80809	81.412201	81.391281	81.942276	81.693802	81.574875	81.703804	80.768051	81.117348	81.197769	81.055351	81.796967	81.022629	80.981812	80.758476	80.80896	80.840225	80.661636	80.897614	81.220261	81.564758	81.60038	81.030167	81.366745	81.348816	81.202301	81.205414	81.285492	81.428909	81.746437	81.856712	81.709625	81.264511	80.696136	80.814102	81.218216	81.0961	81.097649	81.033829	81.002556	80.596832	80.566971	80.522751	81.246376	81.53643	81.475616	81.750519	81.278671	80.320618	80.471725	80.195709	80.556709	80.918839	80.245636	80.273834	80.146278	80.239433	80.368515	80.272202	80.578247	80.589508
