858422.3	2840472.3	936455.3	1355477.98	1355477.29	2171499.4	1404768.8	2782624.3	1904807.3	993502.5	1325112.3	29448.125	574934.3	722472.7	288000.8	754500.3	2782664.3	2057741.8	376.36	858423.19	1325090.8	1437360.8	2913970.3	2590772.3	709803.3	189873.4	2782666.3	1325115.7	167468.3	722472.8	858423.18	2782612.3	1420727.4	255045.4	83637.3	1437360.11	83627.3	574727.4	1325120.3	1038867.3	1325095.3	2926009.3	1274631.4	1619232.5	190148.11	29448.152	2898149.3	2911011.5	114615.4	375.248	1245469.3	630921.8	115808.6	2782658.3	1437360.9	1300039.5	1437360.5	376.104	335659.3	2734909.5	244734.18	722472.6	190045.3	1855319.3	1179474.4	1521768.3	1325100.3	2782634.3	375.226	1803665.3	2782633.3	1404888.3	1399419.3	2904800.6	2035447.3	241591.3	113395.3	2876780.6	1197460.4
100.0	83.276459	81.890732	81.554947	81.903168	81.939392	81.942123	81.698151	82.838486	81.814011	81.542259	82.926575	81.83165	84.682877	80.705933	81.661469	81.630249	82.71431	81.613998	81.535378	81.443237	80.716797	83.024323	81.765465	81.778076	88.377853	81.850647	81.668228	81.844627	83.309372	81.698746	81.63208	82.014267	81.497482	83.000206	82.205368	81.69413	81.818871	82.794792	81.454788	81.469604	81.832275	88.16806	83.031288	91.840034	83.004433	80.932175	81.234848	80.918793	81.878952	80.868134	82.802155	80.845299	88.358978	83.75528	81.793541	82.801163	82.990372	81.719574	80.887215	81.88356	82.057907	81.79631	81.21962	81.841843	79.691208	83.160675	81.661591	81.904633	81.837418	81.644562	81.776802	81.758728	79.688965	81.79306	81.59758	81.02478	81.523521	82.827591
83.276459	100.0	82.180862	81.780472	82.329681	82.253281	82.092232	81.917252	82.91024	81.876343	81.805511	82.823135	82.123741	84.107391	81.159569	81.852859	81.764923	82.764053	81.882004	81.844116	81.698441	81.247437	82.950935	81.998962	82.137436	83.336288	81.900757	81.920914	81.869263	84.093513	82.061447	81.89212	82.134804	83.260918	82.942017	84.866844	82.014114	82.010132	82.912476	81.776604	81.659843	82.150986	83.267746	82.690903	83.547501	82.999405	81.429138	81.567734	81.312775	82.130615	81.386673	82.829605	81.502388	83.617569	84.365883	82.106995	82.848358	82.866562	82.102966	81.382431	82.268539	84.332962	82.000305	81.513382	82.163551	80.27845	83.209656	81.798454	82.099228	82.223785	81.815475	82.029655	82.094917	80.379654	82.123932	81.873337	81.445351	81.750961	82.842361
81.890732	82.180862	100.0	88.10408	89.025375	88.708755	88.737076	88.392082	83.220406	88.283531	87.998703	83.246246	88.801102	82.182983	81.660378	88.155228	88.382286	82.978256	88.218582	88.09687	87.667938	80.473618	83.2892	88.621681	88.935272	81.728073	88.847275	88.522171	88.574074	81.92662	85.583633	88.162048	88.647141	80.539055	83.355896	81.585587	88.250015	88.672691	83.214493	88.105316	87.847527	88.948997	81.736298	82.767937	82.020103	83.192764	81.916962	87.726059	82.068848	88.895157	81.995865	83.128082	82.121544	81.732536	81.805801	88.793365	83.045746	83.222885	88.70108	82.053177	89.066727	81.099609	89.220589	87.581848	88.725677	79.952057	83.401947	88.075996	89.061966	89.656769	88.078613	88.890915	89.110962	79.626343	89.067848	89.01899	81.710693	88.087219	83.040733
81.554947	81.780472	88.10408	100.0	88.19706	87.512352	87.821632	87.658966	82.764313	87.191193	89.004181	82.720276	87.641434	81.921646	81.312805	87.53862	87.359894	82.674744	87.659637	89.372513	88.580589	80.358185	82.997162	87.346725	87.655556	81.465652	88.003998	87.372696	87.212067	81.733749	85.214752	87.505859	87.422485	80.415558	83.018463	81.343575	88.729156	87.618576	82.804642	92.490479	89.014992	88.216187	81.465881	82.472229	81.740875	82.877884	81.492355	88.97345	81.763176	87.841118	81.663269	82.668991	81.752464	81.566391	81.65799	87.602928	82.739891	82.820015	87.975021	81.61161	88.216278	80.91658	88.39624	88.521362	87.783821	79.760757	82.95108	87.07132	88.355057	88.160797	87.451546	87.558006	87.716576	79.413177	87.763725	88.301735	81.416702	91.302353	82.703941
81.903168	82.329681	89.025375	88.19706	100.0	88.73925	88.973427	88.997421	83.119698	89.219437	87.772163	83.129837	88.893883	82.279358	81.740364	88.743011	88.731277	83.05249	88.870865	88.174744	87.58271	80.582458	83.290649	88.918137	89.125938	81.809845	89.341034	88.737228	88.528313	82.034744	85.810181	88.720673	88.752396	80.58931	83.30056	81.841476	88.682373	88.78389	83.11039	88.128456	87.746109	89.709862	81.756607	82.819572	82.110733	83.692139	81.976044	87.53817	82.261383	89.846512	82.130203	82.97908	82.312347	81.953995	81.993713	88.942116	83.120995	83.236237	89.124809	82.158951	89.44252	81.261726	89.664886	87.184486	89.002975	80.013008	83.236862	88.405502	90.571747	89.592972	88.702988	88.852097	89.598984	79.727173	89.064224	89.293541	81.759224	88.134933	83.20327
81.939392	82.253281	88.708755	87.512352	88.73925	100.0	89.915604	88.127602	83.200195	88.849228	87.435204	83.124687	90.467529	82.160278	81.859116	87.937073	89.64563	82.993454	87.902298	87.471817	87.633347	80.578064	83.264648	89.686447	90.415115	81.898117	88.201538	90.483978	88.82869	81.904358	85.456024	87.919411	89.368965	80.628891	83.248657	81.747604	87.603188	88.907005	83.254555	87.4095	87.204346	88.553741	81.887787	82.668655	82.194565	83.237152	82.004822	87.145103	82.270187	90.160843	82.297409	83.070419	82.422699	81.947601	81.765938	91.298973	83.088226	83.230118	88.134415	82.236786	88.401131	81.205185	88.433563	87.148438	89.938698	80.23053	83.317993	88.415649	88.465164	88.886391	87.88623	88.949768	88.631714	79.750702	90.421173	88.041145	81.791496	87.395668	83.017456
81.942123	82.092232	88.737076	87.821632	88.973427	89.915604	100.0	88.40657	83.019531	88.482903	87.506096	82.935844	90.507324	82.097366	81.733032	88.305374	89.62867	82.938362	88.407822	87.672951	87.288078	80.474945	83.092743	88.986359	90.473694	81.721771	88.615799	89.752029	88.552414	81.804016	85.421638	88.260254	88.981476	80.603317	83.131439	81.570557	87.775223	88.638817	83.004974	87.68808	87.304413	88.822548	81.725487	82.513138	82.018852	83.033363	81.952881	87.190826	82.034149	91.806946	82.110008	82.924706	82.263985	81.858139	81.844772	90.211731	82.868713	83.124603	88.715286	82.00959	88.922592	81.189323	88.749069	87.117256	93.89782	80.077179	83.163437	88.209724	88.753273	88.926086	88.16748	88.707565	88.637871	79.654724	90.374954	88.496811	81.631699	87.762238	82.932602
81.698151	81.917252	88.392082	87.658966	88.997421	88.127602	88.40657	100.0	82.768738	87.901909	87.163101	82.792542	88.238144	81.941147	81.438812	92.434921	88.663162	82.621918	92.374161	87.285065	86.892395	80.209381	82.867142	88.17627	88.259811	81.635399	90.783127	88.106773	87.83992	81.73204	85.388321	92.484177	87.976234	80.404335	82.906403	81.406418	87.782547	88.415115	82.778275	87.697708	87.016724	89.895935	81.499741	82.377678	81.934479	82.781769	81.482422	86.922089	81.699142	88.772476	81.700439	82.690552	81.815125	81.598984	81.65538	88.401192	82.597137	82.768463	88.470123	81.614029	88.74173	80.930786	89.102768	86.735603	88.400932	79.773041	82.956207	88.074036	89.080727	88.412918	92.232666	88.192963	88.197784	79.558067	88.337219	88.597656	81.456451	87.637207	82.683472
82.838486	82.91024	83.220406	82.764313	83.119698	83.200195	83.019531	82.768738	100.0	82.87265	82.821907	91.073044	82.997589	83.392883	81.834969	82.762421	82.749405	90.424019	82.748566	82.82312	82.720749	80.907852	91.711449	82.937248	83.046036	82.719284	82.875732	82.953011	82.828064	82.886665	82.684425	82.624115	83.17363	81.226974	88.055206	82.172348	83.038055	82.889465	91.262115	82.711945	82.735382	83.085266	82.649521	87.114288	83.216202	91.153458	81.874443	82.550552	82.052475	82.927277	82.018539	90.8255	82.244492	82.840317	83.041885	82.931358	91.323586	91.314827	82.899384	81.985687	83.105141	81.750984	83.004074	82.539856	82.998611	80.088928	88.230927	82.665314	83.085251	83.130981	82.719711	83.093109	82.972115	79.88945	83.10701	82.878159	81.83197	82.797089	90.446373
81.814011	81.876343	88.283531	87.191193	89.219437	88.849228	88.482903	87.901909	82.87265	100.0	87.04454	82.686028	88.721207	81.890503	81.613968	87.695717	88.467438	82.676575	87.704773	87.616524	86.854118	80.390152	82.921814	88.899109	88.678223	81.604324	88.06974	88.541985	88.385544	81.728722	85.323296	87.590294	88.847519	80.486221	82.874924	81.433304	87.435852	89.517136	82.622337	87.070251	86.792007	88.236557	81.580688	82.363037	82.008369	83.366241	81.718964	86.826385	81.888596	90.090347	81.987907	82.694252	81.995499	81.758102	81.559158	88.709091	82.730576	82.863396	87.865578	81.859406	88.022644	81.034332	88.208679	86.575195	88.447571	79.840027	82.954292	89.023407	89.41835	88.563454	87.619247	91.126953	88.290497	79.759567	88.696518	87.754082	81.544128	87.165253	82.58007
81.542259	81.805511	87.998703	89.004181	87.772163	87.435204	87.506096	87.163101	82.821907	87.04454	100.0	82.796829	87.487839	81.871231	81.500381	86.944565	86.982727	82.818771	87.021683	89.246033	90.899445	80.375748	82.914871	87.239044	87.644218	81.436829	87.485397	89.412239	87.147018	81.527802	85.045731	86.942352	87.46286	80.347137	83.013947	81.328812	88.155235	87.354172	82.819946	88.897324	91.125046	87.519699	81.434265	82.41935	81.80481	82.819572	81.594994	91.038376	81.826752	87.60125	81.765244	82.621277	81.845139	81.560257	81.548218	87.438705	82.660797	82.878487	87.48436	81.690712	87.758904	80.904205	87.68425	88.954605	87.442688	79.962585	82.969116	86.890091	87.751732	87.936584	86.870346	87.334656	87.71447	79.450272	87.683853	87.697418	81.571075	88.881668	82.625793
82.926575	82.823135	83.246246	82.720276	83.129837	83.124687	82.935844	82.792542	91.073044	82.686028	82.796829	100.0	82.931175	83.364502	81.707741	82.744453	82.696701	89.956223	82.693558	82.775848	82.720818	80.87439	91.227554	82.974449	83.067062	82.641022	82.781235	82.866287	82.734833	82.96048	82.743347	82.655075	82.92923	81.217766	87.883179	82.115776	82.926155	83.098816	90.844437	82.720665	82.663345	83.011002	82.699036	86.992676	83.09639	94.581207	81.82634	82.469482	81.958817	82.895172	82.003494	90.222809	82.029205	82.751404	82.912216	82.958023	91.033386	90.53862	82.90065	81.866684	82.961304	81.704559	82.891464	82.464508	82.982826	80.018402	88.224838	82.65419	82.981461	83.099457	82.66243	83.090469	82.878838	79.842346	83.126793	82.780746	81.611496	82.782593	90.284691
81.83165	82.123741	88.801102	87.641434	88.893883	90.467529	90.507324	88.238144	82.997589	88.721207	87.487839	82.931175	100.0	82.130127	81.78006	88.124252	90.467133	82.788727	88.212341	87.568329	87.354706	80.468346	83.06044	89.093887	90.719643	81.679535	88.534554	90.127197	88.711914	81.801079	85.447121	88.158112	89.166718	80.540665	83.047699	81.54245	87.727097	88.890457	82.862907	87.563446	87.362099	88.629105	81.697411	82.468765	82.048462	82.95076	81.893211	87.179962	82.086426	90.611252	82.07959	82.944794	82.214294	81.801437	81.795349	91.851593	82.821182	83.019714	88.375061	82.126526	88.722893	81.042641	88.594963	87.161285	90.386703	79.926376	83.112434	88.405624	88.669884	89.128372	88.107407	88.809258	88.731331	79.787537	90.708954	88.31575	81.557907	87.561531	82.756844
84.682877	84.107391	82.182983	81.921646	82.279358	82.160278	82.097366	81.941147	83.392883	81.890503	81.871231	83.364502	82.130127	100.0	80.993469	82.003342	81.837845	83.30986	81.918167	81.951859	81.754066	81.228584	83.578232	81.961899	82.104164	84.700287	82.155457	82.059921	81.919662	83.94722	81.928543	81.861099	82.110268	82.297455	83.455109	83.261749	82.000458	81.97963	83.410454	81.780899	81.821823	82.272034	84.580811	83.389938	84.793846	83.42308	81.171906	81.645187	81.270584	82.082191	81.371475	83.326675	81.363525	85.151169	85.296951	82.172211	83.501572	83.435211	82.142113	81.246956	82.260605	82.792709	82.110313	81.616661	82.042313	80.027779	83.429092	81.782394	82.179672	82.207535	81.88623	82.128601	82.137985	80.130554	82.144333	82.028732	81.201645	81.887329	83.431412
80.705933	81.159569	81.660378	81.312805	81.740364	81.859116	81.733032	81.438812	81.834969	81.613968	81.500381	81.707741	81.78006	80.993469	100.0	81.390747	81.536606	81.709747	81.498093	81.36171	81.42569	79.886139	81.86203	81.63504	81.870956	80.619362	81.620209	81.764786	81.654778	80.713196	81.417328	81.506073	81.862869	79.997269	81.854004	80.722954	81.580307	81.523376	81.687553	81.34581	81.415031	81.699463	80.680862	81.240631	80.879196	81.775818	86.862289	81.333496	87.311752	81.70224	87.466583	81.663116	87.432648	80.81694	80.79129	81.745453	81.633545	81.791092	81.610474	87.396034	81.561905	80.294846	81.658813	81.254593	81.61821	79.798203	81.793022	81.431412	81.753319	81.800629	81.326706	81.72863	81.74511	79.471977	81.868622	81.428665	80.990814	81.448517	81.589569
81.661469	81.852859	88.155228	87.53862	88.743011	87.937073	88.305374	92.434921	82.762421	87.695717	86.944565	82.744453	88.124252	82.003342	81.390747	100.0	88.266785	82.508263	94.573051	87.17215	86.721359	80.467712	82.872513	88.007698	88.10994	81.554916	90.619705	87.890244	87.625778	81.628525	85.122406	94.88401	87.780258	80.352417	83.026024	81.472488	87.721069	88.139427	82.744835	87.469742	86.872009	89.940895	81.494293	82.398903	81.894669	82.758987	81.634659	86.727394	81.662582	88.468353	81.736923	82.685204	81.758545	81.749924	81.696686	88.145065	82.636635	82.748833	88.420288	81.656418	88.614113	80.846527	88.864136	86.591316	88.453705	79.733681	82.941788	87.746902	88.734848	88.36145	94.148331	88.082001	88.000748	79.478653	88.180634	88.62426	81.39431	87.442245	82.647133
81.630249	81.764923	88.382286	87.359894	88.731277	89.64563	89.62867	88.663162	82.749405	88.467438	86.982727	82.696701	90.467133	81.837845	81.536606	88.266785	100.0	82.584793	88.246597	87.057938	86.804993	80.3741	82.78183	88.91713	89.676437	81.521332	88.431068	89.595001	88.382675	81.568672	85.273575	88.234154	88.613037	80.385284	82.694778	81.357697	87.390366	88.784142	82.692451	87.438797	86.856186	88.533325	81.63549	82.080338	81.90477	82.694885	81.630829	86.863937	81.759483	90.265457	81.784729	82.522217	81.811951	81.610275	81.582817	90.085709	82.503662	82.638199	87.933121	81.696243	88.233818	80.981522	88.3974	86.550308	89.740479	79.67804	82.84996	88.361832	88.418137	88.510338	88.123558	88.746964	88.236816	79.447182	89.672943	87.953857	81.375282	87.278694	82.497932
82.71431	82.764053	82.978256	82.674744	83.05249	82.993454	82.938362	82.621918	90.424019	82.676575	82.818771	89.956223	82.788727	83.30986	81.709747	82.508263	82.584793	100.0	82.58194	82.837791	82.591042	80.838844	90.274582	82.769463	82.807823	82.61969	82.705986	82.828941	82.70932	82.717117	82.537163	82.558525	82.986313	81.178375	87.635269	82.076843	82.844604	82.81221	90.054581	82.52623	82.694473	82.907394	82.59346	86.584137	82.995422	89.990311	81.775681	82.477287	81.999832	82.937874	81.956215	89.880096	82.043846	82.697052	82.927826	82.902534	90.057098	90.823578	82.703148	81.871582	83.538193	81.583702	82.860733	82.44104	82.820877	80.137512	87.79377	82.502686	82.866653	83.017464	82.463852	82.811958	82.912971	79.869682	82.928917	82.637291	81.731476	82.762291	89.670258
81.613998	81.882004	88.218582	87.659637	88.870865	87.902298	88.407822	92.374161	82.748566	87.704773	87.021683	82.693558	88.212341	81.918167	81.498093	94.573051	88.246597	82.58194	100.0	87.312958	86.807999	80.32547	82.765686	88.086487	88.222168	81.494583	90.604057	87.969223	87.730499	81.638718	85.188812	94.288025	87.860596	80.435089	82.911835	81.455299	87.705826	88.188751	82.649681	87.613953	87.030663	89.899284	81.441292	82.372185	81.777039	82.671265	81.602127	86.88781	81.630035	88.579681	81.747223	82.6091	81.766533	81.466888	81.669495	88.13002	82.71376	82.715553	88.447556	81.662788	88.641609	80.908218	88.861649	86.645699	88.46138	79.769211	82.863235	87.815491	88.754814	88.341385	94.247284	88.043625	88.074707	79.470184	88.224075	88.627068	81.357353	87.608185	82.617126
81.535378	81.844116	88.09687	89.372513	88.174744	87.471817	87.672951	87.285065	82.82312	87.616524	89.246033	82.775848	87.568329	81.951859	81.36171	87.17215	87.057938	82.837791	87.312958	100.0	88.757339	80.436272	82.960388	87.269547	87.694046	81.544632	87.647652	87.367813	86.959366	81.619469	85.135872	87.133163	87.316467	80.54747	83.023125	81.443314	88.443222	87.2827	82.817627	89.352722	89.669952	87.776596	81.497131	82.528732	81.84185	82.915527	81.630157	89.536743	81.818573	88.150345	81.709137	82.699112	81.877655	81.574615	81.600601	87.49437	82.766167	82.946777	87.817978	81.697708	88.03363	80.852783	87.938278	88.59021	87.593292	79.937531	82.968338	86.885811	88.251862	88.11821	87.10022	87.556374	87.716949	79.710289	87.744324	87.967484	81.552536	89.339699	82.676743
81.443237	81.698441	87.667938	88.580589	87.58271	87.633347	87.288078	86.892395	82.720749	86.854118	90.899445	82.720818	87.354706	81.754066	81.42569	86.721359	86.804993	82.591042	86.807999	88.757339	100.0	80.269234	82.743011	87.07946	87.463013	81.43734	87.19487	89.257332	87.052765	81.495743	84.820557	86.751076	87.288879	80.325294	82.943077	81.387848	87.795082	87.19297	82.609451	88.528534	90.221878	87.383316	81.321533	82.206955	81.706741	82.668274	81.504471	90.017433	81.708435	87.462341	81.682236	82.529648	81.786957	81.439316	81.488968	87.249283	82.552231	82.815979	87.245201	81.648109	87.492554	80.854652	87.403992	91.766029	87.207764	79.666168	82.785583	86.710121	87.391602	87.744568	86.640305	87.164886	87.364838	79.452721	87.619614	87.335739	81.405746	88.515106	82.566376
80.716797	81.247437	80.473618	80.358185	80.582458	80.578064	80.474945	80.209381	80.907852	80.390152	80.375748	80.87439	80.468346	81.228584	79.886139	80.467712	80.3741	80.838844	80.32547	80.436272	80.269234	100.0	80.779053	80.497772	80.548187	80.616806	80.471466	80.420906	80.383987	80.839218	80.45752	80.309906	80.516617	80.874298	80.784744	81.152206	80.474075	80.398743	80.846481	80.235245	80.329376	80.544861	80.521851	80.778412	80.668274	80.995621	80.00322	80.257225	79.886887	80.504379	79.995872	80.693069	79.977829	80.710678	81.001884	80.588104	80.858505	80.916	80.45784	79.90699	80.525696	80.868103	80.530762	80.131317	80.523193	79.108429	80.873749	80.334145	80.45546	80.471848	80.287262	80.428009	80.43985	79.261917	80.512695	80.311096	80.10276	80.452957	80.734985
83.024323	82.950935	83.2892	82.997162	83.290649	83.264648	83.092743	82.867142	91.711449	82.921814	82.914871	91.227554	83.06044	83.578232	81.86203	82.872513	82.78183	90.274582	82.765686	82.960388	82.743011	80.779053	100.0	82.963219	83.211578	82.938553	82.935104	83.017197	82.973053	82.984406	82.751602	82.788574	83.196121	81.283363	88.062485	82.278793	82.995789	82.978745	92.064987	82.881378	82.920212	83.195007	82.759277	87.106873	83.151489	91.417313	81.949539	82.698151	82.144714	83.081322	82.051407	91.551651	82.18615	83.003548	83.176208	83.061035	91.785309	91.111771	82.992477	82.048714	83.155441	81.837021	83.169624	82.575119	83.054352	80.27713	88.503143	82.835754	83.173607	83.309998	82.719254	83.040985	83.134483	79.837151	83.25827	82.912964	81.837402	82.943329	90.721313
81.765465	81.998962	88.621681	87.346725	88.918137	89.686447	88.986359	88.17627	82.937248	88.899109	87.239044	82.974449	89.093887	81.961899	81.63504	88.007698	88.91713	82.769463	88.086487	87.269547	87.07946	80.497772	82.963219	100.0	89.214737	81.739197	88.28894	89.257355	90.197906	81.694946	85.371559	87.995987	90.136246	80.468353	82.984665	81.714294	87.623413	89.283188	82.854767	87.320869	86.975113	88.528206	81.696381	82.476761	82.066208	83.045044	81.919113	86.829224	82.078972	89.477188	82.04628	82.833801	82.077377	81.790955	81.666107	89.23246	82.772987	83.004128	88.198921	81.925537	88.416466	80.981003	88.342117	86.918121	89.084518	79.940361	83.09639	88.840508	88.417236	88.747894	87.883636	89.080231	88.743103	79.639847	89.186172	88.009857	81.647301	87.301003	82.689903
81.778076	82.137436	88.935272	87.655556	89.125938	90.415115	90.473694	88.259811	83.046036	88.678223	87.644218	83.067062	90.719643	82.104164	81.870956	88.10994	89.676437	82.807823	88.222168	87.694046	87.463013	80.548187	83.211578	89.214737	100.0	81.749283	88.536484	90.485077	88.819435	81.817474	85.439888	88.168259	89.250854	80.561722	83.337883	81.540718	87.822334	88.829742	83.070114	87.668457	87.379883	88.804222	81.621002	82.537888	81.998459	83.014221	81.987411	87.333778	82.150757	90.659912	82.147232	83.023041	82.23468	81.821243	81.740318	90.786285	82.90921	82.9916	88.55397	82.051407	88.739929	81.105766	88.64447	87.243652	90.471329	80.048767	83.27301	88.340645	88.700912	89.167816	88.034241	88.87899	89.029663	79.635818	93.593536	88.444855	81.677902	87.638062	82.850143
88.377853	83.336288	81.728073	81.465652	81.809845	81.898117	81.721771	81.635399	82.719284	81.604324	81.436829	82.641022	81.679535	84.700287	80.619362	81.554916	81.521332	82.61969	81.494583	81.544632	81.43734	80.616806	82.938553	81.739197	81.749283	100.0	81.72702	81.593422	81.643959	83.230087	81.580826	81.477249	81.776848	81.41568	82.758194	82.376862	81.722305	81.514076	82.64801	81.413757	81.464081	81.800835	91.792755	82.636894	88.268219	82.662025	80.769775	81.296051	80.802582	81.705307	80.790405	82.578979	80.7733	87.837738	83.784775	81.802917	82.796051	82.710632	81.605545	80.82135	81.78717	82.066971	81.688599	81.134987	81.770584	79.525269	82.898026	81.534592	81.656021	81.772049	81.487038	81.803436	81.67765	79.706261	81.814278	81.564392	80.960709	81.526924	82.775497
81.850647	81.900757	88.847275	88.003998	89.341034	88.201538	88.615799	90.783127	82.875732	88.06974	87.485397	82.781235	88.534554	82.155457	81.620209	90.619705	88.431068	82.705986	90.604057	87.647652	87.19487	80.471466	82.935104	88.28894	88.536484	81.72702	100.0	88.269386	88.123611	81.870621	85.592949	90.788818	88.192085	80.505234	83.058403	81.484612	88.138206	88.670502	82.821045	88.169846	87.302521	89.949966	81.649879	82.571381	81.993546	82.898979	81.695152	87.219048	81.803909	89.048752	81.835144	82.71183	81.950317	81.696266	81.952599	88.578781	82.693832	82.859276	88.711845	81.71315	89.040512	81.090103	89.360764	87.096436	88.672958	79.759232	83.00737	88.064072	89.329285	88.703888	90.50325	88.418724	88.445152	79.433022	88.486404	89.315056	81.495331	87.963409	82.774513
81.668228	81.920914	88.522171	87.372696	88.737228	90.483978	89.752029	88.106773	82.953011	88.541985	89.412239	82.866287	90.127197	82.059921	81.764786	87.890244	89.595001	82.828941	87.969223	87.367813	89.257332	80.420906	83.017197	89.257355	90.485077	81.593422	88.269386	100.0	88.925919	81.723602	85.296265	87.9048	89.431381	80.493675	83.038612	81.564697	87.607582	88.815598	82.952728	87.29071	89.257233	88.492584	81.543289	82.389725	81.986717	82.902359	81.919708	89.043564	82.034424	90.182526	82.045143	82.681221	82.096848	81.648285	81.643585	90.507675	82.799484	82.904022	88.102951	82.039154	88.379776	80.98188	88.277908	86.953514	89.792877	80.005692	83.016167	88.27758	88.336258	88.800941	87.836548	88.772491	88.73497	79.651779	90.375641	88.087814	81.625366	87.3806	82.678917
81.844627	81.869263	88.574074	87.212067	88.528313	88.82869	88.552414	87.83992	82.828064	88.385544	87.147018	82.734833	88.711914	81.919662	81.654778	87.625778	88.382675	82.70932	87.730499	86.959366	87.052765	80.383987	82.973053	90.197906	88.819435	81.643959	88.123611	88.925919	100.0	81.680374	85.240692	87.453415	90.01442	80.409317	82.931427	81.323868	87.507919	89.225594	82.748833	87.149719	86.869446	88.342133	81.664825	82.290955	81.828255	82.825256	81.796692	86.819901	81.943283	88.671638	81.93515	82.724854	82.128235	81.649445	81.489395	88.620773	82.627426	82.878487	87.928894	81.790131	88.157898	80.999893	88.268631	87.020676	88.545135	79.834358	82.885742	88.374878	88.067123	88.723824	87.455086	88.578247	88.768158	79.534889	88.797073	87.893112	81.521591	87.171761	82.6772
83.309372	84.093513	81.92662	81.733749	82.034744	81.904358	81.804016	81.73204	82.886665	81.728722	81.527802	82.96048	81.801079	83.94722	80.713196	81.628525	81.568672	82.717117	81.638718	81.619469	81.495743	80.839218	82.984406	81.694946	81.817474	83.230087	81.870621	81.723602	81.680374	100.0	82.009888	81.705948	81.916489	82.21933	82.92421	83.047577	81.811592	81.811134	82.913239	81.582253	81.671661	81.908569	83.220398	82.80777	83.485718	82.995361	80.775993	81.427292	80.871506	81.822723	80.996155	82.741638	80.976959	83.533249	84.285858	81.843109	82.824036	82.911194	81.845139	80.863113	81.888931	83.11129	81.943695	81.40403	81.7854	79.551376	83.084503	81.582695	81.841446	81.908211	81.674866	81.732147	81.856522	79.588173	81.950302	81.773331	81.181877	81.616035	82.894585
81.698746	82.061447	85.583633	85.214752	85.810181	85.456024	85.421638	85.388321	82.684425	85.323296	85.045731	82.743347	85.447121	81.928543	81.417328	85.122406	85.273575	82.537163	85.188812	85.135872	84.820557	80.45752	82.751602	85.371559	85.439888	81.580826	85.592949	85.296265	85.240692	82.009888	100.0	85.059158	85.54071	80.49884	82.856728	81.523254	85.513611	85.501648	82.679871	85.14119	84.929672	85.661514	81.650635	82.372696	82.053741	82.825569	81.590462	84.880402	81.672371	85.57634	81.550903	82.712685	81.63176	81.767029	81.724503	85.42189	82.673958	82.717178	85.44043	81.603149	85.697556	81.062302	85.770164	84.911415	85.44883	79.631271	82.921097	85.167572	85.783508	85.618484	85.114487	85.491364	85.590263	79.465012	85.540695	85.318542	81.578171	85.236511	82.658813
81.63208	81.89212	88.162048	87.505859	88.720673	87.919411	88.260254	92.484177	82.624115	87.590294	86.942352	82.655075	88.158112	81.861099	81.506073	94.88401	88.234154	82.558525	94.288025	87.133163	86.751076	80.309906	82.788574	87.995987	88.168259	81.477249	90.788818	87.9048	87.453415	81.705948	85.059158	100.0	87.785965	80.470932	82.830292	81.438965	87.650055	88.015167	82.61792	87.430878	86.839066	89.869843	81.491638	82.363945	81.724686	82.702972	81.615166	86.816345	81.590324	88.384323	81.722122	82.496353	81.775909	82.027496	81.664246	88.045616	82.650787	82.717789	88.437836	81.733063	88.700981	80.917267	88.97654	86.498093	88.35878	79.782036	82.717529	87.929092	88.730774	88.301651	94.568031	88.094666	88.022438	79.542084	88.221802	88.573471	81.348419	87.448242	82.560829
82.014267	82.134804	88.647141	87.422485	88.752396	89.368965	88.981476	87.976234	83.17363	88.847519	87.46286	82.92923	89.166718	82.110268	81.862869	87.780258	88.613037	82.986313	87.860596	87.316467	87.288879	80.516617	83.196121	90.136246	89.250854	81.776848	88.192085	89.431381	90.01442	81.916489	85.54071	87.785965	100.0	80.599045	83.168198	81.63427	87.772675	88.80307	83.146278	87.35701	87.239616	88.431656	81.85701	82.550926	82.153488	83.122955	82.079536	87.07856	82.248932	89.086426	82.165466	82.943497	82.184021	81.885406	81.762482	89.119156	82.88353	83.059105	88.121414	82.153084	88.259018	81.205475	88.319244	86.92659	88.962708	80.098633	83.231613	88.468605	88.150955	88.99881	87.749763	89.083084	89.025681	79.608795	89.216209	88.015419	81.783096	87.369675	82.83992
81.497482	83.260918	80.539055	80.415558	80.58931	80.628891	80.603317	80.404335	81.226974	80.486221	80.347137	81.217766	80.540665	82.297455	79.997269	80.352417	80.385284	81.178375	80.435089	80.54747	80.325294	80.874298	81.283363	80.468353	80.561722	81.41568	80.505234	80.493675	80.409317	82.21933	80.49884	80.470932	80.599045	100.0	81.332809	82.782852	80.58493	80.483017	81.21608	80.310715	80.492294	80.66629	81.438049	81.23674	81.551743	81.270386	80.150375	80.20845	79.989838	80.590347	80.103333	81.156792	79.92926	81.691658	82.64389	80.517838	81.359329	81.200729	80.576904	79.942337	80.624207	82.682495	80.506699	80.300049	80.439636	79.255142	81.245712	80.311157	80.552505	80.556259	80.400818	80.560524	80.461639	79.45388	80.537079	80.447525	80.282753	80.384323	81.188141
83.000206	82.942017	83.355896	83.018463	83.30056	83.248657	83.131439	82.906403	88.055206	82.874924	83.013947	87.883179	83.047699	83.455109	81.854004	83.026024	82.694778	87.635269	82.911835	83.023125	82.943077	80.784744	88.062485	82.984665	83.337883	82.758194	83.058403	83.038612	82.931427	82.92421	82.856728	82.830292	83.168198	81.332809	100.0	82.211357	83.144714	83.017975	87.92379	82.945435	82.854828	83.219528	82.845604	87.062134	83.280098	87.985855	81.890915	82.733902	82.131172	83.182648	82.103752	87.719147	82.161354	82.921051	83.114914	83.176956	87.769363	87.873077	83.10804	81.990265	83.279449	81.848351	83.146904	82.797478	83.115509	80.147339	88.3293	82.823746	83.081757	83.368088	82.900459	83.04892	83.130821	79.739822	83.242935	83.001785	81.966232	83.07312	87.946175
82.205368	84.866844	81.585587	81.343575	81.841476	81.747604	81.570557	81.406418	82.172348	81.433304	81.328812	82.115776	81.54245	83.261749	80.722954	81.472488	81.357697	82.076843	81.455299	81.443314	81.387848	81.152206	82.278793	81.714294	81.540718	82.376862	81.484612	81.564697	81.323868	83.047577	81.523254	81.438965	81.63427	82.782852	82.211357	100.0	81.623413	81.437294	82.163513	81.472473	81.353676	81.772324	82.255707	82.199326	82.396217	82.190048	80.923386	81.19471	80.954758	81.578369	81.083359	82.152618	81.080971	82.416878	83.649719	81.586945	82.129585	82.168922	81.555588	80.90889	81.634872	84.292892	81.585388	81.046021	81.608505	79.808144	82.221527	81.293564	81.51181	81.67675	81.428619	81.545288	81.518883	79.636612	81.639954	81.295105	81.149033	81.428421	82.018578
81.69413	82.014114	88.250015	88.729156	88.682373	87.603188	87.775223	87.782547	83.038055	87.435852	88.155235	82.926155	87.727097	82.000458	81.580307	87.721069	87.390366	82.844604	87.705826	88.443222	87.795082	80.474075	82.995789	87.623413	87.822334	81.722305	88.138206	87.607582	87.507919	81.811592	85.513611	87.650055	87.772675	80.58493	83.144714	81.623413	100.0	87.765495	82.950104	88.781952	88.09819	88.34037	81.7659	82.59964	82.050865	83.046783	81.788925	88.010727	81.868546	88.039871	81.928467	82.823517	81.979935	81.692665	81.764465	87.795448	82.849579	83.0327	88.041367	81.802567	88.196724	81.265472	88.313309	87.583801	87.732407	79.845474	83.187645	87.464325	88.429451	88.274719	87.634796	87.6744	88.105255	79.563416	87.843437	88.332123	81.664993	88.786781	82.836792
81.818871	82.010132	88.672691	87.618576	88.78389	88.907005	88.638817	88.415115	82.889465	89.517136	87.354172	83.098816	88.890457	81.97963	81.523376	88.139427	88.784142	82.81221	88.188751	87.2827	87.19297	80.398743	82.978745	89.283188	88.829742	81.514076	88.670502	88.815598	89.225594	81.811134	85.501648	88.015167	88.80307	80.483017	83.017975	81.437294	87.765495	100.0	82.965294	87.486816	87.138916	88.769547	81.699753	82.390121	81.927681	82.919502	81.841461	86.987076	81.88765	88.901978	81.907471	82.822845	81.969414	81.665512	81.588837	88.793068	82.841568	82.974197	88.23539	81.755096	88.531387	81.009232	88.518692	87.008514	88.743988	79.836662	83.175385	91.215157	88.400635	88.665291	87.938599	90.149017	88.580475	79.548782	88.87265	88.237183	81.5597	87.445267	82.857254
82.794792	82.912476	83.214493	82.804642	83.11039	83.254555	83.004974	82.778275	91.262115	82.622337	82.819946	90.844437	82.862907	83.410454	81.687553	82.744835	82.692451	90.054581	82.649681	82.817627	82.609451	80.846481	92.064987	82.854767	83.070114	82.64801	82.821045	82.952728	82.748833	82.913239	82.679871	82.61792	83.146278	81.21608	87.92379	82.163513	82.950104	82.965294	100.0	82.772453	82.74575	83.130661	82.609512	87.010757	83.013382	91.455383	81.981949	82.569229	81.929291	82.825607	81.977837	92.113808	82.032722	82.820343	82.904099	82.990509	92.631538	91.215988	82.913452	81.968964	83.065414	81.630508	83.000763	82.448906	82.928429	80.22477	88.454453	82.474258	82.994766	83.116333	82.6521	82.943237	82.859924	79.783783	83.075653	82.764236	81.701843	82.818886	90.353287
81.454788	81.776604	88.105316	92.490479	88.128456	87.4095	87.68808	87.697708	82.711945	87.070251	88.897324	82.720665	87.563446	81.780899	81.34581	87.469742	87.438797	82.52623	87.613953	89.352722	88.528534	80.235245	82.881378	87.320869	87.668457	81.413757	88.169846	87.29071	87.149719	81.582253	85.14119	87.430878	87.35701	80.310715	82.945435	81.472473	88.781952	87.486816	82.772453	100.0	88.914337	88.203049	81.386658	82.272522	81.695145	82.795914	81.507988	88.854218	81.664932	87.821121	81.669678	82.612747	81.708794	81.497375	81.539185	87.48494	82.626862	82.761536	87.930893	81.634155	88.152603	80.871841	88.147697	88.477173	87.65802	79.683456	82.825119	87.064316	88.169281	88.015404	87.483139	87.514984	87.594368	79.324371	87.756012	88.281578	81.262497	90.967079	82.519424
81.469604	81.659843	87.847527	89.014992	87.746109	87.204346	87.304413	87.016724	82.735382	86.792007	91.125046	82.663345	87.362099	81.821823	81.415031	86.872009	86.856186	82.694473	87.030663	89.669952	90.221878	80.329376	82.920212	86.975113	87.379883	81.464081	87.302521	89.257233	86.869446	81.671661	84.929672	86.839066	87.239616	80.492294	82.854828	81.353676	88.09819	87.138916	82.74575	88.914337	100.0	87.523392	81.374039	82.330032	81.783035	82.670563	81.543358	93.130142	81.714638	87.339798	81.693726	82.65477	81.763687	81.433006	81.53595	87.230927	82.590027	82.805267	87.377136	81.778236	87.636093	80.929199	87.625214	88.31781	87.342957	79.708847	82.803391	86.567505	87.688904	87.84343	86.794403	87.147758	87.42894	79.53019	87.462746	87.633438	81.46228	89.057037	82.623489
81.832275	82.150986	88.948997	88.216187	89.709862	88.553741	88.822548	89.895935	83.085266	88.236557	87.519699	83.011002	88.629105	82.272034	81.699463	89.940895	88.533325	82.907394	89.899284	87.776596	87.383316	80.544861	83.195007	88.528206	88.804222	81.800835	89.949966	88.492584	88.342133	81.908569	85.661514	89.869843	88.431656	80.66629	83.219528	81.772324	88.34037	88.769547	83.130661	88.203049	87.523392	100.0	81.696236	82.762466	82.029282	83.119324	81.927742	87.503784	82.018112	89.074539	82.010635	82.976547	82.132385	81.957054	81.958603	88.73526	82.919937	83.106232	89.101212	82.064651	89.336426	81.143478	89.501587	87.175186	88.964172	79.800598	83.240402	88.351334	89.49379	88.878555	89.737846	88.59761	88.702034	79.623665	88.791718	89.138321	81.705711	88.117554	82.842934
88.16806	83.267746	81.736298	81.465881	81.756607	81.887787	81.725487	81.499741	82.649521	81.580688	81.434265	82.699036	81.697411	84.580811	80.680862	81.494293	81.63549	82.59346	81.441292	81.497131	81.321533	80.521851	82.759277	81.696381	81.621002	91.792755	81.649879	81.543289	81.664825	83.220398	81.650635	81.491638	81.85701	81.438049	82.845604	82.255707	81.7659	81.699753	82.609512	81.386658	81.374039	81.696236	100.0	82.701614	88.155441	82.660065	80.78653	81.12088	80.837059	81.72876	80.87999	82.544739	80.857269	87.686325	83.59774	81.859253	82.69165	82.825401	81.63237	80.75235	81.704109	82.077576	81.752533	81.133438	81.711823	79.698357	82.836716	81.486649	81.682777	81.843643	81.476364	81.854965	81.76178	79.632271	81.848343	81.483383	80.92804	81.514526	82.635254
83.031288	82.690903	82.767937	82.472229	82.819572	82.668655	82.513138	82.377678	87.114288	82.363037	82.41935	86.992676	82.468765	83.389938	81.240631	82.398903	82.080338	86.584137	82.372185	82.528732	82.206955	80.778412	87.106873	82.476761	82.537888	82.636894	82.571381	82.389725	82.290955	82.80777	82.372696	82.363945	82.550926	81.23674	87.062134	82.199326	82.59964	82.390121	87.010757	82.272522	82.330032	82.762466	82.701614	100.0	83.119186	87.004379	81.509735	82.246803	81.568817	82.609558	81.51712	86.788956	81.584488	82.958542	83.244652	82.554817	87.043831	86.922096	82.574974	81.41127	82.702774	81.740982	82.665298	82.020981	82.549278	80.037476	87.065018	82.194778	82.621002	82.78717	82.265808	82.485733	82.61969	79.707809	82.67041	82.478813	81.505249	82.50724	87.094124
91.840034	83.547501	82.020103	81.740875	82.110733	82.194565	82.018852	81.934479	83.216202	82.008369	81.80481	83.09639	82.048462	84.793846	80.879196	81.894669	81.90477	82.995422	81.777039	81.84185	81.706741	80.668274	83.151489	82.066208	81.998459	88.268219	81.993546	81.986717	81.828255	83.485718	82.053741	81.724686	82.153488	81.551743	83.280098	82.396217	82.050865	81.927681	83.013382	81.695145	81.783035	82.029282	88.155441	83.119186	100.0	83.183083	80.950943	81.569321	81.216309	82.092796	81.243774	83.005814	81.129868	87.980789	83.925629	82.094261	83.083466	83.14093	81.823395	81.141418	82.087677	82.197639	82.078491	81.489525	82.06942	79.733917	83.295876	81.856979	81.991821	82.194588	81.797684	82.084297	82.059937	79.889038	82.217949	81.940216	81.153099	81.925217	83.136543
83.004433	82.999405	83.192764	82.877884	83.692139	83.237152	83.033363	82.781769	91.153458	83.366241	82.819572	94.581207	82.95076	83.42308	81.775818	82.758987	82.694885	89.990311	82.671265	82.915527	82.668274	80.995621	91.417313	83.045044	83.014221	82.662025	82.898979	82.902359	82.825256	82.995361	82.825569	82.702972	83.122955	81.270386	87.985855	82.190048	83.046783	82.919502	91.455383	82.795914	82.670563	83.119324	82.660065	87.004379	83.183083	100.0	81.906158	82.48539	82.065262	83.774887	82.038879	90.300049	82.05928	82.730247	83.002686	82.945702	91.116425	90.656281	82.844139	81.909851	82.951439	81.813385	82.950943	82.656235	82.945099	80.162155	88.684128	82.752457	83.774696	83.153877	82.719666	82.960365	82.912521	79.812637	83.203758	82.714027	81.671722	82.844238	90.306122
80.932175	81.429138	81.916962	81.492355	81.976044	82.004822	81.952881	81.482422	81.874443	81.718964	81.594994	81.82634	81.893211	81.171906	86.862289	81.634659	81.630829	81.775681	81.602127	81.630157	81.504471	80.00322	81.949539	81.919113	81.987411	80.769775	81.695152	81.919708	81.796692	80.775993	81.590462	81.615166	82.079536	80.150375	81.890915	80.923386	81.788925	81.841461	81.981949	81.507988	81.543358	81.927742	80.78653	81.509735	80.950943	81.906158	100.0	81.429543	86.869415	81.863655	88.816978	81.888199	87.138351	80.930328	80.878296	81.884277	81.795609	81.951935	81.83004	87.476471	81.783905	80.416367	81.948013	81.287537	81.926361	79.814537	81.945496	81.531952	81.977676	82.056572	81.600662	81.823578	81.949326	79.447922	81.988464	81.627243	80.988297	81.660202	81.72628
81.234848	81.567734	87.726059	88.97345	87.53817	87.145103	87.190826	86.922089	82.550552	86.826385	91.038376	82.469482	87.179962	81.645187	81.333496	86.727394	86.863937	82.477287	86.88781	89.536743	90.017433	80.257225	82.698151	86.829224	87.333778	81.296051	87.219048	89.043564	86.819901	81.427292	84.880402	86.816345	87.07856	80.20845	82.733902	81.19471	88.010727	86.987076	82.569229	88.854218	93.130142	87.503784	81.12088	82.246803	81.569321	82.48539	81.429543	100.0	81.633911	87.259995	81.657143	82.458351	81.685722	81.315521	81.386208	87.130333	82.479416	82.535355	87.358185	81.576141	87.523636	80.759636	87.538559	88.258087	87.205162	79.702362	82.694527	86.525894	87.516739	87.717545	86.725128	87.086884	87.32431	79.33448	87.405518	87.606903	81.280197	89.074028	82.358696
80.918793	81.312775	82.068848	81.763176	82.261383	82.270187	82.034149	81.699142	82.052475	81.888596	81.826752	81.958817	82.086426	81.270584	87.311752	81.662582	81.759483	81.999832	81.630035	81.818573	81.708435	79.886887	82.144714	82.078972	82.150757	80.802582	81.803909	82.034424	81.943283	80.871506	81.672371	81.590324	82.248932	79.989838	82.131172	80.954758	81.868546	81.88765	81.929291	81.664932	81.714638	82.018112	80.837059	81.568817	81.216309	82.065262	86.869415	81.633911	100.0	82.031128	87.713379	81.965576	89.396255	80.936028	80.875961	82.121826	81.918686	82.060669	82.015228	88.584656	81.994629	80.377258	81.867325	81.493011	82.011246	79.955719	82.145203	81.73085	81.946838	82.151672	81.680466	81.950546	82.093567	79.552277	82.219162	81.755661	81.070732	81.880722	81.800636
81.878952	82.130615	88.895157	87.841118	89.846512	90.160843	91.806946	88.772476	82.927277	90.090347	87.60125	82.895172	90.611252	82.082191	81.70224	88.468353	90.265457	82.937874	88.579681	88.150345	87.462341	80.504379	83.081322	89.477188	90.659912	81.705307	89.048752	90.182526	88.671638	81.822723	85.57634	88.384323	89.086426	80.590347	83.182648	81.578369	88.039871	88.901978	82.825607	87.821121	87.339798	89.074539	81.72876	82.609558	82.092796	83.774887	81.863655	87.259995	82.031128	100.0	82.145889	82.835648	82.205551	81.830986	81.72789	90.558884	82.797089	83.136856	88.641434	82.097221	88.849716	81.134506	89.039383	87.078903	91.970245	79.941254	83.141617	88.564552	90.136719	89.170959	88.239624	89.172287	88.829498	79.70314	90.812347	88.63942	81.692764	87.738525	82.850662
