48665.5	1855352.4	444103.5	2710756.3	2175864.3	1888.43	1109743.5	2782004.3	1176198.4	2768066.3	1849967.7	73044.12	73044.9	1355015.12	2751189.3	33900.17	2582831.3	2692233.3	1442032.3	2721173.3	2726118.3	264445.3	80860.3	2825844.3	1926.3	164348.7	2686304.3	68214.14	1214242.5	146923.5	2563602.3	278992.5	47716.12	2083284.3	1902.64	2662065.3	2305221.3	67345.6	1932.7	1887.6	59299.27	1751294.3	2203204.3	665577.7	68203.13	285570.6	1783515.3	2838015.3	2072505.3	116188.4	1079985.11	45398.9	2809700.4	114686.5	33899.19	1890.28	2135430.3	1882757.3	249586.4	2184053.3	2730915.3	42881.4	477245.3	1885.4	1907.4	2714844.4	1725411.3	646637.3	67304.8	2781734.3	2306165.3	2495589.3	1915.8	1214101.3	68232.3	1827580.3	2496836.3	1413221.3	2768067.3	2695266.3	2801030.3	2801029.3	1054862.11	2609807.3	2653200.3	2865673.3	424188.3	40318.3	47760.6	2797636.3	2594460.3	2721243.3	2721244.3	2662397.3	2049881.3	227882.62	67258.4	1303692.3	2772433.3	67263.32	67351.12	2840373.3	2005885.3	1661694.4	1664033.3	2855836.3	2750025.3	455632.4	132474.56	1306175.6	2692234.3	1434306.3	2866715.3	2738410.3	553510.3	1403539.3	47763.27	1546107.4	2721245.3	2293571.4	1160718.9	1912.57	285578.11	1961713.3	1920.4	234612.4	2607753.3	1648182.5	1812480.3	2801031.3	1972846.3	66374.6	54571.43	2099584.3	36818.16	465541.12	2305220.3	58340.34	54571.44	68209.3	319947.4	54571.45	54571.47	54571.46	1967.6	1616117.3	1642299.6	2203205.3	132473.7	1854574.8	2838850.3	2768069.3	68270.4	2136401.3	66871.3	67267.5	39478.4	2684468.3	1905.9	67294.3	54571.11	54571.48	67260.4	953739.44	67367.6	362257.4	1169025.9	2420135.5	862751.12	28894.3	202862.4	1893.7	67296.3	193462.5	2705439.3	2717324.3	1333528.4	2282738.3	2585716.3	2898276.3	436397.4	1690221.3	2174846.3	2768068.3	2676871.3	38300.11	1950.16	316280.3	1077946.3	1977088.4	1616117.8	1535768.3	35621.24	1223523.8	51201.9	66425.3	173860.4	284034.3	1940.3	53451.4	1886.152	2742136.3	1888.31	1901.28	83656.11	2599401.3	2797167.3	1984801.3	83656.9	2684469.3	1038929.12	403935.6	2742130.3	371608.7	749414.3	1912.5	1343740.29	75293.3	2750011.3	2742137.3
100.0	85.755295	78.210175	78.30957	78.350342	78.652504	77.994896	78.532059	78.606537	78.446976	79.303085	79.602242	79.522919	78.967819	79.495811	79.4422	79.299271	79.420822	79.05941	79.154388	79.241714	79.111557	79.402298	79.228844	79.101944	79.203018	79.045456	79.040649	79.382736	79.328979	79.163773	78.960907	79.134857	79.228134	79.202423	79.182983	79.269882	79.096176	79.319305	79.439339	79.367622	79.222176	79.101913	79.3638	79.460587	79.19812	78.917809	78.917511	78.947937	78.855804	78.994408	78.860245	78.701233	78.862396	78.923714	78.897995	78.746437	78.962631	78.756699	78.911484	78.820328	79.216904	79.157684	79.253647	79.110703	79.238686	78.870132	78.916618	79.060982	78.750351	78.90065	78.758072	78.771988	78.988739	79.097244	79.19593	78.771423	78.915703	78.77037	78.913254	78.523392	78.489967	78.792526	78.854797	78.606354	78.699234	78.738441	78.918526	78.678116	78.495438	78.756973	78.66671	78.774658	78.876816	78.88559	78.839485	79.151276	79.056953	79.140617	79.287727	79.003174	79.16748	79.263535	79.229073	79.147316	79.156784	79.072754	79.114487	79.135956	79.065964	79.311325	79.352333	79.488892	79.352509	79.230026	79.171196	78.996826	79.087051	79.025436	79.111488	79.172852	79.059464	79.471626	79.33223	79.221741	79.206505	79.214264	79.185013	79.169754	79.174026	79.254929	79.159775	79.233749	78.883362	79.289932	79.212044	79.335251	79.228043	79.424393	79.27433	78.616989	78.708923	78.683578	78.875656	78.717331	78.772522	78.858963	78.945572	78.997635	78.953064	78.733582	79.007271	78.646019	78.586792	78.711502	78.657623	79.426743	79.247597	79.319153	79.38765	79.193787	79.271835	79.430099	79.393402	79.343246	79.332947	78.798355	78.899918	79.138962	79.13176	79.088257	79.012878	78.978973	78.646988	78.644333	78.589142	78.530167	78.506531	79.087555	79.379501	79.446167	78.945374	79.135414	79.12114	79.121796	79.116386	79.147812	79.043221	79.183197	79.248505	79.155533	79.043243	79.307762	79.457588	79.522614	79.419266	79.366394	79.377609	79.317001	79.080811	79.304779	79.131386	79.068695	78.824379	78.680573	78.553879	78.499374	78.210571	78.128143	79.8853	79.154099	79.409134	78.921204	78.876312	78.826889	78.779251	78.733948	78.680099	78.887154	79.163696
85.755295	100.0	77.850365	77.946297	78.012772	78.016678	77.574234	78.312714	78.31604	78.023186	79.091324	79.050095	79.128159	78.464355	78.844284	78.80542	78.881615	78.840904	78.542953	78.776718	78.823769	78.54982	78.771812	78.588783	78.602997	78.554909	78.589951	78.415344	78.788002	78.68219	78.849716	78.725235	78.561485	78.756424	78.676971	78.582527	78.76059	78.609039	78.899155	78.749947	78.847305	78.671341	78.59816	78.833466	78.957741	78.712746	78.518318	78.499634	78.58934	78.407402	78.432388	78.559357	78.120773	78.456238	78.573692	78.580399	78.220917	78.318001	78.272232	78.397659	78.494797	78.691261	78.646027	78.776505	78.878265	78.858124	78.51265	78.471771	78.5	78.416794	78.521927	78.387375	78.305664	78.54689	78.800369	78.739944	78.229797	78.377983	78.418121	78.506561	78.071327	78.083344	78.332855	78.37944	78.149765	78.345467	78.354248	78.622818	78.246964	78.041771	78.19191	78.119606	78.392197	78.504951	78.448647	78.473488	79.061676	78.769173	78.767609	78.930771	78.655853	78.66256	79.011871	78.829842	78.793159	78.838089	78.817764	78.797852	78.633011	78.524284	78.634857	78.644501	78.723114	78.71846	78.62027	78.609055	78.558228	78.629028	78.594315	78.467529	78.599426	78.714386	78.885628	78.689987	78.672691	78.8508	79.090118	78.846283	78.9729	78.906876	78.880875	78.812233	78.991074	78.597412	78.805817	78.815376	78.865372	78.844101	78.916321	78.815002	78.142921	78.306641	78.39373	78.433395	78.272087	78.336525	78.408066	78.511002	78.529541	78.402847	78.325333	78.570587	78.195976	78.094727	78.211143	78.182961	78.856735	78.913574	78.942146	78.967728	78.889465	78.895599	79.14399	79.002487	78.782593	78.824791	78.432869	78.663933	78.659088	78.576569	78.812538	78.539444	78.557533	78.292252	78.43222	78.204529	78.158005	78.282326	78.574387	78.749802	79.021965	78.456741	78.851349	78.688965	78.574524	78.520699	78.554359	78.637482	78.90258	78.824654	78.718826	78.584335	78.769608	78.837326	79.091324	79.098	79.005333	78.941376	78.924225	78.688995	78.955307	78.743637	78.750084	78.290474	78.296097	78.213989	78.213821	78.008682	78.039047	79.283653	78.728386	78.910416	78.356445	78.428101	78.163277	78.136093	78.130257	78.270905	78.451408	78.484146
78.210175	77.850365	100.0	79.318756	79.132614	79.287598	78.607483	79.158966	79.137024	78.972748	79.65667	79.763748	79.769363	79.020584	79.506882	79.398911	79.406334	79.495972	79.465485	79.381973	79.651199	79.433418	79.506256	79.344864	79.494766	79.307678	79.188622	79.32811	79.477509	79.637466	79.721878	79.65654	79.479507	79.79554	79.686264	79.6464	79.751518	79.563919	79.881134	79.956154	79.883224	79.906265	79.662277	79.847031	79.879768	79.844086	79.55809	79.479996	79.745544	79.487488	79.483162	79.405807	79.048737	79.301231	79.408981	79.486282	79.210083	79.306427	79.11364	79.357468	79.555931	79.830399	79.696121	79.697304	79.816063	79.764954	79.336472	79.484474	79.299316	79.32531	79.24939	79.396362	79.25135	79.413979	79.621681	79.817589	79.228783	79.450165	79.220886	79.423187	79.090866	78.972321	79.171486	79.266571	79.148605	79.067841	79.322662	79.18689	79.211868	79.123672	78.987869	78.998817	79.115387	79.14698	79.496429	79.260864	79.562691	79.431778	79.496658	79.611618	79.588676	79.567535	79.486282	79.603928	79.576248	79.482178	79.401566	79.447937	79.638489	79.597321	79.690002	79.51548	79.763321	79.62149	79.554222	79.40155	79.361221	79.457199	79.461777	79.461304	79.621788	79.559311	79.86512	79.75631	79.695923	79.27562	79.167152	79.069397	79.237015	79.11734	79.146194	78.985321	79.099709	78.964569	79.301559	79.111229	79.228668	79.163422	79.120041	79.37706	79.268677	79.429977	79.528946	79.550705	79.336472	79.483932	79.574532	79.635056	79.600235	79.552231	79.531487	79.282837	79.296768	79.191864	79.425293	79.500168	79.43013	79.622292	79.639824	79.506714	79.37886	79.332039	79.762589	79.375366	79.377266	79.309433	79.123138	79.245819	79.261482	79.250351	79.585976	79.224136	79.284882	79.422516	79.400215	79.474075	79.259964	79.17926	79.502792	79.880859	79.847321	79.441727	79.59185	79.358704	79.437691	79.473526	79.56353	79.426399	79.475189	79.864822	79.872955	79.602936	79.57196	79.705704	79.961243	79.666595	79.844353	79.866806	79.71312	79.47142	79.837189	79.259117	79.5961	79.248337	79.124069	78.958252	78.707001	78.942192	78.912994	79.493835	79.765152	80.233292	79.476913	79.493134	79.476448	79.348961	79.325943	79.37146	79.619896	79.499069
78.30957	77.946297	79.318756	100.0	80.455811	80.362686	78.880783	79.215118	79.293655	78.962227	79.552521	79.547119	79.448296	79.032944	79.370529	79.336624	79.360649	79.459427	79.36721	79.37558	79.582047	79.329407	79.314346	79.356064	79.331757	79.382545	79.243431	79.246902	79.440781	79.603622	79.714066	79.503906	79.477036	79.444374	79.531868	79.414146	79.538956	79.438202	79.548218	79.491631	79.620415	79.618317	79.399246	79.691818	79.712967	79.668884	79.487419	79.511261	79.521637	79.292152	79.572563	79.261856	79.065208	79.326889	79.222672	79.366562	79.201385	79.219086	79.074249	79.325569	79.47406	79.568275	79.60289	79.508698	79.595459	79.633499	79.320801	79.515915	79.266632	79.283371	79.363998	79.268333	79.215942	79.332916	79.645126	79.522163	79.298752	79.41893	79.396652	79.481644	79.20726	79.119308	79.269485	79.263	79.220566	79.267212	79.326981	79.246017	79.215408	79.203812	79.11747	79.235641	79.225243	79.225876	79.401817	79.298431	79.463966	79.352066	79.48378	79.597023	79.513046	79.622307	79.752289	79.58194	79.502304	79.505844	79.518143	79.553909	80.036301	79.843582	79.86245	79.647903	79.886887	79.736725	79.852188	79.80191	79.703918	79.846786	79.723648	79.78006	79.921555	79.784027	79.929489	79.875168	79.821793	79.45607	79.329224	79.341187	79.390335	79.318222	79.341156	79.274384	79.311157	79.093605	79.43557	79.365753	79.180679	79.231949	79.275467	79.386429	79.381302	79.38179	79.468224	79.494781	79.351898	79.52504	79.541344	79.609207	79.617249	79.643021	79.513199	79.319168	79.386765	79.285477	79.524261	79.338409	79.47187	79.523232	79.629211	79.485641	79.333542	79.378433	79.614853	79.496811	79.374771	79.401566	79.242615	79.251457	79.552994	79.472458	79.582764	79.462234	79.317993	79.52655	79.599655	79.433075	79.288055	79.368317	79.458481	79.702881	79.773094	79.428749	79.575455	79.342163	79.748169	79.59343	79.654579	79.737259	79.559067	79.62896	79.757568	79.782318	79.546753	79.690727	79.961151	79.786423	79.835083	80.078819	79.794754	79.416718	79.710182	79.448761	79.454895	79.105896	78.953728	78.999275	78.815872	78.937729	79.078606	79.548347	79.827866	80.49485	79.551117	79.61734	79.524414	79.625122	79.425385	79.564545	79.71936	79.598022
78.350342	78.012772	79.132614	80.455811	100.0	82.772331	78.955177	79.329216	79.442612	78.851669	79.802597	79.740387	79.965988	79.216293	79.826584	79.585831	79.67485	79.707405	79.435669	79.61705	79.720367	79.537155	79.719849	79.556587	79.641441	79.469437	79.33313	79.329109	79.640015	79.72966	79.886803	79.669006	79.631073	79.638275	79.667801	79.652313	79.708008	79.479355	79.784317	79.802887	79.758156	79.728119	79.572998	79.837646	79.921394	79.844093	79.363403	79.572815	79.674538	79.489517	79.457489	79.4823	79.032028	79.320358	79.371765	79.553757	79.151993	79.334747	79.211441	79.469528	79.582413	79.638184	79.833145	79.733414	79.822266	79.642899	79.441223	79.571716	79.374832	79.165695	79.300858	79.156097	79.30352	79.522797	79.667572	79.753387	79.05838	79.400726	79.28418	79.376266	79.124466	79.125931	79.169373	79.202835	79.163315	79.204666	79.217361	79.294373	79.143333	78.990929	79.179657	79.087997	79.185646	79.325562	79.3255	79.381729	79.580597	79.476303	79.497513	79.574501	79.547646	79.54306	79.600647	79.639069	79.569756	79.515472	79.520493	79.542709	80.081329	80.000671	80.156593	79.862915	80.056145	79.963852	80.120598	80.06955	79.854584	79.934799	79.967438	79.968384	80.013756	79.986198	80.194145	80.032181	79.908791	79.456993	79.245338	79.117828	79.210327	79.201035	79.239349	79.12812	79.290787	78.90242	79.227661	79.145599	79.209335	79.152039	79.258148	79.298836	79.138336	79.383881	79.371078	79.411598	79.328842	79.373138	79.583466	79.643387	79.572388	79.574783	79.419029	79.384247	79.370163	79.292931	79.332191	79.264359	79.490799	79.429565	79.594795	79.489914	79.239006	79.21962	79.501427	79.400261	79.343445	79.345047	79.091095	79.444504	79.564163	79.397842	79.684242	79.192612	79.384468	79.382843	79.296982	79.159615	79.258316	79.323273	79.431175	79.579819	79.687057	79.218033	79.609222	79.441132	79.554604	79.5112	79.610336	79.652077	79.546783	79.776138	79.604057	79.598564	79.695328	79.872253	79.845749	80.075775	79.896835	79.986984	79.804733	79.714203	79.783508	79.4133	79.58168	79.271011	79.13356	78.963028	78.942741	78.94751	78.99231	79.565964	79.876801	80.492462	79.555801	79.512161	79.421432	79.549995	79.593071	79.686417	79.825279	79.833557
78.652504	78.016678	79.287598	80.362686	82.772331	100.0	78.982803	79.769081	79.751991	79.023285	80.004593	80.067261	79.956146	79.628426	80.032104	79.866653	79.768799	79.924194	79.727821	79.788216	80.077759	79.764008	79.842552	79.763855	79.681366	79.578873	79.533951	79.631317	79.782516	79.884628	79.967819	79.862457	79.680298	79.751419	79.857498	79.862061	79.931808	79.72496	79.897644	79.947533	79.963882	79.825851	79.943146	79.96064	80.185341	79.874252	79.473915	79.603798	79.679672	79.615448	79.803123	79.639359	79.103951	79.468369	79.535019	79.792671	79.408699	79.456177	79.257874	79.557137	79.704567	79.84417	79.937775	79.845421	79.992966	80.093781	79.543587	79.671783	79.483124	79.275032	79.447685	79.331345	79.375015	79.584717	79.77504	79.921738	79.337036	79.528511	79.446434	79.685883	79.228424	79.259933	79.378838	79.442886	79.376808	79.345764	79.349869	79.418915	79.363174	79.149734	79.35183	79.213615	79.163055	79.297821	79.46846	79.401443	79.869598	79.797676	79.842758	79.89032	79.81028	79.91893	79.890396	79.824638	79.911301	79.848404	79.768326	79.778526	80.320457	80.251236	80.133911	80.114532	80.316254	80.177963	80.330368	80.150665	80.056602	80.058212	79.974915	80.084946	79.972641	80.176025	80.311699	80.153542	80.181458	79.613472	79.425865	79.366104	79.512482	79.345673	79.493477	79.326508	79.441505	79.17157	79.524261	79.355171	79.63726	79.476418	79.763062	79.590866	79.383057	79.801712	79.779221	79.828491	79.468246	79.652229	79.86348	79.702667	79.822426	79.943047	79.80304	79.632309	79.5746	79.522285	79.457687	79.534164	79.695023	79.566429	79.740562	79.775711	79.468307	79.50547	79.721603	79.593018	79.699875	79.623108	79.431824	79.542229	79.651939	79.691254	79.893875	79.541458	79.402779	79.40416	79.397171	79.446503	79.413849	79.413956	79.783371	80.002159	80.030807	79.595673	79.775955	79.628487	79.697662	79.763596	79.71656	79.791016	79.794243	80.051018	79.848396	79.828033	79.983658	80.181747	80.185349	80.171051	80.080902	80.183937	79.975868	79.928047	80.221863	79.732529	79.677635	79.419693	79.44017	79.247345	79.176041	79.12571	79.159782	79.858627	80.034515	80.852585	79.890106	79.725403	79.786026	79.661758	79.713196	79.824821	80.188797	79.988892
77.994896	77.574234	78.607483	78.880783	78.955177	78.982803	100.0	80.794861	80.865784	78.343887	78.735901	78.961433	78.983337	78.470039	78.781387	78.667839	78.786362	78.790405	78.542786	78.75032	78.714905	78.679459	78.719421	78.603912	78.676468	78.435509	78.345222	78.355316	78.798592	78.882042	78.950981	78.804642	78.782326	78.897629	78.807602	78.739059	78.813644	78.819809	78.966949	79.043373	79.037033	78.882187	78.810806	79.027695	78.89846	78.863602	78.524872	78.665504	78.666748	78.63195	78.760086	78.711227	78.418686	78.494591	78.550972	78.609909	78.373825	78.547424	78.384338	78.632111	78.735481	78.817627	78.846588	78.864571	79.004974	78.962212	78.532333	78.606613	78.548134	78.380844	78.424667	78.422424	78.530869	78.46183	78.817085	78.857834	78.448845	78.557434	78.457077	78.63327	78.228668	78.207947	78.376663	78.574188	78.309639	78.447685	78.411545	78.605438	78.327515	78.297714	78.338936	78.265976	78.30394	78.500076	78.522583	78.495865	78.797249	78.603622	78.746109	78.680359	78.846024	78.747208	78.764557	78.8134	78.79995	78.755547	78.628098	78.745178	78.900757	78.87413	78.78215	78.78093	78.959221	78.792488	78.763885	78.811066	78.69548	78.700943	78.623047	78.610855	78.756363	78.64122	78.893066	78.939423	78.875229	78.798294	78.52639	78.685005	78.510117	78.442245	78.480759	78.578201	78.66806	78.367981	78.536682	78.523239	78.40834	78.472977	78.594589	78.737625	78.342384	78.500671	78.622894	78.626572	78.491165	78.487869	78.609146	78.756943	78.802277	78.745972	78.512375	78.506653	78.470985	78.519409	78.372116	78.483383	78.638222	78.663559	78.68306	78.768509	78.539948	78.512886	78.918579	78.639069	78.647995	78.66539	78.531265	78.569298	78.776337	78.727486	78.833481	78.545647	78.606361	78.686424	78.610939	78.660553	78.455887	78.593109	78.82531	79.146362	79.236282	78.628983	78.640991	78.796234	78.735405	78.639549	78.883568	78.830566	78.753906	79.076233	78.827347	78.512947	79.030167	78.94342	78.983353	78.909424	78.865868	79.08342	78.879654	78.938126	78.987076	78.650902	78.845108	78.294106	78.347519	78.201706	78.399384	78.343903	78.278671	79.007912	79.232307	79.986465	78.912521	78.887955	78.612289	78.454422	78.496826	78.628922	79.108185	78.812134
78.532059	78.312714	79.158966	79.215118	79.329216	79.769081	80.794861	100.0	88.971588	78.838974	79.609711	79.676376	79.711685	79.113388	79.577209	79.376968	79.391106	79.381454	79.341377	79.320419	79.363701	79.302094	79.306702	79.260178	79.377602	79.491028	79.093048	79.206558	79.385292	79.471603	79.513885	79.487671	79.403534	79.447655	79.526062	79.428085	79.440567	79.360504	79.570595	79.628044	79.682571	79.510605	79.511696	79.695358	79.756439	79.567093	79.251999	79.200394	79.247665	79.218735	79.371674	79.335014	78.919922	79.133484	79.320053	79.634346	79.058243	79.258003	79.123276	79.218887	79.221649	79.349564	79.492088	79.523514	79.643959	79.585052	79.260269	79.248131	79.342827	79.09108	79.108658	79.141632	79.082642	79.363266	79.705269	79.484512	79.023956	79.245354	79.101158	79.275414	78.996223	78.917664	79.078583	79.076797	78.894203	79.037941	79.081253	79.359833	79.089142	78.845856	78.968964	78.907715	79.014244	78.983315	79.350433	79.073189	79.598175	79.381668	79.576271	79.642303	79.573311	79.498421	79.57431	79.564987	79.437027	79.440643	79.603905	79.504074	79.639847	79.637733	79.695282	79.580521	79.70108	79.665787	79.735901	79.625168	79.490952	79.599487	79.515366	79.535812	79.652802	79.370392	79.736374	79.544327	79.588989	79.325699	79.217117	79.165619	79.584106	79.194618	79.084618	79.094742	79.15477	78.786156	79.235428	79.167343	79.257881	79.188011	79.306488	79.21067	78.822906	79.06839	79.205666	79.131302	79.003342	79.040161	79.167824	79.181213	79.240715	79.198151	79.085831	79.089554	78.995522	78.83609	78.902077	78.906616	79.363106	79.464211	79.34407	79.283661	79.169556	79.253975	79.570892	79.313789	79.349548	79.208939	79.041534	79.273148	79.507874	79.245964	79.627014	79.136307	79.12043	79.286728	79.285675	79.254333	79.216431	79.241486	79.429138	79.542358	79.758179	79.184784	79.296112	79.249466	79.290375	79.30687	79.273064	79.30545	79.305008	79.728523	79.395004	79.344849	79.549805	79.562607	79.701523	79.614563	79.608612	79.570129	79.627075	79.48877	79.942154	79.428192	79.484886	79.158501	79.077759	79.05423	78.75383	78.619659	78.749359	79.661285	79.825546	80.656326	79.394402	79.269646	79.30468	79.319748	79.314499	79.380005	79.599449	79.571609
78.606537	78.31604	79.137024	79.293655	79.442612	79.751991	80.865784	88.971588	100.0	78.720177	79.584732	79.635162	79.685181	79.263672	79.56601	79.454254	79.443146	79.477745	79.312897	79.476456	79.545227	79.461441	79.497543	79.472916	79.301552	79.273582	79.253662	79.189621	79.423073	79.589661	79.698166	79.479309	79.438034	79.632286	79.624771	79.543289	79.602264	79.346527	79.677994	79.607712	79.714821	79.71402	79.475121	79.744225	79.694946	79.48922	79.21106	79.303543	79.35585	79.099228	79.344833	79.338852	78.862427	79.086021	79.308594	79.486481	79.079239	79.113464	78.960022	79.285278	79.336693	79.481056	79.527611	79.500359	79.605255	79.567131	79.352295	79.32753	79.399078	79.073242	79.176147	79.197891	79.010002	79.269142	79.565636	79.451653	78.993103	79.257385	79.108559	79.316757	78.878403	78.840698	79.088531	79.111908	78.964432	78.913643	79.091873	79.279854	78.907745	78.880127	78.841904	78.867409	79.024475	79.036659	79.200653	79.080322	79.528809	79.38887	79.525909	79.552193	79.613564	79.472687	79.684982	79.566559	79.534737	79.404343	79.49971	79.491058	79.556747	79.569939	79.605415	79.538071	79.776573	79.654686	79.736572	79.469498	79.596924	79.6539	79.46376	79.510612	79.569458	79.495026	79.656876	79.617355	79.431694	79.266663	79.230438	79.118752	79.162369	79.192993	79.218445	79.118385	79.110817	78.953201	79.231186	79.182213	79.185623	79.087494	79.389511	79.243118	78.848999	78.995438	79.20916	79.148811	78.971527	78.877472	79.170364	79.200851	79.248367	79.2519	79.074478	79.062401	79.014893	78.82843	78.898796	78.956764	79.47435	79.425133	79.368439	79.411514	79.0121	79.135941	79.581299	79.428741	79.3368	79.279839	79.060425	79.223297	79.501083	79.385529	79.692947	79.185455	79.22892	79.320595	79.3312	79.186356	79.248154	79.240524	79.570892	79.607895	79.729996	79.091141	79.38427	79.262283	79.266663	79.237961	79.388931	79.374466	79.424988	79.653107	79.566956	79.33342	79.545441	79.61409	79.715088	79.646957	79.658508	79.760643	79.696892	79.631744	80.031548	79.482712	79.546303	79.253372	79.12307	79.036987	78.826096	78.744629	78.929634	79.612183	79.846725	80.709763	79.461151	79.343193	79.396164	79.33197	79.279465	79.47821	79.626312	79.560249
78.446976	78.023186	78.972748	78.962227	78.851669	79.023285	78.343887	78.838974	78.720177	100.0	82.613869	82.858093	82.962257	81.845451	82.385239	82.394539	82.469635	82.67363	82.647415	82.567078	82.947113	82.730293	82.827408	82.667633	82.702942	82.612564	82.580505	82.591171	82.839966	82.748177	82.824371	82.535919	82.398087	82.794632	82.622559	82.575012	82.821609	82.456406	82.642334	82.696381	82.680817	82.55899	82.598755	82.97023	82.932449	82.771454	82.877396	83.057755	83.249359	82.966682	83.167999	83.066032	82.840836	83.471985	83.560989	83.804726	83.151337	83.757835	83.415131	82.46817	83.061691	83.145493	82.772171	83.343948	83.038635	83.15741	83.176476	82.834869	83.305	83.269554	83.3116	83.431908	83.208405	83.014832	83.125816	82.969978	82.974823	83.109482	82.92804	82.724037	82.216644	82.300285	82.456963	82.436829	82.44104	82.404915	82.624344	81.513908	81.87619	81.937569	82.229248	82.030762	82.079849	82.097687	82.432846	82.3713	80.4776	80.597961	80.593735	80.667587	80.581871	80.59404	80.693062	80.710197	80.582321	80.537079	80.489166	80.534584	79.857056	79.860992	79.873825	79.824585	79.973831	79.937302	80.059029	79.972389	79.81707	79.826187	79.739944	79.767632	79.859985	79.856232	80.121529	80.004143	79.970367	80.457474	80.214355	80.225281	80.259529	80.131096	80.088181	80.116608	80.117691	79.892578	80.162849	80.160202	80.426964	80.195892	80.278061	80.383087	80.855301	81.076538	81.209976	81.23793	80.986374	81.014038	81.158401	81.349213	81.330269	81.348	81.067551	81.589111	81.054092	80.932281	81.047012	81.025513	80.637909	80.78656	80.98362	80.850052	80.632645	80.534821	80.943741	80.832886	80.667389	80.874344	80.041023	80.449112	80.486839	80.318855	80.667557	80.175278	80.385605	80.231689	80.294296	80.367302	79.994431	80.212013	80.595154	80.878433	80.962982	80.062012	80.455429	80.556847	80.439636	80.552032	80.403122	80.46032	80.780334	81.214806	80.835526	80.598312	79.863983	79.874222	79.992081	80.044594	80.04068	80.075897	79.929504	80.370499	80.760208	80.45047	80.569809	79.888741	79.862305	79.838692	80.477249	79.946487	79.990013	79.329056	79.725952	79.842735	79.49675	79.411713	79.399185	79.16893	79.276642	79.371094	79.703438	79.45816
79.303085	79.091324	79.65667	79.552521	79.802597	80.004593	78.735901	79.609711	79.584732	82.613869	100.0	84.634995	84.495605	83.587563	84.850952	84.565948	84.603546	84.79406	84.684387	84.828293	85.048523	84.877304	84.830154	84.894707	84.82135	84.655014	84.307098	84.658936	85.034111	84.907059	84.84211	84.728378	84.420395	84.796478	84.741158	84.744827	84.939346	83.972015	84.492203	84.542641	84.591782	84.372055	84.176666	84.919312	84.993851	84.76358	84.326073	84.485329	84.666779	84.366829	84.492195	84.121765	83.754639	84.313187	84.398689	84.517578	83.877266	84.344147	84.028381	84.183586	84.381424	84.693817	84.878036	85.14267	84.742584	84.931122	84.585999	84.557137	84.221588	84.066757	84.2211	84.180458	84.201431	84.187813	84.383499	84.544968	84.051559	84.195473	84.022598	83.437256	82.965202	82.978111	83.035492	83.171494	82.96817	82.878998	83.135323	83.560669	82.993652	82.916122	83.599648	83.401909	83.312927	83.489746	83.686043	83.767586	81.936432	81.631813	81.686584	81.787064	81.600586	81.693481	81.707909	81.679871	81.698441	81.722702	81.57328	81.503304	81.080482	80.978607	81.040268	80.986847	81.181664	81.096939	81.127792	80.944656	80.893127	80.955811	80.820839	80.798141	80.953087	80.851929	81.29599	81.220444	81.123474	81.187408	81.029587	81.165375	81.136765	81.101036	81.008781	81.05127	81.128204	80.904495	81.211517	81.152039	81.180557	81.219749	81.217636	81.280975	81.727997	82.101379	82.213211	82.274048	82.061096	82.189087	82.420319	82.518723	82.534027	82.508636	82.285843	82.591309	82.307358	82.19841	82.264557	82.180832	81.756996	81.753532	81.676086	81.842293	81.504974	81.463669	82.05101	81.735779	81.730698	81.722549	80.942543	81.341209	81.457306	81.350304	81.874161	81.110649	81.25296	80.952698	80.953171	81.123352	80.937515	81.151581	81.533997	81.657646	81.774139	81.199219	81.534607	81.44117	81.431381	81.426971	81.497444	81.602554	81.767273	82.117569	81.809967	81.430496	80.744354	80.851562	81.337158	81.110222	81.048409	81.19902	81.069878	81.636139	81.973076	81.769165	82.04615	80.957535	80.949768	80.635406	81.406769	80.762909	80.73996	80.509171	80.849388	80.993744	80.599281	80.339722	80.401566	80.424713	80.421661	80.432945	80.89386	80.705597
79.602242	79.050095	79.763748	79.547119	79.740387	80.067261	78.961433	79.676376	79.635162	82.858093	84.634995	100.0	92.782219	84.234268	85.506561	85.395927	85.465378	85.563034	85.583672	85.560753	85.894669	85.812088	85.874588	85.842926	85.808029	85.581039	85.325699	85.730942	86.124939	84.268707	84.311935	84.117867	84.038498	84.37677	84.105255	84.186676	84.296585	83.690674	84.192551	84.275772	84.342804	84.065323	83.993988	84.48484	84.366844	84.330475	84.041458	84.141068	84.290894	83.888863	84.207092	84.200127	83.737762	84.113525	84.133789	84.564529	83.561165	84.135658	83.977608	83.747444	84.010185	84.080894	84.574707	84.851974	84.554977	84.729889	84.281326	84.129547	84.08062	84.020126	84.036896	84.173599	83.948013	84.116371	84.379471	84.253517	83.695511	83.985657	83.827042	83.441757	82.894608	83.094269	83.17543	83.206436	83.20472	82.99575	83.211594	83.140381	82.774033	82.800278	83.228828	83.084312	83.118942	83.141846	83.332947	83.612762	81.839447	81.790833	81.810677	81.877319	81.793129	81.768845	81.848404	81.813309	81.92627	81.832092	81.77459	81.777306	81.0056	81.013519	81.192009	81.040298	81.29361	81.108887	81.078232	80.860268	80.796967	81.029129	80.969414	80.908417	81.031784	81.036972	81.348175	81.266998	81.268768	81.417892	81.351654	81.51268	81.456627	81.408539	81.399918	81.271996	81.404816	81.036659	81.454575	81.367393	81.535645	81.531822	81.505997	81.435867	81.843674	82.15712	82.191147	82.258057	82.106842	82.19413	82.49321	82.431488	82.336739	82.453201	82.200241	82.644424	82.165924	82.139832	82.239769	82.078232	81.870544	81.953369	82.150612	82.085335	81.757713	81.695557	82.359795	81.897339	81.878922	81.999435	81.031067	81.307709	81.627876	81.600044	82.072327	81.332741	81.300468	80.970459	80.968414	81.277847	80.960297	81.214836	81.555969	81.791672	81.85878	81.360062	81.501144	81.537567	81.505981	81.494141	81.618134	81.476662	81.931808	82.135193	81.808243	81.473984	81.062981	81.134888	81.387291	81.429871	81.348877	81.488716	81.31562	81.712204	82.133133	81.617096	82.110092	81.029839	80.90242	80.678162	81.141365	80.675148	80.970901	80.433411	80.827927	80.962204	80.509232	80.462555	80.570976	80.520889	80.572601	80.565048	80.864647	80.696228
79.522919	79.128159	79.769363	79.448296	79.965988	79.956146	78.983337	79.711685	79.685181	82.962257	84.495605	92.782219	100.0	84.153778	85.41449	85.307777	85.585541	85.565048	85.420044	85.515442	85.755203	85.569481	85.667511	85.672379	85.716339	85.333221	85.174278	85.599602	86.041344	84.34021	84.389557	84.110977	83.992599	84.260368	84.15831	84.168022	84.330841	83.608643	84.196487	84.237457	84.318443	84.113831	83.907593	84.369469	84.343483	84.37149	83.85498	84.007767	84.186401	83.890854	84.052689	84.160492	83.666649	83.971962	84.014908	84.498352	83.53833	83.949806	83.851608	83.67717	83.905243	84.054543	84.265213	84.679321	84.421837	84.586014	84.145569	84.025131	84.020126	83.89547	83.82402	83.993515	83.768173	84.064285	84.435913	84.227547	83.585907	83.791168	83.780754	83.315155	82.749359	82.973038	82.997894	83.019562	83.092216	82.891716	83.131119	83.119499	82.620636	82.746368	83.054344	82.971359	83.006912	83.081894	83.282158	83.544487	81.963928	81.812958	81.873383	81.87355	81.793243	81.847389	81.923218	81.865341	81.926086	81.847908	81.906952	81.804947	81.196808	81.182465	81.12339	81.067818	81.344223	81.265747	81.161644	81.130661	80.894775	80.940262	81.053787	80.940002	81.070984	81.121826	81.370171	81.21611	81.317444	81.460617	81.326202	81.24955	81.55127	81.285202	81.315109	81.28862	81.405029	81.058182	81.472443	81.26268	81.492935	81.514259	81.587936	81.492851	81.785751	81.995781	82.060272	82.204674	82.101501	82.096794	82.25412	82.28743	82.197037	82.320145	82.147003	82.69342	82.139359	82.084503	82.089355	82.217087	81.848083	81.93071	82.124222	82.097359	81.763153	81.662186	82.381882	81.943924	81.804413	81.929344	81.019516	81.29126	81.601326	81.561157	82.106232	81.259399	81.188873	81.113922	80.945816	81.378693	80.996216	81.153999	81.490509	81.812141	81.813652	81.265106	81.501945	81.552307	81.555664	81.527725	81.521988	81.462479	81.905396	82.172943	81.882492	81.462662	81.13089	81.160828	81.536545	81.358032	81.369965	81.523293	81.310425	81.73407	82.316032	81.717018	82.159546	81.111786	80.925835	80.796097	81.265976	80.743996	80.965698	80.552658	80.871765	81.065018	80.618927	80.517044	80.643936	80.541428	80.527275	80.494064	80.97467	80.872025
78.967819	78.464355	79.020584	79.032944	79.216293	79.628426	78.470039	79.113388	79.263672	81.845451	83.587563	84.234268	84.153778	100.0	85.34494	84.920044	84.89003	85.036819	86.093796	85.816101	86.355911	86.300919	86.447159	86.327576	86.353241	86.438019	85.945145	85.74968	85.714005	83.268959	83.343292	83.251923	82.969971	83.244911	83.240013	83.177292	83.357269	82.784592	83.079712	83.060883	83.125084	83.004562	83.207405	83.561028	83.485794	83.470795	83.281044	83.302193	83.631065	83.473907	83.581665	83.060921	82.942291	83.243958	83.305008	83.351494	82.972366	83.562256	83.271851	83.218002	83.620384	83.558594	83.60643	84.044334	83.791901	83.807152	83.710114	83.497223	83.093285	83.186691	83.252899	83.279152	83.280426	83.39267	83.554642	83.284317	83.244667	83.476303	83.156693	82.655342	82.340538	82.319397	82.364639	82.276894	82.271286	82.237183	82.355507	82.494072	82.130692	82.075165	82.698761	82.557755	82.44873	82.398232	82.820862	82.789513	80.680199	80.668159	80.794281	80.61956	81.023392	80.69278	80.836052	80.763107	80.66008	80.697983	80.793762	80.734039	80.336517	80.261032	80.363068	80.174416	80.36113	80.414841	80.283157	80.347366	80.166245	80.142326	80.18235	80.415428	80.316307	80.299622	80.504242	80.495224	80.44548	80.555908	80.569321	80.595673	80.536224	80.414154	80.51078	80.541443	80.438148	80.094864	80.630005	80.409378	80.538727	80.540527	80.716919	80.617973	80.989105	81.218307	81.307892	81.298935	81.232796	81.215668	81.422562	81.439377	81.507706	81.618591	81.541077	81.64119	81.263245	81.197342	81.369301	81.244507	80.859161	80.94191	81.090675	81.041557	80.925491	80.83902	81.145477	81.03952	80.950462	80.931953	80.346664	80.519569	80.678352	80.705307	80.827927	80.496223	80.461212	80.215477	80.285751	80.293015	80.156433	80.293358	80.922173	80.904205	80.906288	80.561867	80.796104	80.785416	80.788803	80.774475	80.745117	80.847557	80.882477	81.232605	81.067719	80.852692	80.125671	80.204597	80.527466	80.378311	80.389389	80.475761	80.253754	80.742821	80.860085	80.774925	80.968094	80.247971	80.162079	80.218887	80.901611	79.884674	79.978775	79.843712	80.116112	80.220619	79.762535	79.662537	79.866142	79.679001	79.809998	79.753098	80.090927	80.144417
79.495811	78.844284	79.506882	79.370529	79.826584	80.032104	78.781387	79.577209	79.56601	82.385239	84.850952	85.506561	85.41449	85.34494	100.0	90.152916	90.022598	90.186493	86.557907	86.79483	87.14473	87.039604	87.10881	86.913315	87.070122	87.044296	86.585648	86.206184	86.670067	84.094055	84.337357	84.073204	83.834602	84.217964	84.089325	84.052338	84.29438	83.571449	84.183304	84.237549	84.146881	84.044632	83.749451	84.60968	84.486351	84.49823	83.955261	84.129745	84.334351	84.042587	84.166443	83.957687	83.575996	84.027435	84.037025	84.361183	83.41861	84.006119	83.869293	83.678482	84.222382	84.417526	84.435303	84.913803	84.737289	84.829987	84.339813	84.277786	83.927002	83.951523	84.061935	84.112541	83.854935	84.095253	84.308861	84.273849	83.771744	84.003113	83.871353	83.404381	82.641678	82.729752	82.909241	82.878761	82.818077	82.724243	82.922318	83.30246	82.565109	82.542435	83.083138	82.903366	82.99971	83.133484	83.29512	83.581528	81.44249	81.366989	81.479004	81.562363	81.3853	81.412193	81.487793	81.473999	81.529922	81.337204	81.446198	81.330116	80.968765	80.925385	81.013702	80.752319	81.107635	80.907494	80.9151	80.767899	80.69326	80.773987	80.667953	80.841599	80.943344	80.838417	81.217697	81.081924	81.133034	81.207245	81.049187	81.101898	81.145279	81.013779	81.026596	80.949646	80.97863	80.795044	81.112976	81.126099	81.193436	81.182358	81.261429	81.245651	81.581261	81.855545	82.056274	82.045959	81.741844	81.810181	82.134277	82.331558	82.256119	82.344734	82.173271	82.360184	81.962067	81.941879	81.912613	81.867325	81.745087	81.621979	81.842514	81.766266	81.393463	81.49649	81.971039	81.622589	81.497116	81.650635	80.713943	81.088692	81.231049	81.106216	81.651688	80.979965	80.975861	80.964325	80.864761	80.953918	80.749619	80.78186	81.329636	81.675629	81.813156	81.201538	81.480927	81.30928	81.327797	81.326767	81.282265	81.278343	81.759087	81.955345	81.712234	81.244644	80.763565	80.822495	81.215103	81.11441	81.128799	80.963058	80.9319	81.276505	81.95224	81.444878	81.834518	80.651817	80.687401	80.388687	81.350662	80.276413	80.522003	80.485962	80.680351	81.124748	80.382515	80.312874	80.277107	80.219864	80.276123	80.363899	80.579544	80.403374
79.4422	78.80542	79.398911	79.336624	79.585831	79.866653	78.667839	79.376968	79.454254	82.394539	84.565948	85.395927	85.307777	84.920044	90.152916	100.0	94.658516	94.929291	86.286469	86.415421	86.723434	86.578239	86.739288	86.703888	86.738228	86.814285	86.338974	86.021233	86.317963	83.91481	84.039474	83.754822	83.52803	83.948906	83.855141	83.898499	83.925522	83.3815	84.009155	83.958252	84.025757	83.717712	83.613373	84.290787	84.171127	84.14537	83.775482	83.991547	84.166672	83.907837	83.979187	83.865822	83.615448	83.80497	83.987442	84.312561	83.292419	83.840355	83.750679	83.5438	84.099533	84.112503	84.175415	84.780106	84.380768	84.511368	84.075516	84.263321	84.009773	83.930801	83.863045	84.078003	83.742661	84.039551	84.25444	84.112686	83.580521	83.991592	83.847397	83.175476	82.782959	82.747635	82.746033	82.779587	82.942001	82.764603	82.94574	83.160278	82.612854	82.60733	83.058304	82.959846	83.040482	82.933434	83.385185	83.609909	81.348175	81.368668	81.368408	81.438011	81.256256	81.404671	81.457306	81.336212	81.484077	81.298355	81.21228	81.27681	80.787926	80.758423	80.886604	80.726318	80.920448	80.815933	80.970093	80.828888	80.578003	80.684547	80.588776	80.630112	80.842407	80.837097	81.123306	80.965988	80.914726	81.145622	80.916916	81.043297	81.032166	81.037544	81.098663	80.956818	81.029869	80.635605	81.053894	81.119408	81.133507	81.112854	81.20842	81.086243	81.519028	81.776718	81.847672	81.922195	81.763626	81.818878	82.00898	82.344238	82.270889	82.263626	82.034286	82.395355	81.700378	81.861641	81.867348	81.904663	81.641663	81.53624	81.690872	81.670555	81.375946	81.340973	81.821503	81.630882	81.397247	81.606575	80.630966	80.981453	81.085213	80.92733	81.550049	81.020187	81.003532	80.652153	80.846115	80.80719	80.739815	80.720245	81.253647	81.326828	81.525009	81.083481	81.316605	81.139359	81.258133	81.226349	81.368973	81.334137	81.715889	81.84272	81.650391	81.290115	80.604355	80.617935	81.187576	81.066162	81.016144	80.934402	80.910904	81.200035	81.554428	81.414391	81.668503	80.761024	80.485718	80.51297	81.167	80.243401	80.397087	80.200035	80.462105	80.777573	80.169312	80.190437	80.26178	80.253601	80.113579	80.337151	80.450623	80.505295
79.299271	78.881615	79.406334	79.360649	79.67485	79.768799	78.786362	79.391106	79.443146	82.469635	84.603546	85.465378	85.585541	84.89003	90.022598	94.658516	100.0	94.920326	86.344437	86.442673	86.753448	86.632095	86.800049	86.644577	86.807907	86.834175	86.338303	85.878387	86.306702	83.940186	84.125961	83.932144	83.691841	84.121758	83.93042	83.94825	84.210434	83.436935	84.025253	84.124535	84.070923	83.797806	83.686935	84.375435	84.318077	84.272537	83.890793	83.995087	84.25634	84.031357	84.239319	84.029732	83.629303	83.979889	84.010452	84.264595	83.47998	84.028549	83.763138	83.653442	84.106522	84.13472	84.297134	84.720146	84.397797	84.666901	84.141556	84.211777	83.99231	84.01725	83.898788	84.052231	83.947449	84.116272	84.37001	84.167564	83.606865	84.057251	83.961967	83.351555	82.749596	82.780624	82.919662	82.88916	82.939331	82.820541	82.907211	83.159348	82.643234	82.601624	83.060928	82.987625	83.004814	83.001472	83.217255	83.505424	81.4599	81.405533	81.412018	81.561996	81.429703	81.432877	81.475533	81.489792	81.444626	81.348969	81.383141	81.363098	80.780396	80.863281	80.963562	80.841927	81.038857	81.039436	81.020691	80.77774	80.637466	80.80722	80.664299	80.709938	80.883919	80.842918	81.182129	81.220985	81.014877	81.196312	81.106781	81.091782	81.210693	81.192024	81.057037	80.943527	81.001007	80.776611	81.189781	81.075645	81.139496	81.172615	81.282074	81.200737	81.594231	81.884033	81.855835	81.953171	81.787903	81.873322	82.082962	82.351189	82.341919	82.382751	82.040398	82.365707	81.930748	81.975876	81.851959	81.948044	81.625931	81.530388	81.650284	81.80809	81.412201	81.391281	81.942276	81.633453	81.574875	81.703804	80.768051	81.117348	81.197769	81.055351	81.796967	81.022629	80.981812	80.758476	80.80896	80.840225	80.661636	80.897614	81.220261	81.564758	81.60038	81.030167	81.366745	81.348816	81.202301	81.254028	81.285492	81.428909	81.746437	81.856712	81.709625	81.264511	80.696136	80.814102	81.218216	81.0961	81.097649	81.033829	81.002556	81.246376	81.748123	81.475616	81.750519	80.753448	80.566971	80.522751	81.278671	80.320618	80.471725	80.195709	80.556709	80.918839	80.245636	80.273834	80.146278	80.272202	80.239433	80.485313	80.578247	80.589508
