48665.5	1855352.4	444103.5	2710756.3	2175864.3	1888.43	1109743.5	2782004.3	1176198.4	2768066.3	1355015.12	2751189.3	33900.7	2582831.3	2692233.3	1442032.3	2721173.3	2726118.3	264445.3	80860.3	2825844.3	1577075.3	164348.7	2686304.3	68214.14	42684.11	1849967.7	73044.12	73044.9	146923.5	278992.5	2109593.3	68249.6	2083284.3	1916.15	2662065.3	2831149.3	67345.6	1932.7	2211357.3	1887.6	59299.27	2203204.3	665577.7	285570.6	2742133.3	1783515.3	2838015.3	2072505.3	116188.4	1079985.11	45398.9	2809700.4	114686.5	33899.19	1890.28	2135430.3	1882757.3	249586.4	2184053.3	2730915.3	42881.4	1437453.6	1885.4	1907.4	2714844.4	1725411.3	646637.3	67304.8	2781734.3	2306165.3	1915.4	2495589.3	1214101.3	68232.3	1827580.3	2496836.3	1413221.3	1969.6	2695266.3	2801030.3	2801029.3	1054862.11	2609807.3	2653200.3	2865673.3	424188.3	40318.15	47760.6	2797636.3	2594459.3	2721246.3	2721244.3	2662397.3	2049881.3	227882.62	67258.29	1303692.3	2772433.3	67263.32	2748873.3	2840373.3	2005885.3	1661694.4	1664033.3	2855836.3	1892.7	455632.4	1306175.6	1927.44	2692234.3	68570.35	1971.5	2866715.3	553510.3	1403539.3	47763.27	58346.16	2721245.3	2293571.4	1160718.9	1912.57	285578.11	1920.4	47763.9	234612.4	2607753.3	1648182.5	1812480.3	2801031.3	1972846.3	66374.6	54571.43	2099583.3	2305220.3	58340.34	1522758.3	36818.16	54571.44	68209.3	319947.4	54571.45	54571.47	54571.46	1967.6	1616117.3	1642299.7	2203205.3	132473.7	1854574.8	2838850.3	2768069.3	2136401.3	68270.5	66871.3	67267.5	39478.4	2684468.3	1905.9	67294.3	66892.7	54571.48	2094021.4	54571.49	67367.6	362257.4	1169025.9	2420135.5	862751.12	28894.3	202862.4	1893.7	67296.3	193462.5	2705439.3	2717324.3	1333528.4	2282738.3	2585716.3	2898276.3	436397.4	1690221.3	2174846.3	2768068.3	2676871.3	38300.11	1950.16	316280.3	1077946.3	1977088.4	1616117.8	1535768.3	35621.24	1223523.8	51201.9	66425.3	173860.4	284034.3	1940.3	1901.15	83656.11	2599401.3	1535304.3	53451.4	2742136.3	1888.31	2797167.3	1984801.3	83656.9	2684469.3	1038929.12	403935.6	371608.7	2763006.3	476552.4	1343740.29	1929477.3	1912.5	2750011.3	2742137.3
100.0	85.755295	78.210175	78.30957	78.350342	78.652504	77.994896	78.532059	78.606537	78.446976	78.967819	79.495811	79.331802	79.299271	79.420822	79.05941	79.154388	79.241714	79.111557	79.402298	79.228844	78.993492	79.203018	79.045456	79.040649	79.494278	79.303085	79.602242	79.522919	79.328979	78.960907	79.175346	79.041046	79.228134	79.178139	79.182983	79.304115	79.096176	79.319305	79.320999	79.439339	79.367622	79.101913	79.3638	79.19812	79.296295	78.917809	78.917511	78.947937	78.855804	78.994408	78.860245	78.701233	78.862396	78.923714	78.897995	78.746437	78.962631	78.756699	78.911484	78.820328	79.216904	79.093353	79.253647	79.110703	79.238686	78.870132	78.916618	79.060982	78.750351	78.90065	78.797638	78.758072	78.988739	79.097244	79.19593	78.771423	78.915703	78.839127	78.913254	78.523392	78.489967	78.792526	78.854797	78.606354	78.699234	78.738441	78.989082	78.678116	78.495438	78.78727	78.718063	78.774658	78.876816	78.88559	78.839485	79.167267	79.056953	79.140617	79.287727	79.083267	79.16748	79.263535	79.229073	79.147316	79.156784	78.994278	79.114487	79.065964	79.123924	79.311325	79.445145	79.354874	79.488892	79.230026	79.171196	78.996826	79.060776	79.025436	79.111488	79.172852	79.059464	79.471626	79.221741	79.350388	79.206505	79.214264	79.185013	79.169754	79.174026	79.254929	79.159775	79.233749	78.891357	79.335251	79.228043	79.193085	79.289932	79.424393	79.27433	78.616989	78.708923	78.683578	78.875656	78.717331	78.772522	78.848267	78.945572	78.997635	78.953064	78.733582	79.007271	78.586792	78.737366	78.711502	78.657623	79.426743	79.247597	79.319153	79.38765	79.173431	79.271835	79.391983	79.295769	79.343246	79.332947	78.798355	78.899918	79.138962	79.13176	79.088257	79.012878	78.978973	78.646988	78.644333	78.589142	78.530167	78.506531	79.087555	79.379501	79.446167	78.945374	79.135414	79.12114	79.121796	79.116386	79.147812	79.043221	79.183197	79.248505	79.155533	79.043243	79.307762	79.457588	79.522614	79.419266	79.366394	79.377609	79.317001	78.850098	78.680573	78.553879	79.067825	79.080811	79.131386	79.068695	78.499374	78.210571	78.128143	79.8853	79.154099	79.409134	78.876312	79.058044	78.765259	78.733948	78.605728	78.779251	78.887154	79.163696
85.755295	100.0	77.850365	77.946297	78.012772	78.016678	77.574234	78.312714	78.31604	78.023186	78.464355	78.844284	78.778015	78.881615	78.840904	78.542953	78.776718	78.823769	78.54982	78.771812	78.588783	78.644241	78.554909	78.589951	78.415344	79.064758	79.091324	79.050095	79.128159	78.68219	78.725235	78.766098	78.485931	78.756424	78.621162	78.582527	78.786774	78.609039	78.899155	78.787964	78.749947	78.847305	78.59816	78.833466	78.712746	78.71714	78.518318	78.499634	78.58934	78.407402	78.432388	78.559357	78.120773	78.456238	78.573692	78.580399	78.220917	78.318001	78.272232	78.397659	78.494797	78.691261	78.603012	78.776505	78.878265	78.858124	78.51265	78.471771	78.5	78.416794	78.521927	78.285767	78.387375	78.54689	78.800369	78.739944	78.229797	78.377983	78.500092	78.506561	78.071327	78.083344	78.332855	78.37944	78.149765	78.345467	78.354248	78.644501	78.246964	78.041771	78.138138	78.067474	78.392197	78.504951	78.448647	78.473488	79.049408	78.769173	78.767609	78.930771	78.672623	78.66256	79.011871	78.829842	78.793159	78.838089	78.739365	78.797852	78.524284	78.672264	78.634857	78.727753	78.741562	78.723114	78.62027	78.609055	78.558228	78.596237	78.594315	78.467529	78.599426	78.714386	78.885628	78.672691	78.711784	78.8508	79.090118	78.846283	78.9729	78.906876	78.880875	78.812233	78.991074	78.677002	78.865372	78.844101	78.798424	78.805817	78.916321	78.815002	78.142921	78.306641	78.39373	78.433395	78.272087	78.336525	78.468704	78.511002	78.529541	78.402847	78.325333	78.570587	78.094727	78.225601	78.211143	78.182961	78.856735	78.913574	78.942146	78.967728	78.865295	78.895599	79.096748	78.998688	78.782593	78.824791	78.432869	78.663933	78.659088	78.576569	78.812538	78.539444	78.557533	78.292252	78.43222	78.204529	78.158005	78.282326	78.574387	78.749802	79.021965	78.456741	78.851349	78.688965	78.574524	78.520699	78.554359	78.637482	78.90258	78.824654	78.718826	78.584335	78.769608	78.837326	79.091324	79.098	79.005333	78.941376	78.924225	78.254745	78.296097	78.213989	78.75589	78.688995	78.743637	78.750084	78.213821	78.008682	78.039047	79.283653	78.728386	78.910416	78.428101	78.41153	78.035339	78.130257	78.210403	78.136093	78.451408	78.484146
78.210175	77.850365	100.0	79.318756	79.132614	79.287598	78.607483	79.158966	79.137024	78.972748	79.020584	79.506882	79.361206	79.406334	79.495972	79.465485	79.381973	79.651199	79.433418	79.506256	79.344864	79.452301	79.307678	79.188622	79.32811	79.795097	79.65667	79.763748	79.769363	79.637466	79.65654	79.759003	79.543831	79.79554	79.765884	79.6464	79.803833	79.563919	79.881134	79.845848	79.956154	79.883224	79.662277	79.847031	79.844086	79.765732	79.55809	79.479996	79.745544	79.487488	79.483162	79.405807	79.048737	79.301231	79.408981	79.486282	79.210083	79.306427	79.11364	79.357468	79.555931	79.830399	79.684402	79.697304	79.816063	79.764954	79.336472	79.484474	79.299316	79.32531	79.24939	79.212868	79.396362	79.413979	79.621681	79.817589	79.228783	79.450165	79.360672	79.423187	79.090866	78.972321	79.171486	79.266571	79.148605	79.067841	79.322662	79.151642	79.211868	79.123672	78.990234	78.991196	79.115387	79.14698	79.496429	79.260864	79.421387	79.431778	79.496658	79.611618	79.716293	79.567535	79.486282	79.603928	79.576248	79.482178	79.327789	79.447937	79.597321	79.598343	79.690002	79.599014	79.558434	79.763321	79.554222	79.40155	79.361221	79.464691	79.461777	79.461304	79.621788	79.559311	79.86512	79.695923	79.821541	79.27562	79.167152	79.069397	79.237015	79.11734	79.146194	78.985321	79.099709	78.929001	79.228668	79.163422	79.165375	79.301559	79.120041	79.37706	79.268677	79.429977	79.528946	79.550705	79.336472	79.483932	79.585938	79.635056	79.600235	79.552231	79.531487	79.282837	79.191864	79.380386	79.425293	79.500168	79.43013	79.622292	79.639824	79.506714	79.298927	79.332039	79.757004	79.401108	79.377266	79.309433	79.123138	79.245819	79.261482	79.250351	79.585976	79.224136	79.284882	79.422516	79.400215	79.474075	79.259964	79.17926	79.502792	79.880859	79.847321	79.441727	79.59185	79.358704	79.437691	79.473526	79.56353	79.426399	79.475189	79.864822	79.872955	79.602936	79.57196	79.705704	79.961243	79.666595	79.844353	79.866806	79.71312	79.212341	79.124069	78.958252	79.673615	79.47142	79.259117	79.5961	78.707001	78.942192	78.912994	79.493835	79.765152	80.233292	79.493134	79.617111	79.438881	79.325943	79.261734	79.348961	79.619896	79.499069
78.30957	77.946297	79.318756	100.0	80.455811	80.362686	78.880783	79.215118	79.293655	78.962227	79.032944	79.370529	79.36731	79.360649	79.459427	79.36721	79.37558	79.582047	79.329407	79.314346	79.356064	79.242752	79.382545	79.243431	79.246902	79.555931	79.552521	79.547119	79.448296	79.603622	79.503906	79.595436	79.40683	79.444374	79.498093	79.414146	79.611801	79.438202	79.548218	79.467117	79.491631	79.620415	79.399246	79.691818	79.668884	79.531036	79.487419	79.511261	79.521637	79.292152	79.572563	79.261856	79.065208	79.326889	79.222672	79.366562	79.201385	79.219086	79.074249	79.325569	79.47406	79.568275	79.638458	79.508698	79.595459	79.633499	79.320801	79.515915	79.266632	79.283371	79.363998	79.21109	79.268333	79.332916	79.645126	79.522163	79.298752	79.41893	79.255768	79.481644	79.20726	79.119308	79.269485	79.263	79.220566	79.267212	79.326981	79.23632	79.215408	79.203812	79.113708	79.146866	79.225243	79.225876	79.401817	79.298431	79.433159	79.352066	79.48378	79.597023	79.525688	79.622307	79.752289	79.58194	79.502304	79.505844	79.528465	79.553909	79.843582	79.970901	79.86245	79.693535	79.790863	79.886887	79.852188	79.80191	79.703918	79.693581	79.723648	79.78006	79.921555	79.784027	79.929489	79.821793	79.928665	79.45607	79.329224	79.341187	79.390335	79.318222	79.341156	79.274384	79.311157	79.058945	79.180679	79.231949	79.320824	79.43557	79.275467	79.386429	79.381302	79.38179	79.468224	79.494781	79.351898	79.52504	79.578331	79.609207	79.617249	79.643021	79.513199	79.319168	79.285477	79.318848	79.524261	79.338409	79.47187	79.523232	79.629211	79.485641	79.343376	79.378433	79.560463	79.472	79.374771	79.401566	79.242615	79.251457	79.552994	79.472458	79.582764	79.462234	79.317993	79.52655	79.599655	79.433075	79.288055	79.368317	79.458481	79.702881	79.773094	79.428749	79.575455	79.342163	79.748169	79.59343	79.654579	79.737259	79.559067	79.62896	79.757568	79.782318	79.546753	79.690727	79.961151	79.786423	79.835083	80.078819	79.794754	79.160881	78.953728	78.999275	79.546242	79.416718	79.448761	79.454895	78.815872	78.937729	79.078606	79.548347	79.827866	80.49485	79.61734	79.626602	79.484711	79.425385	79.447906	79.625122	79.71936	79.598022
78.350342	78.012772	79.132614	80.455811	100.0	82.772331	78.955177	79.329216	79.442612	78.851669	79.216293	79.826584	79.577423	79.67485	79.707405	79.435669	79.61705	79.720367	79.537155	79.719849	79.556587	79.513817	79.469437	79.33313	79.329109	79.87709	79.802597	79.740387	79.965988	79.72966	79.669006	79.807205	79.553513	79.638275	79.74469	79.652313	79.781693	79.479355	79.784317	79.774277	79.802887	79.758156	79.572998	79.837646	79.844093	79.644562	79.363403	79.572815	79.674538	79.489517	79.457489	79.4823	79.032028	79.320358	79.371765	79.553757	79.151993	79.334747	79.211441	79.469528	79.582413	79.638184	79.675804	79.733414	79.822266	79.642899	79.441223	79.571716	79.374832	79.165695	79.300858	79.278763	79.156097	79.522797	79.667572	79.753387	79.05838	79.400726	79.294167	79.376266	79.124466	79.125931	79.169373	79.202835	79.163315	79.204666	79.217361	79.351669	79.143333	78.990929	79.123878	79.054199	79.185646	79.325562	79.3255	79.381729	79.495346	79.476303	79.497513	79.574501	79.534508	79.54306	79.600647	79.639069	79.569756	79.515472	79.442238	79.542709	80.000671	80.033035	80.156593	79.974091	79.873993	80.056145	80.120598	80.06955	79.854584	79.923019	79.967438	79.968384	80.013756	79.986198	80.194145	79.908791	80.122284	79.456993	79.245338	79.117828	79.210327	79.201035	79.239349	79.12812	79.290787	78.905724	79.209335	79.152039	79.128036	79.227661	79.258148	79.298836	79.138336	79.383881	79.371078	79.411598	79.328842	79.373138	79.59935	79.643387	79.572388	79.574783	79.419029	79.384247	79.292931	79.313507	79.332191	79.264359	79.490799	79.429565	79.594795	79.489914	79.163521	79.21962	79.55191	79.401123	79.343445	79.345047	79.091095	79.444504	79.564163	79.397842	79.684242	79.192612	79.384468	79.382843	79.296982	79.159615	79.258316	79.323273	79.431175	79.579819	79.687057	79.218033	79.609222	79.441132	79.554604	79.5112	79.610336	79.652077	79.546783	79.776138	79.604057	79.598564	79.695328	79.872253	79.845749	80.075775	79.896835	79.986984	79.804733	79.175339	79.13356	78.963028	79.726273	79.714203	79.4133	79.58168	78.942741	78.94751	78.99231	79.565964	79.876801	80.492462	79.512161	79.676346	79.385788	79.593071	79.685371	79.549995	79.825279	79.833557
78.652504	78.016678	79.287598	80.362686	82.772331	100.0	78.982803	79.769081	79.751991	79.023285	79.628426	80.032104	79.721992	79.768799	79.924194	79.727821	79.788216	80.077759	79.764008	79.842552	79.763855	79.73262	79.578873	79.533951	79.631317	79.956573	80.004593	80.067261	79.956146	79.884628	79.862457	79.870026	79.753708	79.751419	79.839417	79.862061	79.883331	79.72496	79.897644	79.919876	79.947533	79.963882	79.943146	79.96064	79.874252	79.952393	79.473915	79.603798	79.679672	79.615448	79.803123	79.639359	79.103951	79.468369	79.535019	79.792671	79.408699	79.456177	79.257874	79.557137	79.704567	79.84417	80.01088	79.845421	79.992966	80.093781	79.543587	79.671783	79.483124	79.275032	79.447685	79.369766	79.331345	79.584717	79.77504	79.921738	79.337036	79.528511	79.504356	79.685883	79.228424	79.259933	79.378838	79.442886	79.376808	79.345764	79.349869	79.393532	79.363174	79.149734	79.36441	79.232025	79.163055	79.297821	79.46846	79.401443	79.801788	79.797676	79.842758	79.89032	79.797577	79.91893	79.890396	79.824638	79.911301	79.848404	79.647583	79.778526	80.251236	80.274353	80.133911	80.158554	80.120819	80.316254	80.330368	80.150665	80.056602	79.97052	79.974915	80.084946	79.972641	80.176025	80.311699	80.181458	80.194901	79.613472	79.425865	79.366104	79.512482	79.345673	79.493477	79.326508	79.441505	79.161163	79.63726	79.476418	79.305519	79.524261	79.763062	79.590866	79.383057	79.801712	79.779221	79.828491	79.468246	79.652229	79.909805	79.702667	79.822426	79.943047	79.80304	79.632309	79.522285	79.618637	79.457687	79.534164	79.695023	79.566429	79.740562	79.775711	79.454109	79.50547	79.724854	79.633133	79.699875	79.623108	79.431824	79.542229	79.651939	79.691254	79.893875	79.541458	79.402779	79.40416	79.397171	79.446503	79.413849	79.413956	79.783371	80.002159	80.030807	79.595673	79.775955	79.628487	79.697662	79.763596	79.71656	79.791016	79.794243	80.051018	79.848396	79.828033	79.983658	80.181747	80.185349	80.171051	80.080902	80.183937	79.975868	79.407722	79.44017	79.247345	80.051262	79.928047	79.732529	79.677635	79.176041	79.12571	79.159782	79.858627	80.034515	80.852585	79.725403	79.913605	79.784576	79.713196	79.741982	79.661758	80.188797	79.988892
77.994896	77.574234	78.607483	78.880783	78.955177	78.982803	100.0	80.794861	80.865784	78.343887	78.470039	78.781387	78.573959	78.786362	78.790405	78.542786	78.75032	78.714905	78.679459	78.719421	78.603912	78.708656	78.435509	78.345222	78.355316	78.969818	78.735901	78.961433	78.983337	78.882042	78.804642	78.962646	78.803856	78.897629	78.857948	78.739059	78.916504	78.819809	78.966949	78.896561	79.043373	79.037033	78.810806	79.027695	78.863602	78.773544	78.524872	78.665504	78.666748	78.63195	78.760086	78.711227	78.418686	78.494591	78.550972	78.609909	78.373825	78.547424	78.384338	78.632111	78.735481	78.817627	78.887794	78.864571	79.004974	78.962212	78.532333	78.606613	78.548134	78.380844	78.424667	78.514297	78.422424	78.46183	78.817085	78.857834	78.448845	78.557434	78.455086	78.63327	78.228668	78.207947	78.376663	78.574188	78.309639	78.447685	78.411545	78.585449	78.327515	78.297714	78.336884	78.242317	78.30394	78.500076	78.522583	78.495865	78.771622	78.603622	78.746109	78.680359	78.879044	78.747208	78.764557	78.8134	78.79995	78.755547	78.601761	78.745178	78.87413	78.921059	78.78215	78.8452	78.830093	78.959221	78.763885	78.811066	78.69548	78.610077	78.623047	78.610855	78.756363	78.64122	78.893066	78.875229	78.961853	78.798294	78.52639	78.685005	78.510117	78.442245	78.480759	78.578201	78.66806	78.327377	78.40834	78.472977	78.47673	78.536682	78.594589	78.737625	78.342384	78.500671	78.622894	78.626572	78.491165	78.487869	78.652901	78.756943	78.802277	78.745972	78.512375	78.506653	78.519409	78.540619	78.372116	78.483383	78.638222	78.663559	78.68306	78.768509	78.536461	78.512886	78.884026	78.728134	78.647995	78.66539	78.531265	78.569298	78.776337	78.727486	78.833481	78.545647	78.606361	78.686424	78.610939	78.660553	78.455887	78.593109	78.82531	79.146362	79.236282	78.628983	78.640991	78.796234	78.735405	78.639549	78.883568	78.830566	78.753906	79.076233	78.827347	78.512947	79.030167	78.94342	78.983353	78.909424	78.865868	79.08342	78.879654	78.327072	78.347519	78.201706	78.986816	78.938126	78.650902	78.845108	78.399384	78.343903	78.278671	79.007912	79.232307	79.986465	78.887955	78.902679	78.614548	78.496826	78.524811	78.454422	79.108185	78.812134
78.532059	78.312714	79.158966	79.215118	79.329216	79.769081	80.794861	100.0	88.971588	78.838974	79.113388	79.577209	79.312897	79.391106	79.381454	79.341377	79.320419	79.363701	79.302094	79.306702	79.260178	79.283127	79.491028	79.093048	79.206558	79.602074	79.609711	79.676376	79.711685	79.471603	79.487671	79.43219	79.517036	79.447655	79.482452	79.428085	79.486122	79.360504	79.570595	79.619843	79.628044	79.682571	79.511696	79.695358	79.567093	79.61882	79.251999	79.200394	79.247665	79.218735	79.371674	79.335014	78.919922	79.133484	79.320053	79.634346	79.058243	79.258003	79.123276	79.218887	79.221649	79.349564	79.499619	79.523514	79.643959	79.585052	79.260269	79.248131	79.342827	79.09108	79.108658	79.017471	79.141632	79.363266	79.705269	79.484512	79.023956	79.245354	79.115631	79.275414	78.996223	78.917664	79.078583	79.076797	78.894203	79.037941	79.081253	79.350037	79.089142	78.845856	78.979858	79.007767	79.014244	78.983315	79.350433	79.073189	79.656296	79.381668	79.576271	79.642303	79.480965	79.498421	79.57431	79.564987	79.437027	79.440643	79.443169	79.504074	79.637733	79.645439	79.695282	79.618927	79.669708	79.70108	79.735901	79.625168	79.490952	79.659218	79.515366	79.535812	79.652802	79.370392	79.736374	79.588989	79.622742	79.325699	79.217117	79.165619	79.584106	79.194618	79.084618	79.094742	79.15477	78.867317	79.257881	79.188011	79.126633	79.235428	79.306488	79.21067	78.822906	79.06839	79.205666	79.131302	79.003342	79.040161	79.144661	79.181213	79.240715	79.198151	79.085831	79.089554	78.83609	79.086479	78.902077	78.906616	79.363106	79.464211	79.34407	79.283661	79.22023	79.253975	79.553741	79.469009	79.349548	79.208939	79.041534	79.273148	79.507874	79.245964	79.627014	79.136307	79.12043	79.286728	79.285675	79.254333	79.216431	79.241486	79.429138	79.542358	79.758179	79.184784	79.296112	79.249466	79.290375	79.30687	79.273064	79.30545	79.305008	79.728523	79.395004	79.344849	79.549805	79.562607	79.701523	79.614563	79.608612	79.570129	79.627075	79.132523	79.077759	79.05423	79.67878	79.48877	79.428192	79.484886	78.75383	78.619659	78.749359	79.661285	79.825546	80.656326	79.269646	79.456734	79.252167	79.314499	79.258438	79.319748	79.599449	79.571609
78.606537	78.31604	79.137024	79.293655	79.442612	79.751991	80.865784	88.971588	100.0	78.720177	79.263672	79.56601	79.384796	79.443146	79.477745	79.312897	79.476456	79.545227	79.461441	79.497543	79.472916	79.428238	79.273582	79.253662	79.189621	79.621796	79.584732	79.635162	79.685181	79.589661	79.479309	79.73732	79.392548	79.632286	79.691269	79.543289	79.663101	79.346527	79.677994	79.743927	79.607712	79.714821	79.475121	79.744225	79.48922	79.618622	79.21106	79.303543	79.35585	79.099228	79.344833	79.338852	78.862427	79.086021	79.308594	79.486481	79.079239	79.113464	78.960022	79.285278	79.336693	79.481056	79.479126	79.500359	79.605255	79.567131	79.352295	79.32753	79.399078	79.073242	79.176147	78.980438	79.197891	79.269142	79.565636	79.451653	78.993103	79.257385	79.113205	79.316757	78.878403	78.840698	79.088531	79.111908	78.964432	78.913643	79.091873	79.28698	78.907745	78.880127	78.865349	78.919067	79.024475	79.036659	79.200653	79.080322	79.595413	79.38887	79.525909	79.552193	79.576416	79.472687	79.684982	79.566559	79.534737	79.404343	79.323593	79.491058	79.569939	79.607376	79.605415	79.575142	79.666321	79.776573	79.736572	79.469498	79.596924	79.498199	79.46376	79.510612	79.569458	79.495026	79.656876	79.431694	79.551437	79.266663	79.230438	79.118752	79.162369	79.192993	79.218445	79.118385	79.110817	78.901657	79.185623	79.087494	79.208069	79.231186	79.389511	79.243118	78.848999	78.995438	79.20916	79.148811	78.971527	78.877472	79.232903	79.200851	79.248367	79.2519	79.074478	79.062401	78.82843	79.000473	78.898796	78.956764	79.47435	79.425133	79.368439	79.411514	79.031723	79.135941	79.648666	79.421921	79.3368	79.279839	79.060425	79.223297	79.501083	79.385529	79.692947	79.185455	79.22892	79.320595	79.3312	79.186356	79.248154	79.240524	79.570892	79.607895	79.729996	79.091141	79.38427	79.262283	79.266663	79.237961	79.388931	79.374466	79.424988	79.653107	79.566956	79.33342	79.545441	79.61409	79.715088	79.646957	79.658508	79.760643	79.696892	79.189209	79.12307	79.036987	79.766281	79.631744	79.482712	79.546303	78.826096	78.744629	78.929634	79.612183	79.846725	80.709763	79.343193	79.432999	79.296814	79.279465	79.395432	79.33197	79.626312	79.560249
78.446976	78.023186	78.972748	78.962227	78.851669	79.023285	78.343887	78.838974	78.720177	100.0	81.845451	82.385239	82.401909	82.469635	82.67363	82.647415	82.567078	82.947113	82.730293	82.827408	82.667633	82.629761	82.612564	82.580505	82.591171	83.097519	82.613869	82.858093	82.962257	82.748177	82.535919	82.83786	82.477783	82.794632	82.631241	82.575012	82.841843	82.456406	82.642334	82.536758	82.696381	82.680817	82.598755	82.97023	82.771454	82.774704	82.877396	83.057755	83.249359	82.966682	83.167999	83.066032	82.840836	83.471985	83.560989	83.804726	83.151337	83.757835	83.415131	82.46817	83.061691	83.145493	82.835999	83.343948	83.038635	83.15741	83.176476	82.834869	83.305	83.269554	83.3116	83.170746	83.431908	83.014832	83.125816	82.969978	82.974823	83.109482	82.893906	82.724037	82.216644	82.300285	82.456963	82.436829	82.44104	82.404915	82.624344	81.571884	81.87619	81.937569	82.204712	82.14418	82.079849	82.097687	82.432846	82.3713	80.521553	80.597961	80.593735	80.667587	80.611069	80.59404	80.693062	80.710197	80.582321	80.537079	80.315964	80.534584	79.860992	79.818542	79.873825	79.92778	79.958046	79.973831	80.059029	79.972389	79.81707	79.746048	79.739944	79.767632	79.859985	79.856232	80.121529	79.970367	80.047813	80.457474	80.214355	80.225281	80.259529	80.131096	80.088181	80.116608	80.117691	79.907547	80.426964	80.195892	80.055557	80.162849	80.278061	80.383087	80.855301	81.076538	81.209976	81.23793	80.986374	81.014038	81.229477	81.349213	81.330269	81.348	81.067551	81.589111	80.932281	81.043274	81.047012	81.025513	80.637909	80.78656	80.98362	80.850052	80.646805	80.534821	80.980148	80.831345	80.667389	80.874344	80.041023	80.449112	80.486839	80.318855	80.667557	80.175278	80.385605	80.231689	80.294296	80.367302	79.994431	80.212013	80.595154	80.878433	80.962982	80.062012	80.455429	80.556847	80.439636	80.552032	80.403122	80.46032	80.780334	81.214806	80.835526	80.598312	79.863983	79.874222	79.992081	80.044594	80.04068	80.075897	79.929504	79.877182	79.862305	79.838692	80.537323	80.370499	80.45047	80.569809	80.477249	79.946487	79.990013	79.329056	79.725952	79.842735	79.411713	79.505203	79.347824	79.276642	79.27095	79.16893	79.703438	79.45816
78.967819	78.464355	79.020584	79.032944	79.216293	79.628426	78.470039	79.113388	79.263672	81.845451	100.0	85.34494	84.877106	84.89003	85.036819	86.093796	85.816101	86.355911	86.300919	86.447159	86.327576	86.360382	86.438019	85.945145	85.74968	85.945801	83.587563	84.234268	84.153778	83.268959	83.251923	83.379288	82.941307	83.244911	83.211853	83.177292	83.391739	82.784592	83.079712	82.947746	83.060883	83.125084	83.207405	83.561028	83.470795	83.198944	83.281044	83.302193	83.631065	83.473907	83.581665	83.060921	82.942291	83.243958	83.305008	83.351494	82.972366	83.562256	83.271851	83.218002	83.620384	83.558594	83.573959	84.044334	83.791901	83.807152	83.710114	83.497223	83.093285	83.186691	83.252899	83.225754	83.279152	83.39267	83.554642	83.284317	83.244667	83.476303	83.281982	82.655342	82.340538	82.319397	82.364639	82.276894	82.271286	82.237183	82.355507	82.495346	82.130692	82.075165	82.646011	82.599182	82.44873	82.398232	82.820862	82.789513	80.56321	80.668159	80.794281	80.61956	80.84465	80.69278	80.836052	80.763107	80.66008	80.697983	80.557411	80.734039	80.261032	80.280716	80.363068	80.233414	80.429131	80.36113	80.283157	80.347366	80.166245	80.133057	80.18235	80.415428	80.316307	80.299622	80.504242	80.44548	80.36467	80.555908	80.569321	80.595673	80.536224	80.414154	80.51078	80.541443	80.438148	80.189072	80.538727	80.540527	80.387177	80.630005	80.716919	80.617973	80.989105	81.218307	81.307892	81.298935	81.232796	81.215668	81.368881	81.439377	81.507706	81.618591	81.541077	81.64119	81.197342	81.2686	81.369301	81.244507	80.859161	80.94191	81.090675	81.041557	80.87442	80.83902	81.105614	81.089897	80.950462	80.931953	80.346664	80.519569	80.678352	80.705307	80.827927	80.496223	80.461212	80.215477	80.285751	80.293015	80.156433	80.293358	80.922173	80.904205	80.906288	80.561867	80.796104	80.785416	80.788803	80.774475	80.745117	80.847557	80.882477	81.232605	81.067719	80.852692	80.125671	80.204597	80.527466	80.378311	80.389389	80.475761	80.253754	80.233063	80.162079	80.218887	80.818161	80.742821	80.774925	80.968094	80.901611	79.884674	79.978775	79.843712	80.116112	80.220619	79.662537	79.77066	79.843674	79.809998	79.668304	79.679001	80.090927	80.144417
79.495811	78.844284	79.506882	79.370529	79.826584	80.032104	78.781387	79.577209	79.56601	82.385239	85.34494	100.0	90.090042	90.022598	90.186493	86.557907	86.79483	87.14473	87.039604	87.10881	86.913315	87.061264	87.044296	86.585648	86.206184	87.122444	84.850952	85.506561	85.41449	84.094055	84.073204	84.360878	83.856117	84.217964	84.078949	84.052338	84.290825	83.571449	84.183304	84.023315	84.237549	84.146881	83.749451	84.60968	84.49823	84.270432	83.955261	84.129745	84.334351	84.042587	84.166443	83.957687	83.575996	84.027435	84.037025	84.361183	83.41861	84.006119	83.869293	83.678482	84.222382	84.417526	84.420067	84.913803	84.737289	84.829987	84.339813	84.277786	83.927002	83.951523	84.061935	83.819839	84.112541	84.095253	84.308861	84.273849	83.771744	84.003113	83.930542	83.404381	82.641678	82.729752	82.909241	82.878761	82.818077	82.724243	82.922318	83.273239	82.565109	82.542435	82.973297	82.93689	82.99971	83.133484	83.29512	83.581528	81.412033	81.366989	81.479004	81.562363	81.582176	81.412193	81.487793	81.473999	81.529922	81.337204	81.274292	81.330116	80.925385	80.927673	81.013702	80.879486	80.838943	81.107635	80.9151	80.767899	80.69326	80.825989	80.667953	80.841599	80.943344	80.838417	81.217697	81.133034	81.102188	81.207245	81.049187	81.101898	81.145279	81.013779	81.026596	80.949646	80.97863	80.703217	81.193436	81.182358	81.115112	81.112976	81.261429	81.245651	81.581261	81.855545	82.056274	82.045959	81.741844	81.810181	82.200272	82.331558	82.256119	82.344734	82.173271	82.360184	81.941879	81.888626	81.912613	81.867325	81.745087	81.621979	81.842514	81.766266	81.37574	81.49649	81.99044	81.671906	81.497116	81.650635	80.713943	81.088692	81.231049	81.106216	81.651688	80.979965	80.975861	80.964325	80.864761	80.953918	80.749619	80.78186	81.329636	81.675629	81.813156	81.201538	81.480927	81.30928	81.327797	81.326767	81.282265	81.278343	81.759087	81.955345	81.712234	81.244644	80.763565	80.822495	81.215103	81.11441	81.128799	80.963058	80.9319	80.647125	80.687401	80.388687	81.671112	81.276505	81.444878	81.834518	81.350662	80.276413	80.522003	80.485962	80.680351	81.124748	80.312874	80.370499	80.314293	80.276123	80.169022	80.219864	80.579544	80.403374
79.331802	78.778015	79.361206	79.36731	79.577423	79.721992	78.573959	79.312897	79.384796	82.401909	84.877106	90.090042	100.0	94.623734	94.916336	86.334427	86.409286	86.739243	86.596848	86.713547	86.653625	86.715897	86.847748	86.342567	85.97168	86.718536	84.624878	85.401443	85.33786	83.867065	83.757195	83.992996	83.654778	83.901642	83.927094	83.79837	84.013023	83.440308	84.042213	83.68869	84.019958	84.0784	83.649513	84.31459	84.188324	83.968369	83.798134	84.035202	84.25885	83.93956	84.00676	83.952728	83.598953	83.855171	83.953918	84.315048	83.221237	83.925438	83.656006	83.527252	84.043869	84.046188	84.086472	84.73819	84.296432	84.544678	84.099045	84.315796	83.971428	83.895264	83.808037	83.756874	84.018661	84.038399	84.206787	84.06179	83.590012	84.008125	83.924774	83.281425	82.764877	82.799927	82.780281	82.714355	82.971359	82.863197	82.950378	83.264397	82.62999	82.547302	83.004303	82.947807	83.064331	82.897064	83.292526	83.578964	81.285156	81.42569	81.365021	81.484665	81.36734	81.396843	81.5289	81.429604	81.492798	81.296753	81.151184	81.277969	80.788223	80.754349	80.869026	80.763756	80.811089	80.947769	81.050537	80.873665	80.607422	80.784569	80.660477	80.683388	80.812729	80.834351	81.106567	80.856445	80.97377	81.128494	80.931198	81.038834	81.089645	81.019913	81.065338	80.863373	80.922089	80.710571	81.07283	81.048531	81.04512	80.975403	81.213913	81.018898	81.502502	81.817627	81.825851	81.924065	81.778053	81.820587	82.03067	82.340591	82.211441	82.282562	81.963074	82.317253	81.746002	81.819695	81.840271	81.852066	81.553818	81.514877	81.815086	81.672928	81.374817	81.308006	81.828743	81.651459	81.402237	81.593376	80.587601	80.954971	81.118828	80.943748	81.537323	81.011337	81.0383	80.707245	80.851601	80.774948	80.722343	80.755867	81.189301	81.419678	81.612068	81.052902	81.31208	81.181366	81.213455	81.23101	81.258698	81.358734	81.762352	81.778061	81.603264	81.300842	80.511383	80.720108	80.970352	80.989334	81.041451	80.921608	80.934097	80.663071	80.54631	80.527519	81.461853	81.148354	81.380157	81.600166	81.195984	80.221588	80.397758	80.162422	80.495956	80.756546	80.181992	80.16095	80.217941	80.140488	80.205704	80.264343	80.484871	80.476013
79.299271	78.881615	79.406334	79.360649	79.67485	79.768799	78.786362	79.391106	79.443146	82.469635	84.89003	90.022598	94.623734	100.0	94.920326	86.344437	86.442673	86.753448	86.632095	86.800049	86.644577	86.771744	86.834175	86.338303	85.878387	86.739815	84.603546	85.465378	85.585541	83.940186	83.932144	84.13446	83.789848	84.121758	83.976425	83.94825	84.107101	83.436935	84.025253	83.771667	84.124535	84.070923	83.686935	84.375435	84.272537	84.119209	83.890793	83.995087	84.25634	84.031357	84.239319	84.029732	83.629303	83.979889	84.010452	84.264595	83.47998	84.028549	83.763138	83.653442	84.106522	84.13472	84.206726	84.720146	84.397797	84.666901	84.141556	84.211777	83.99231	84.01725	83.898788	83.89505	84.052231	84.116272	84.37001	84.167564	83.606865	84.057251	83.840767	83.351555	82.749596	82.780624	82.919662	82.88916	82.939331	82.820541	82.907211	83.180008	82.643234	82.601624	82.97699	83.011574	83.004814	83.001472	83.217255	83.505424	81.394958	81.405533	81.412018	81.561996	81.416245	81.432877	81.475533	81.489792	81.444626	81.348969	81.244759	81.363098	80.863281	80.785172	80.963562	80.843323	81.003738	81.038857	81.020691	80.77774	80.637466	80.781006	80.664299	80.709938	80.883919	80.842918	81.182129	81.014877	81.056854	81.196312	81.106781	81.091782	81.210693	81.192024	81.057037	80.943527	81.001007	80.71032	81.139496	81.172615	81.028641	81.189781	81.282074	81.200737	81.594231	81.884033	81.855835	81.953171	81.787903	81.873322	82.175598	82.351189	82.341919	82.382751	82.040398	82.365707	81.975876	82.064728	81.851959	81.948044	81.625931	81.530388	81.650284	81.80809	81.409424	81.391281	81.806023	81.693802	81.574875	81.703804	80.768051	81.117348	81.197769	81.055351	81.796967	81.022629	80.981812	80.758476	80.80896	80.840225	80.661636	80.897614	81.220261	81.564758	81.60038	81.030167	81.366745	81.348816	81.202301	81.254028	81.285492	81.428909	81.746437	81.856712	81.709625	81.264511	80.696136	80.814102	81.218216	81.0961	81.097649	81.033829	81.002556	80.761917	80.566971	80.522751	81.494934	81.246376	81.475616	81.750519	81.278671	80.320618	80.471725	80.195709	80.556709	80.918839	80.273834	80.289734	80.177475	80.239433	80.368515	80.272202	80.578247	80.589508
79.420822	78.840904	79.495972	79.459427	79.707405	79.924194	78.790405	79.381454	79.477745	82.67363	85.036819	90.186493	94.916336	94.920326	100.0	86.503738	86.582481	86.874641	86.752029	86.872765	86.782974	86.985481	86.958389	86.502075	86.170464	86.880035	84.79406	85.563034	85.565048	84.165115	83.9888	84.220062	83.844254	84.133232	84.116623	84.033836	84.247238	83.526627	84.106598	83.850861	84.272751	84.224289	83.713303	84.424355	84.357132	84.203384	83.926376	84.231537	84.390099	84.065231	84.292786	84.126923	83.63269	84.089203	84.122383	84.392174	83.475342	84.115387	83.762657	83.843552	84.307228	84.248146	84.25882	84.926224	84.65065	84.733818	84.246262	84.428864	84.063553	84.016068	84.014664	83.85878	84.100647	84.220398	84.307709	84.2649	83.774658	84.05513	83.947838	83.481422	82.895355	82.885109	82.928879	82.95285	83.008408	82.88472	83.141403	83.449783	82.788574	82.764603	83.206406	83.077103	83.132996	83.16098	83.47319	83.638718	81.485138	81.548218	81.45993	81.623047	81.516121	81.478973	81.691956	81.473709	81.629768	81.439278	81.34436	81.542679	80.88501	80.9077	81.108986	80.909477	80.980232	81.229996	80.999527	80.909225	80.674774	80.78334	80.699081	80.744049	80.893036	80.911606	81.258408	81.147118	81.064346	81.292145	81.20343	81.138893	81.243324	81.200089	81.06279	81.05275	81.134796	80.684402	81.328865	81.232254	81.185646	81.23291	81.289948	81.353119	81.702789	81.914322	82.055756	82.078171	81.863403	81.938553	82.210236	82.326408	82.357071	82.33757	82.175095	82.504379	82.022804	81.990303	82.080322	82.070236	81.714157	81.67186	81.825272	81.825485	81.587311	81.455139	81.961258	81.791939	81.610474	81.717316	80.782455	81.069931	81.275665	81.233978	81.687202	81.139641	81.054153	80.823318	80.841431	81.043747	80.811226	80.822571	81.287109	81.613495	81.736145	81.115486	81.383339	81.386871	81.324867	81.316132	81.415054	81.406921	81.912582	81.88623	81.813217	81.327446	80.766678	80.854523	81.225571	81.208969	81.097885	81.15802	80.982864	80.672531	80.705688	80.60788	81.604347	81.334343	81.54866	81.882843	81.344902	80.465393	80.573654	80.313713	80.605286	80.983131	80.16922	80.283409	80.310822	80.315277	80.318741	80.290298	80.593353	80.598404
79.05941	78.542953	79.465485	79.36721	79.435669	79.727821	78.542786	79.341377	79.312897	82.647415	86.093796	86.557907	86.334427	86.344437	86.503738	100.0	88.222702	89.090317	88.956375	89.038803	88.835617	89.15834	87.434891	87.206787	86.704735	87.477821	84.684387	85.583672	85.420044	84.242279	84.248009	84.406822	83.867493	84.393997	84.233749	84.251724	84.436096	83.794769	84.128868	83.945526	84.150864	84.111359	83.912949	84.614426	84.438309	84.347092	84.250565	84.340576	84.659424	84.284714	84.449768	84.061356	83.808891	84.411095	84.535675	84.486572	83.812683	84.286415	84.329514	83.924194	84.577026	84.592484	84.528168	85.264023	84.897392	84.929489	84.55101	84.407654	84.224945	84.250328	84.231308	84.162201	84.383606	84.222931	84.419907	84.441162	84.030838	84.328041	84.25592	83.50209	83.00589	82.879623	83.173447	83.074829	82.959023	83.006401	83.140671	83.129364	82.837372	82.677994	83.335388	83.239914	83.138725	83.226074	83.55854	83.654556	81.290741	81.356606	81.327042	81.318893	81.375168	81.28125	81.341454	81.30719	81.382477	81.324501	81.054169	81.236298	80.700378	80.836929	80.818672	80.707672	80.697617	80.805466	80.760956	80.71566	80.476257	80.596786	80.617706	80.476807	80.7173	80.5755	80.978256	80.942932	80.978882	81.095581	81.068352	81.060349	81.112587	81.004402	81.031311	80.975647	80.934753	80.641922	81.012177	81.063782	80.889999	81.14299	81.10421	81.102821	81.486877	81.772537	81.924713	81.971764	81.700089	81.819046	82.162888	82.305725	82.229996	82.332573	82.260895	82.196884	81.68084	81.819763	81.793793	81.876373	81.414436	81.530365	81.71431	81.527679	81.351402	81.39917	81.775848	81.429398	81.493378	81.569214	80.815781	81.051636	81.381027	80.975685	81.52179	80.976089	80.939728	80.748688	80.79924	80.867439	80.533478	80.67382	81.396278	81.620407	81.511368	81.063881	81.436462	81.247986	81.157013	81.242386	81.341057	81.36496	81.65181	81.886078	81.761597	81.239624	80.684952	80.648323	81.058846	80.865471	81.003891	81.104622	80.810425	80.608841	80.446129	80.257881	81.286652	81.198601	81.233849	81.484619	81.19696	80.205917	80.429428	80.249222	80.456497	80.759155	79.992165	80.075684	80.060242	79.95163	79.995712	80.010223	80.416641	80.347
79.154388	78.776718	79.381973	79.37558	79.61705	79.788216	78.75032	79.320419	79.476456	82.567078	85.816101	86.79483	86.409286	86.442673	86.582481	88.222702	100.0	89.425339	89.172729	89.321793	89.321587	89.565552	87.249298	86.869461	86.526672	87.398941	84.828293	85.560753	85.515442	84.410187	84.28373	84.496887	84.000519	84.372154	84.40062	84.252167	84.398911	83.763718	84.28289	84.083481	84.379974	84.377556	84.047958	84.765984	84.753662	84.438431	84.178253	84.30809	84.697159	84.281036	84.510269	83.994087	83.578339	84.2173	84.401932	84.408363	83.669815	84.177147	83.989899	83.95369	84.48053	84.624084	84.850204	85.539536	84.981522	85.156235	84.531265	84.338486	84.156761	84.074966	84.136734	83.965729	84.271858	84.340744	84.621826	84.449036	83.972969	84.289085	84.169113	83.47641	82.887024	82.850395	83.060196	82.987869	83.005264	82.901917	83.165543	83.27504	82.625595	82.675262	83.228874	83.030006	83.148109	83.21862	83.460663	83.654099	81.33873	81.274261	81.360138	81.380371	81.290039	81.361191	81.44397	81.215607	81.327515	81.364243	81.117706	81.281876	81.06749	80.997711	80.743896	80.901627	80.784134	81.046555	80.885376	80.873718	80.626221	80.779953	80.650284	80.607559	80.884781	80.807495	81.095673	81.0495	81.074577	81.250488	81.038147	80.941376	81.085327	81.056877	80.926559	80.935928	81.083694	80.679474	81.204803	81.061775	80.951317	81.086868	81.264214	81.142746	81.498688	81.923149	81.980377	82.019058	81.791916	81.903694	82.210739	82.37207	82.304306	82.432953	82.217468	82.294899	81.822227	81.94149	81.91143	81.970795	81.497902	81.660675	81.731552	81.692642	81.433105	81.451256	82.033676	81.761131	81.638382	81.694618	80.820511	81.111237	81.395493	81.121796	81.559906	80.991379	81.035614	80.81897	80.822075	80.852333	80.58606	80.680717	81.408356	81.541328	81.680473	81.137299	81.42263	81.182922	81.282501	81.321838	81.387527	81.289871	81.517212	81.954758	81.665573	81.228783	80.678497	80.741241	81.172562	81.063721	81.033005	80.904938	81.097809	80.644577	80.555603	80.31282	81.335014	81.139084	81.405846	81.699905	81.421608	80.22879	80.459503	80.542206	80.644363	80.867859	80.12886	80.283875	80.295792	80.152267	80.17942	80.177139	80.590126	80.569084
