858422.3	1355477.98	1404768.8	2782624.3	1904807.3	1390119.4	993502.5	1325112.3	574934.3	288000.8	754500.3	2782664.3	2057741.8	1437360.8	2913970.3	29448.122	2590772.3	244734.17	709803.3	1325090.15	1325107.4	1043588.3	189873.4	2782666.3	375.205	1325115.7	167468.3	722472.8	858423.18	255045.4	83637.3	1437360.11	83627.3	1325111.3	1325120.3	1038867.3	2715960.3	1325095.3	2926009.3	1274631.4	1619232.5	190148.11	2898149.3	2911011.5	114615.4	1245469.3	2840469.3	630921.8	115808.6	2782658.3	1437360.9	1300039.5	1437360.5	335659.3	375.202	2734909.5	244734.18	722472.6	931866.3	1855319.3	858423.13	1179474.4	1521768.3	1325100.3	2782634.3	1803665.3	2782633.3	1404888.3	1399419.3	2817704.3	2904800.6	375.229	2035447.3	241591.3	113395.3	255045.56	375.231	2876780.6	1197460.4
100.0	81.554947	81.942123	81.698151	82.838486	81.975861	81.814011	81.542259	81.83165	80.705933	81.661469	81.630249	82.71431	80.716797	83.024323	82.952988	81.765465	81.867798	81.778076	81.422928	81.764313	81.696518	88.377853	81.850647	81.91008	81.668228	81.844627	83.309372	81.698746	81.497482	83.000206	82.205368	81.69413	81.533409	82.794792	81.454788	82.945618	81.469604	81.832275	88.16806	83.031288	91.840034	80.932175	81.234848	80.918793	80.868134	83.177933	82.802155	80.845299	88.358978	83.75528	81.793541	82.801163	81.719574	81.907906	80.887215	81.88356	82.057907	84.685165	81.21962	81.828995	81.841843	79.691208	83.160675	81.661591	81.837418	81.644562	81.776802	81.758728	82.87661	79.688965	81.798645	81.79306	81.59758	81.02478	81.582726	81.828621	81.523521	82.827591
81.554947	100.0	87.821632	87.658966	82.764313	87.432526	87.191193	89.004181	87.641434	81.312805	87.53862	87.359894	82.674744	80.358185	82.997162	82.869324	87.346725	87.501137	87.655556	88.563393	87.481346	87.602722	81.465652	88.003998	88.358841	87.372696	87.212067	81.733749	85.214752	80.415558	83.018463	81.343575	88.729156	89.400429	82.804642	92.490479	82.836792	89.014992	88.216187	81.465881	82.472229	81.740875	81.492355	88.97345	81.763176	81.663269	81.720062	82.668991	81.752464	81.566391	81.65799	87.602928	82.739891	87.975021	87.88382	81.61161	88.216278	80.91658	81.844437	88.521362	88.139969	87.783821	79.760757	82.95108	87.07132	88.160797	87.451546	87.558006	87.716576	82.751358	79.413177	88.45726	87.763725	88.301735	81.416702	87.592636	88.364975	91.302353	82.703941
81.942123	87.821632	100.0	88.40657	83.019531	88.921761	88.482903	87.506096	90.507324	81.733032	88.305374	89.62867	82.938362	80.474945	83.092743	83.070343	88.986359	89.839111	90.473694	87.379852	88.653397	88.280205	81.721771	88.615799	89.124207	89.752029	88.552414	81.804016	85.421638	80.603317	83.131439	81.570557	87.775223	87.597809	83.004974	87.68808	83.092087	87.304413	88.822548	81.725487	82.513138	82.018852	81.952881	87.190826	82.034149	82.110008	81.981636	82.924706	82.263985	81.858139	81.844772	90.211731	82.868713	88.715286	91.760857	82.00959	88.922592	81.189323	82.118027	87.117256	88.748116	93.89782	80.077179	83.163437	88.209724	88.926086	88.16748	88.707565	88.637871	82.976776	79.654724	88.830322	90.374954	88.496811	81.631699	88.391563	88.780609	87.762238	82.932602
81.698151	87.658966	88.40657	100.0	82.768738	87.986275	87.901909	87.163101	88.238144	81.438812	92.434921	88.663162	82.621918	80.209381	82.867142	82.749031	88.17627	88.046951	88.259811	86.869316	88.500793	92.497643	81.635399	90.783127	89.189896	88.106773	87.83992	81.73204	85.388321	80.404335	82.906403	81.406418	87.782547	87.296738	82.778275	87.697708	82.763443	87.016724	89.895935	81.499741	82.377678	81.934479	81.482422	86.922089	81.699142	81.700439	81.725159	82.690552	81.815125	81.598984	81.65538	88.401192	82.597137	88.470123	88.772202	81.614029	88.74173	80.930786	82.009071	86.735603	88.429413	88.400932	79.773041	82.956207	88.074036	88.412918	92.232666	88.192963	88.197784	82.777802	79.558067	89.111473	88.337219	88.597656	81.456451	92.415222	89.107498	87.637207	82.683472
82.838486	82.764313	83.019531	82.768738	100.0	83.127792	82.87265	82.821907	82.997589	81.834969	82.762421	82.749405	90.424019	80.907852	91.711449	91.179848	82.937248	83.250656	83.046036	82.723129	82.945023	82.722679	82.719284	82.875732	83.268631	82.953011	82.828064	82.886665	82.684425	81.226974	88.055206	82.172348	83.038055	82.850288	91.262115	82.711945	91.229553	82.735382	83.085266	82.649521	87.114288	83.216202	81.874443	82.550552	82.052475	82.018539	82.708138	90.8255	82.244492	82.840317	83.041885	82.931358	91.323586	82.899384	82.966827	81.985687	83.105141	81.750984	83.379326	82.539856	83.20369	82.998611	80.088928	88.230927	82.665314	83.130981	82.719711	83.093109	82.972115	91.107979	79.88945	82.976852	83.10701	82.878159	81.83197	82.801819	83.124924	82.797089	90.446373
81.975861	87.432526	88.921761	87.986275	83.127792	100.0	88.820778	87.480682	89.206024	81.905045	87.779655	88.590324	82.943771	80.50174	83.192368	83.062805	90.150848	89.379898	89.263367	87.266823	88.860397	87.889694	81.746552	88.21904	88.952072	89.427109	90.009422	81.925911	85.610046	80.556061	83.199844	81.630234	87.733315	87.364395	83.180298	87.369446	83.024628	87.220215	88.43869	81.833656	82.54097	82.132767	82.119286	87.095673	82.21434	82.188644	82.070892	82.93911	82.212967	81.856567	81.815155	89.108841	82.878967	88.179962	89.060181	82.149246	88.310974	81.180756	82.193237	86.910706	88.645935	88.943298	80.085541	83.255821	88.490944	89.042999	87.735016	89.078911	89.025017	82.959427	79.558701	88.407211	89.261597	88.03701	81.840126	87.900543	88.223907	87.355789	82.756546
81.814011	87.191193	88.482903	87.901909	82.87265	88.820778	100.0	87.04454	88.721207	81.613968	87.695717	88.467438	82.676575	80.390152	82.921814	83.489113	88.899109	88.793472	88.678223	86.869553	89.482666	87.778351	81.604324	88.06974	89.58551	88.541985	88.385544	81.728722	85.323296	80.486221	82.874924	81.433304	87.435852	87.126381	82.622337	87.070251	82.770157	86.792007	88.236557	81.580688	82.363037	82.008369	81.718964	86.826385	81.888596	81.987907	81.788063	82.694252	81.995499	81.758102	81.559158	88.709091	82.730576	87.865578	90.121399	81.859406	88.022644	81.034332	81.828613	86.575195	88.341202	88.447571	79.840027	82.954292	89.023407	88.563454	87.619247	91.126953	88.290497	82.784454	79.759567	89.094315	88.696518	87.754082	81.544128	87.787369	89.60965	87.165253	82.58007
81.542259	89.004181	87.506096	87.163101	82.821907	87.480682	87.04454	100.0	87.487839	81.500381	86.944565	86.982727	82.818771	80.375748	82.914871	82.802628	87.239044	87.368629	87.644218	90.885956	87.353714	87.125793	81.436829	87.485397	87.980331	89.412239	87.147018	81.527802	85.045731	80.347137	83.013947	81.328812	88.155235	90.987907	82.819946	88.897324	82.839798	91.125046	87.519699	81.434265	82.41935	81.80481	81.594994	91.038376	81.826752	81.765244	81.676346	82.621277	81.845139	81.560257	81.548218	87.438705	82.660797	87.48436	87.591774	81.690712	87.758904	80.904205	81.873611	88.954605	87.978409	87.442688	79.962585	82.969116	86.890091	87.936584	86.870346	87.334656	87.71447	82.806839	79.450272	87.751595	87.683853	87.697418	81.571075	87.044182	87.723022	88.881668	82.625793
81.83165	87.641434	90.507324	88.238144	82.997589	89.206024	88.721207	87.487839	100.0	81.78006	88.124252	90.467133	82.788727	80.468346	83.06044	82.971695	89.093887	90.434128	90.719643	87.403267	88.845245	88.240059	81.679535	88.534554	89.01297	90.127197	88.711914	81.801079	85.447121	80.540665	83.047699	81.54245	87.727097	87.533516	82.862907	87.563446	82.999275	87.362099	88.629105	81.697411	82.468765	82.048462	81.893211	87.179962	82.086426	82.07959	81.939034	82.944794	82.214294	81.801437	81.795349	91.851593	82.821182	88.375061	90.676872	82.126526	88.722893	81.042641	82.126114	87.161285	88.691711	90.386703	79.926376	83.112434	88.405624	89.128372	88.107407	88.809258	88.731331	82.942841	79.787537	88.612289	90.708954	88.31575	81.557907	88.312531	88.631714	87.561531	82.756844
80.705933	81.312805	81.733032	81.438812	81.834969	81.905045	81.613968	81.500381	81.78006	100.0	81.390747	81.536606	81.709747	79.886139	81.86203	81.751694	81.63504	81.83725	81.870956	81.427444	81.562973	81.498878	80.619362	81.620209	81.7995	81.764786	81.654778	80.713196	81.417328	79.997269	81.854004	80.722954	81.580307	81.310623	81.687553	81.34581	81.70414	81.415031	81.699463	80.680862	81.240631	80.879196	86.862289	81.333496	87.311752	87.466583	81.162186	81.663116	87.432648	80.81694	80.79129	81.745453	81.633545	81.610474	81.711823	87.396034	81.561905	80.294846	80.996826	81.254593	81.766922	81.61821	79.798203	81.793022	81.431412	81.800629	81.326706	81.72863	81.74511	81.763306	79.471977	81.675575	81.868622	81.428665	80.990814	81.401962	81.752335	81.448517	81.589569
81.661469	87.53862	88.305374	92.434921	82.762421	87.779655	87.695717	86.944565	88.124252	81.390747	100.0	88.266785	82.508263	80.467712	82.872513	82.729111	88.007698	87.934464	88.10994	86.732193	88.13205	95.312592	81.554916	90.619705	89.013245	87.890244	87.625778	81.628525	85.122406	80.352417	83.026024	81.472488	87.721069	87.13797	82.744835	87.469742	82.698952	86.872009	89.940895	81.494293	82.398903	81.894669	81.634659	86.727394	81.662582	81.736923	81.702087	82.685204	81.758545	81.749924	81.696686	88.145065	82.636635	88.420288	88.450211	81.656418	88.614113	80.846527	81.962692	86.591316	88.195618	88.453705	79.733681	82.941788	87.746902	88.36145	94.148331	88.082001	88.000748	82.801849	79.478653	88.861984	88.180634	88.62426	81.39431	94.228134	88.803055	87.442245	82.647133
81.630249	87.359894	89.62867	88.663162	82.749405	88.590324	88.467438	86.982727	90.467133	81.536606	88.266785	100.0	82.584793	80.3741	82.78183	82.688492	88.91713	89.623726	89.676437	86.850563	88.747887	88.229095	81.521332	88.431068	88.891396	89.595001	88.382675	81.568672	85.273575	80.385284	82.694778	81.357697	87.390366	87.11573	82.692451	87.438797	82.632812	86.856186	88.533325	81.63549	82.080338	81.90477	81.630829	86.863937	81.759483	81.784729	81.708633	82.522217	81.811951	81.610275	81.582817	90.085709	82.503662	87.933121	90.263603	81.696243	88.233818	80.981522	81.858574	86.550308	88.378464	89.740479	79.67804	82.84996	88.361832	88.510338	88.123558	88.746964	88.236816	82.650253	79.447182	88.433411	89.672943	87.953857	81.375282	88.309616	88.412292	87.278694	82.497932
82.71431	82.674744	82.938362	82.621918	90.424019	82.943771	82.676575	82.818771	82.788727	81.709747	82.508263	82.584793	100.0	80.838844	90.274582	89.892937	82.769463	82.971375	82.807823	82.550674	82.842255	82.595085	82.61969	82.705986	83.133743	82.828941	82.70932	82.717117	82.537163	81.178375	87.635269	82.076843	82.844604	82.816734	90.054581	82.52623	90.675827	82.694473	82.907394	82.59346	86.584137	82.995422	81.775681	82.477287	81.999832	81.956215	82.55265	89.880096	82.043846	82.697052	82.927826	82.902534	90.057098	82.703148	82.900635	81.871582	83.538193	81.583702	83.311188	82.44104	83.026131	82.820877	80.137512	87.79377	82.502686	83.017464	82.463852	82.811958	82.912971	89.983093	79.869682	82.858185	82.928917	82.637291	81.731476	82.601662	82.940201	82.762291	89.670258
80.716797	80.358185	80.474945	80.209381	80.907852	80.50174	80.390152	80.375748	80.468346	79.886139	80.467712	80.3741	80.838844	100.0	80.779053	80.958656	80.497772	80.552277	80.548187	80.288078	80.439514	80.317581	80.616806	80.471466	80.637985	80.420906	80.383987	80.839218	80.45752	80.874298	80.784744	81.152206	80.474075	80.398636	80.846481	80.235245	80.950104	80.329376	80.544861	80.521851	80.778412	80.668274	80.00322	80.257225	79.886887	79.995872	81.197617	80.693069	79.977829	80.710678	81.001884	80.588104	80.858505	80.45784	80.508713	79.90699	80.525696	80.868103	81.167908	80.131317	80.460297	80.523193	79.108429	80.873749	80.334145	80.471848	80.287262	80.428009	80.43985	80.883881	79.261917	80.637421	80.512695	80.311096	80.10276	80.353714	80.499695	80.452957	80.734985
83.024323	82.997162	83.092743	82.867142	91.711449	83.192368	82.921814	82.914871	83.06044	81.86203	82.872513	82.78183	90.274582	80.779053	100.0	91.321487	82.963219	83.282318	83.211578	82.758835	83.028839	82.821655	82.938553	82.935104	83.249313	83.017197	82.973053	82.984406	82.751602	81.283363	88.062485	82.278793	82.995789	82.994888	92.064987	82.881378	90.958984	82.920212	83.195007	82.759277	87.106873	83.151489	81.949539	82.698151	82.144714	82.051407	82.796417	91.551651	82.18615	83.003548	83.176208	83.061035	91.785309	82.992477	83.142616	82.048714	83.155441	81.837021	83.6119	82.575119	83.307526	83.054352	80.27713	88.503143	82.835754	83.309998	82.719254	83.040985	83.134483	91.275536	79.837151	83.160545	83.25827	82.912964	81.837402	82.775879	83.199455	82.943329	90.721313
82.952988	82.869324	83.070343	82.749031	91.179848	83.062805	83.489113	82.802628	82.971695	81.751694	82.729111	82.688492	89.892937	80.958656	91.321487	100.0	83.068039	83.278397	83.139725	82.726486	83.089218	82.776291	82.722183	82.842255	83.366425	82.932571	82.851013	82.979767	82.82074	81.217941	87.984711	82.19471	83.032135	82.844223	91.407509	82.739136	90.442795	82.711365	83.13916	82.725388	87.002434	83.098557	81.908112	82.592957	82.106033	82.07959	82.797478	90.249237	82.057152	82.723969	82.968414	83.078644	91.117897	82.87645	83.698997	81.99115	82.977829	81.847977	83.571945	82.718849	83.282257	82.955948	80.178741	88.647232	82.71006	83.156296	82.651932	83.029129	82.914391	94.584167	79.897667	83.087463	83.271042	82.701805	81.744301	82.719406	83.866928	82.786545	90.26532
81.765465	87.346725	88.986359	88.17627	82.937248	90.150848	88.899109	87.239044	89.093887	81.63504	88.007698	88.91713	82.769463	80.497772	82.963219	83.068039	100.0	89.663589	89.214737	87.145782	89.246674	88.129921	81.739197	88.28894	89.075348	89.257355	90.197906	81.694946	85.371559	80.468353	82.984665	81.714294	87.623413	87.232635	82.854767	87.320869	82.958405	86.975113	88.528206	81.696381	82.476761	82.066208	81.919113	86.829224	82.078972	82.04628	81.827461	82.833801	82.077377	81.790955	81.666107	89.23246	82.772987	88.198921	89.506218	81.925537	88.416466	80.981003	81.985153	86.918121	88.601242	89.084518	79.940361	83.09639	88.840508	88.747894	87.883636	89.080231	88.743103	82.930672	79.639847	88.457565	89.186172	88.009857	81.647301	88.10199	88.437904	87.301003	82.689903
81.867798	87.501137	89.839111	88.046951	83.250656	89.379898	88.793472	87.368629	90.434128	81.83725	87.934464	89.623726	82.971375	80.552277	83.282318	83.278397	89.663589	100.0	90.414871	87.581421	88.855728	87.915985	81.891571	88.210869	88.943832	90.486298	88.80825	81.910065	85.43457	80.685516	83.252533	81.733871	87.636124	87.4767	83.206772	87.447678	83.152542	87.204872	88.503189	81.858788	82.643799	82.144051	82.006241	87.133011	82.248596	82.276016	82.176666	83.057419	82.44281	81.875	81.811569	91.330093	83.066444	88.148605	90.18045	82.278313	88.417603	81.235611	82.167786	87.138824	88.608276	89.909317	80.191078	83.322037	88.40934	88.880211	87.857025	88.8927	88.56723	83.074051	79.72303	88.449173	90.430191	88.010391	81.795288	88.017929	88.496048	87.408356	82.935272
81.778076	87.655556	90.473694	88.259811	83.046036	89.263367	88.678223	87.644218	90.719643	81.870956	88.10994	89.676437	82.807823	80.548187	83.211578	83.139725	89.214737	90.414871	100.0	87.429047	88.833473	88.217484	81.749283	88.536484	89.322067	90.485077	88.819435	81.817474	85.439888	80.561722	83.337883	81.540718	87.822334	87.595291	83.070114	87.668457	83.008133	87.379883	88.804222	81.621002	82.537888	81.998459	81.987411	87.333778	82.150757	82.147232	82.027916	83.023041	82.23468	81.821243	81.740318	90.786285	82.90921	88.55397	90.715973	82.051407	88.739929	81.105766	82.132172	87.243652	88.993462	90.471329	80.048767	83.27301	88.340645	89.167816	88.034241	88.87899	89.029663	83.045563	79.635818	88.787796	93.593536	88.444855	81.677902	88.242287	88.748032	87.638062	82.850143
81.422928	88.563393	87.379852	86.869316	82.723129	87.266823	86.869553	90.885956	87.403267	81.427444	86.732193	86.850563	82.550674	80.288078	82.758835	82.726486	87.145782	87.581421	87.429047	100.0	87.223511	86.876915	81.450516	87.245728	87.701851	89.255638	87.069351	81.508759	84.886383	80.336632	82.983231	81.361572	87.808708	90.683128	82.548096	88.538147	82.651245	90.262634	87.399895	81.319504	82.243088	81.645935	81.5345	89.985413	81.769852	81.710541	81.529938	82.519165	81.720047	81.396515	81.472885	87.287262	82.509521	87.264267	87.481079	81.601715	87.443695	80.792023	81.79216	91.775658	87.758148	87.236374	79.590134	82.723877	86.666504	87.736771	86.687195	87.182785	87.354523	82.622765	79.445068	87.419312	87.61441	87.385559	81.343834	86.832565	87.447327	88.542007	82.502426
81.764313	87.481346	88.653397	88.500793	82.945023	88.860397	89.482666	87.353714	88.845245	81.562973	88.13205	88.747887	82.842255	80.439514	83.028839	83.089218	89.246674	88.855728	88.833473	87.223511	100.0	88.285858	81.597496	88.651154	89.011665	88.767212	89.35009	81.825409	85.47554	80.357162	83.025467	81.490242	87.754265	87.321991	82.911499	87.506332	82.95256	87.055618	88.828583	81.642326	82.417374	81.906265	81.818138	86.97702	81.953674	81.963806	81.836052	82.790741	81.958031	81.614433	81.589676	88.815086	82.768402	88.263107	88.980171	81.837601	88.404793	80.975357	82.023224	86.977745	88.865234	88.697647	79.97406	83.134277	91.242004	88.669952	87.996536	90.11525	88.578827	82.978935	79.512558	88.646538	88.844368	88.226303	81.60527	88.112396	88.555511	87.348457	82.715759
81.696518	87.602722	88.280205	92.497643	82.722679	87.889694	87.778351	87.125793	88.240059	81.498878	95.312592	88.229095	82.595085	80.317581	82.821655	82.776291	88.129921	87.915985	88.217484	86.876915	88.285858	100.0	81.527168	90.817612	89.105865	88.101166	87.719162	81.640228	85.196579	80.388763	82.937042	81.562607	87.72818	87.256767	82.691345	87.627884	82.776794	86.899689	89.927948	81.511002	82.456757	81.835983	81.62175	86.856979	81.750084	81.778336	81.757767	82.680412	81.786591	81.623611	81.660492	88.194077	82.701218	88.469482	88.639435	81.763794	88.667023	80.887535	82.026199	86.670898	88.378166	88.405769	79.838989	82.895271	87.927643	88.355232	94.505249	88.089966	88.153656	82.858902	79.646988	89.037643	88.227852	88.642357	81.40329	94.368652	89.016121	87.58226	82.662666
88.377853	81.465652	81.721771	81.635399	82.719284	81.746552	81.604324	81.436829	81.679535	80.619362	81.554916	81.521332	82.61969	80.616806	82.938553	82.722183	81.739197	81.891571	81.749283	81.450516	81.597496	81.527168	100.0	81.72702	81.944	81.593422	81.643959	83.230087	81.580826	81.41568	82.758194	82.376862	81.722305	81.568909	82.64801	81.413757	82.715424	81.464081	81.800835	91.792755	82.636894	88.268219	80.769775	81.296051	80.802582	80.790405	83.178146	82.578979	80.7733	87.837738	83.784775	81.802917	82.796051	81.605545	81.700043	80.82135	81.78717	82.066971	84.64595	81.134987	81.738327	81.770584	79.525269	82.898026	81.534592	81.772049	81.487038	81.803436	81.67765	82.65361	79.706261	81.695831	81.814278	81.564392	80.960709	81.572212	81.698898	81.526924	82.775497
81.850647	88.003998	88.615799	90.783127	82.875732	88.21904	88.06974	87.485397	88.534554	81.620209	90.619705	88.431068	82.705986	80.471466	82.935104	82.842255	88.28894	88.210869	88.536484	87.245728	88.651154	90.817612	81.72702	100.0	89.501961	88.269386	88.123611	81.870621	85.592949	80.505234	83.058403	81.484612	88.138206	87.62352	82.821045	88.169846	82.856987	87.302521	89.949966	81.649879	82.571381	81.993546	81.695152	87.219048	81.803909	81.835144	81.859482	82.71183	81.950317	81.696266	81.952599	88.578781	82.693832	88.711845	89.007843	81.71315	89.040512	81.090103	82.156853	87.096436	88.802155	88.672958	79.759232	83.00737	88.064072	88.703888	90.50325	88.418724	88.445152	82.869629	79.433022	89.41243	88.486404	89.315056	81.495331	90.677826	89.371689	87.963409	82.774513
81.91008	88.358841	89.124207	89.189896	83.268631	88.952072	89.58551	87.980331	89.01297	81.7995	89.013245	88.891396	83.133743	80.637985	83.249313	83.366425	89.075348	88.943832	89.322067	87.701851	89.011665	89.105865	81.944	89.501961	100.0	88.832062	88.769699	82.147583	85.988663	80.674698	83.325768	81.81736	88.735931	88.005737	83.144478	88.265015	83.28508	87.778625	89.788956	81.864838	82.759613	82.136505	82.03067	87.82991	82.251129	82.121429	82.141563	83.089493	82.325012	82.013153	82.043198	89.072922	83.133408	89.248741	90.318939	82.171257	89.62973	81.260651	82.2901	87.360657	89.277802	89.198227	80.014091	83.301094	88.595108	89.749207	88.834396	88.925903	89.743454	83.212433	79.714432	90.491112	89.240166	89.520958	81.963219	89.016228	90.600357	88.310699	83.063995
81.668228	87.372696	89.752029	88.106773	82.953011	89.427109	88.541985	89.412239	90.127197	81.764786	87.890244	89.595001	82.828941	80.420906	83.017197	82.932571	89.257355	90.486298	90.485077	89.255638	88.767212	88.101166	81.593422	88.269386	88.832062	100.0	88.925919	81.723602	85.296265	80.493675	83.038612	81.564697	87.607582	89.424179	82.952728	87.29071	82.940353	89.257233	88.492584	81.543289	82.389725	81.986717	81.919708	89.043564	82.034424	82.045143	81.922913	82.681221	82.096848	81.648285	81.643585	90.507675	82.799484	88.102951	90.160934	82.039154	88.379776	80.98188	82.074402	86.953514	88.477692	89.792877	80.005692	83.016167	88.27758	88.800941	87.836548	88.772491	88.73497	82.863647	79.651779	88.373367	90.375641	88.087814	81.625366	87.906593	88.374802	87.3806	82.678917
81.844627	87.212067	88.552414	87.83992	82.828064	90.009422	88.385544	87.147018	88.711914	81.654778	87.625778	88.382675	82.70932	80.383987	82.973053	82.851013	90.197906	88.80825	88.819435	87.069351	89.35009	87.719162	81.643959	88.123611	88.769699	88.925919	100.0	81.680374	85.240692	80.409317	82.931427	81.323868	87.507919	87.202484	82.748833	87.149719	82.847237	86.869446	88.342133	81.664825	82.290955	81.828255	81.796692	86.819901	81.943283	81.93515	81.856995	82.724854	82.128235	81.649445	81.489395	88.620773	82.627426	87.928894	88.658882	81.790131	88.157898	80.999893	81.878174	87.020676	88.591461	88.545135	79.834358	82.885742	88.374878	88.723824	87.455086	88.578247	88.768158	82.79673	79.534889	88.289978	88.797073	87.893112	81.521591	87.655197	88.105072	87.171761	82.6772
83.309372	81.733749	81.804016	81.73204	82.886665	81.925911	81.728722	81.527802	81.801079	80.713196	81.628525	81.568672	82.717117	80.839218	82.984406	82.979767	81.694946	81.910065	81.817474	81.508759	81.825409	81.640228	83.230087	81.870621	82.147583	81.723602	81.680374	100.0	82.009888	82.21933	82.92421	83.047577	81.811592	81.660774	82.913239	81.582253	82.826279	81.671661	81.908569	83.220398	82.80777	83.485718	80.775993	81.427292	80.871506	80.996155	84.045845	82.741638	80.976959	83.533249	84.285858	81.843109	82.824036	81.845139	81.819908	80.863113	81.888931	83.11129	83.966858	81.40403	81.99202	81.7854	79.551376	83.084503	81.582695	81.908211	81.674866	81.732147	81.856522	82.921341	79.588173	81.949875	81.950302	81.773331	81.181877	81.583488	81.842819	81.616035	82.894585
81.698746	85.214752	85.421638	85.388321	82.684425	85.610046	85.323296	85.045731	85.447121	81.417328	85.122406	85.273575	82.537163	80.45752	82.751602	82.82074	85.371559	85.43457	85.439888	84.886383	85.47554	85.196579	81.580826	85.592949	85.988663	85.296265	85.240692	82.009888	100.0	80.49884	82.856728	81.523254	85.513611	85.074234	82.679871	85.14119	82.724731	84.929672	85.661514	81.650635	82.372696	82.053741	81.590462	84.880402	81.672371	81.550903	81.964752	82.712685	81.63176	81.767029	81.724503	85.42189	82.673958	85.44043	85.582664	81.603149	85.697556	81.062302	82.021706	84.911415	85.585144	85.44883	79.631271	82.921097	85.167572	85.618484	85.114487	85.491364	85.590263	82.668961	79.465012	85.774849	85.540695	85.318542	81.578171	85.179886	85.804626	85.236511	82.658813
81.497482	80.415558	80.603317	80.404335	81.226974	80.556061	80.486221	80.347137	80.540665	79.997269	80.352417	80.385284	81.178375	80.874298	81.283363	81.217941	80.468353	80.685516	80.561722	80.336632	80.357162	80.388763	81.41568	80.505234	80.674698	80.493675	80.409317	82.21933	80.49884	100.0	81.332809	82.782852	80.58493	80.474213	81.21608	80.310715	81.252197	80.492294	80.66629	81.438049	81.23674	81.551743	80.150375	80.20845	79.989838	80.103333	83.19072	81.156792	79.92926	81.691658	82.64389	80.517838	81.359329	80.576904	80.591515	79.942337	80.624207	82.682495	82.332977	80.300049	80.4702	80.439636	79.255142	81.245712	80.311157	80.556259	80.400818	80.560524	80.461639	81.166229	79.45388	80.605141	80.537079	80.447525	80.282753	80.496994	80.5289	80.384323	81.188141
83.000206	83.018463	83.131439	82.906403	88.055206	83.199844	82.874924	83.013947	83.047699	81.854004	83.026024	82.694778	87.635269	80.784744	88.062485	87.984711	82.984665	83.252533	83.337883	82.983231	83.025467	82.937042	82.758194	83.058403	83.325768	83.038612	82.931427	82.92421	82.856728	81.332809	100.0	82.211357	83.144714	83.029343	87.92379	82.945435	87.738022	82.854828	83.219528	82.845604	87.062134	83.280098	81.890915	82.733902	82.131172	82.103752	82.796814	87.719147	82.161354	82.921051	83.114914	83.176956	87.769363	83.10804	83.251656	81.990265	83.279449	81.848351	83.389465	82.797478	83.495483	83.115509	80.147339	88.3293	82.823746	83.368088	82.900459	83.04892	83.130821	87.832779	79.739822	83.112793	83.242935	83.001785	81.966232	82.916023	83.12043	83.07312	87.946175
82.205368	81.343575	81.570557	81.406418	82.172348	81.630234	81.433304	81.328812	81.54245	80.722954	81.472488	81.357697	82.076843	81.152206	82.278793	82.19471	81.714294	81.733871	81.540718	81.361572	81.490242	81.562607	82.376862	81.484612	81.81736	81.564697	81.323868	83.047577	81.523254	82.782852	82.211357	100.0	81.623413	81.437439	82.163513	81.472473	82.200584	81.353676	81.772324	82.255707	82.199326	82.396217	80.923386	81.19471	80.954758	81.083359	84.769447	82.152618	81.080971	82.416878	83.649719	81.586945	82.129585	81.555588	81.556107	80.90889	81.634872	84.292892	83.393951	81.046021	81.622078	81.608505	79.808144	82.221527	81.293564	81.67675	81.428619	81.545288	81.518883	82.129639	79.636612	81.667122	81.639954	81.295105	81.149033	81.529388	81.537781	81.428421	82.018578
81.69413	88.729156	87.775223	87.782547	83.038055	87.733315	87.435852	88.155235	87.727097	81.580307	87.721069	87.390366	82.844604	80.474075	82.995789	83.032135	87.623413	87.636124	87.822334	87.808708	87.754265	87.72818	81.722305	88.138206	88.735931	87.607582	87.507919	81.811592	85.513611	80.58493	83.144714	81.623413	100.0	88.393913	82.950104	88.781952	82.930984	88.09819	88.34037	81.7659	82.59964	82.050865	81.788925	88.010727	81.868546	81.928467	81.880295	82.823517	81.979935	81.692665	81.764465	87.795448	82.849579	88.041367	88.048508	81.802567	88.196724	81.265472	82.026505	87.583801	88.245026	87.732407	79.845474	83.187645	87.464325	88.274719	87.634796	87.6744	88.105255	82.99585	79.563416	88.390999	87.843437	88.332123	81.664993	87.75679	88.423599	88.786781	82.836792
81.533409	89.400429	87.597809	87.296738	82.850288	87.364395	87.126381	90.987907	87.533516	81.310623	87.13797	87.11573	82.816734	80.398636	82.994888	82.844223	87.232635	87.4767	87.595291	90.683128	87.321991	87.256767	81.568909	87.62352	88.005737	89.424179	87.202484	81.660774	85.074234	80.474213	83.029343	81.437439	88.393913	100.0	82.850327	89.305374	82.935608	91.322937	87.712509	81.429291	82.49025	81.819153	81.541153	91.123871	81.797119	81.708748	81.739853	82.724762	81.83432	81.559708	81.575111	87.504272	82.77063	87.797882	87.597969	81.746994	88.001907	80.927795	81.935776	88.733261	87.999847	87.57692	79.905159	82.936646	86.863258	88.051849	87.05584	87.56665	87.688019	82.748535	79.626328	87.938705	87.731911	87.965134	81.490738	87.176109	87.913803	89.425751	82.649872
82.794792	82.804642	83.004974	82.778275	91.262115	83.180298	82.622337	82.819946	82.862907	81.687553	82.744835	82.692451	90.054581	80.846481	92.064987	91.407509	82.854767	83.206772	83.070114	82.548096	82.911499	82.691345	82.64801	82.821045	83.144478	82.952728	82.748833	82.913239	82.679871	81.21608	87.92379	82.163513	82.950104	82.850327	100.0	82.772453	91.027214	82.74575	83.130661	82.609512	87.010757	83.013382	81.981949	82.569229	81.929291	81.977837	82.691757	92.113808	82.032722	82.820343	82.904099	82.990509	92.631538	82.913452	82.782303	81.968964	83.065414	81.630508	83.471825	82.448906	83.055099	82.928429	80.22477	88.454453	82.474258	83.116333	82.6521	82.943237	82.859924	90.764557	79.783783	82.961426	83.075653	82.764236	81.701843	82.622078	83.005112	82.818886	90.353287
81.454788	92.490479	87.68808	87.697708	82.711945	87.369446	87.070251	88.897324	87.563446	81.34581	87.469742	87.438797	82.52623	80.235245	82.881378	82.739136	87.320869	87.447678	87.668457	88.538147	87.506332	87.627884	81.413757	88.169846	88.265015	87.29071	87.149719	81.582253	85.14119	80.310715	82.945435	81.472473	88.781952	89.305374	82.772453	100.0	82.761337	88.914337	88.203049	81.386658	82.272522	81.695145	81.507988	88.854218	81.664932	81.669678	81.671295	82.612747	81.708794	81.497375	81.539185	87.48494	82.626862	87.930893	87.798241	81.634155	88.152603	80.871841	81.772141	88.477173	88.136185	87.65802	79.683456	82.825119	87.064316	88.015404	87.483139	87.514984	87.594368	82.659348	79.324371	88.173126	87.756012	88.281578	81.262497	87.58387	88.220863	90.967079	82.519424
82.945618	82.836792	83.092087	82.763443	91.229553	83.024628	82.770157	82.839798	82.999275	81.70414	82.698952	82.632812	90.675827	80.950104	90.958984	90.442795	82.958405	83.152542	83.008133	82.651245	82.95256	82.776794	82.715424	82.856987	83.28508	82.940353	82.847237	82.826279	82.724731	81.252197	87.738022	82.200584	82.930984	82.935608	91.027214	82.761337	100.0	82.775818	83.053024	82.76059	86.775543	83.062714	81.938171	82.602631	82.05365	82.135391	82.747757	90.874847	82.071335	82.879173	83.076973	82.951736	91.201355	82.988197	83.037445	82.006264	83.020966	81.639572	83.502716	82.446472	83.161011	82.90979	80.254578	88.078743	82.664886	83.292297	82.670776	82.954971	83.085205	90.540833	79.946396	82.99572	83.207344	82.806503	81.780258	82.634277	82.980927	82.921936	90.031357
81.469604	89.014992	87.304413	87.016724	82.735382	87.220215	86.792007	91.125046	87.362099	81.415031	86.872009	86.856186	82.694473	80.329376	82.920212	82.711365	86.975113	87.204872	87.379883	90.262634	87.055618	86.899689	81.464081	87.302521	87.778625	89.257233	86.869446	81.671661	84.929672	80.492294	82.854828	81.353676	88.09819	91.322937	82.74575	88.914337	82.775818	100.0	87.523392	81.374039	82.330032	81.783035	81.543358	93.130142	81.714638	81.693726	81.598328	82.65477	81.763687	81.433006	81.53595	87.230927	82.590027	87.377136	87.308044	81.778236	87.636093	80.929199	81.821198	88.31781	87.761734	87.342957	79.708847	82.803391	86.567505	87.84343	86.794403	87.147758	87.42894	82.657883	79.53019	87.675827	87.462746	87.633438	81.46228	86.95697	87.613327	89.057037	82.623489
81.832275	88.216187	88.822548	89.895935	83.085266	88.43869	88.236557	87.519699	88.629105	81.699463	89.940895	88.533325	82.907394	80.544861	83.195007	83.13916	88.528206	88.503189	88.804222	87.399895	88.828583	89.927948	81.800835	89.949966	89.788956	88.492584	88.342133	81.908569	85.661514	80.66629	83.219528	81.772324	88.34037	87.712509	83.130661	88.203049	83.053024	87.523392	100.0	81.696236	82.762466	82.029282	81.927742	87.503784	82.018112	82.010635	82.089859	82.976547	82.132385	81.957054	81.958603	88.73526	82.919937	89.101212	89.089638	82.064651	89.336426	81.143478	82.239532	87.175186	88.907921	88.964172	79.800598	83.240402	88.351334	88.878555	89.737846	88.59761	88.702034	82.982513	79.623665	89.512146	88.791718	89.138321	81.705711	89.986931	89.517227	88.117554	82.842934
88.16806	81.465881	81.725487	81.499741	82.649521	81.833656	81.580688	81.434265	81.697411	80.680862	81.494293	81.63549	82.59346	80.521851	82.759277	82.725388	81.696381	81.858788	81.621002	81.319504	81.642326	81.511002	91.792755	81.649879	81.864838	81.543289	81.664825	83.220398	81.650635	81.438049	82.845604	82.255707	81.7659	81.429291	82.609512	81.386658	82.76059	81.374039	81.696236	100.0	82.701614	88.155441	80.78653	81.12088	80.837059	80.87999	83.164398	82.544739	80.857269	87.686325	83.59774	81.859253	82.69165	81.63237	81.707977	80.75235	81.704109	82.077576	84.578293	81.133438	81.648087	81.711823	79.698357	82.836716	81.486649	81.843643	81.476364	81.854965	81.76178	82.747124	79.632271	81.669205	81.848343	81.483383	80.92804	81.511429	81.69973	81.514526	82.635254
83.031288	82.472229	82.513138	82.377678	87.114288	82.54097	82.363037	82.41935	82.468765	81.240631	82.398903	82.080338	86.584137	80.778412	87.106873	87.002434	82.476761	82.643799	82.537888	82.243088	82.417374	82.456757	82.636894	82.571381	82.759613	82.389725	82.290955	82.80777	82.372696	81.23674	87.062134	82.199326	82.59964	82.49025	87.010757	82.272522	86.775543	82.330032	82.762466	82.701614	100.0	83.119186	81.509735	82.246803	81.568817	81.51712	82.538925	86.788956	81.584488	82.958542	83.244652	82.554817	87.043831	82.574974	82.614517	81.41127	82.702774	81.740982	83.314278	82.020981	82.675697	82.549278	80.037476	87.065018	82.194778	82.78717	82.265808	82.485733	82.61969	86.980667	79.707809	82.697525	82.67041	82.478813	81.505249	82.42572	82.63652	82.50724	87.094124
91.840034	81.740875	82.018852	81.934479	83.216202	82.132767	82.008369	81.80481	82.048462	80.879196	81.894669	81.90477	82.995422	80.668274	83.151489	83.098557	82.066208	82.144051	81.998459	81.645935	81.906265	81.835983	88.268219	81.993546	82.136505	81.986717	81.828255	83.485718	82.053741	81.551743	83.280098	82.396217	82.050865	81.819153	83.013382	81.695145	83.062714	81.783035	82.029282	88.155441	83.119186	100.0	80.950943	81.569321	81.216309	81.243774	83.41172	83.005814	81.129868	87.980789	83.925629	82.094261	83.083466	81.823395	82.159233	81.141418	82.087677	82.197639	84.79541	81.489525	82.005432	82.06942	79.733917	83.295876	81.856979	82.194588	81.797684	82.084297	82.059937	83.165344	79.889038	82.105225	82.217949	81.940216	81.153099	81.855934	82.024841	81.925217	83.136543
80.932175	81.492355	81.952881	81.482422	81.874443	82.119286	81.718964	81.594994	81.893211	86.862289	81.634659	81.630829	81.775681	80.00322	81.949539	81.908112	81.919113	82.006241	81.987411	81.5345	81.818138	81.62175	80.769775	81.695152	82.03067	81.919708	81.796692	80.775993	81.590462	80.150375	81.890915	80.923386	81.788925	81.541153	81.981949	81.507988	81.938171	81.543358	81.927742	80.78653	81.509735	80.950943	100.0	81.429543	86.869415	88.816978	81.412842	81.888199	87.138351	80.930328	80.878296	81.884277	81.795609	81.83004	81.895607	87.476471	81.783905	80.416367	81.172165	81.287537	81.899612	81.926361	79.814537	81.945496	81.531952	82.056572	81.600662	81.823578	81.949326	81.80703	79.447922	81.837685	81.988464	81.627243	80.988297	81.596428	82.019043	81.660202	81.72628
81.234848	88.97345	87.190826	86.922089	82.550552	87.095673	86.826385	91.038376	87.179962	81.333496	86.727394	86.863937	82.477287	80.257225	82.698151	82.592957	86.829224	87.133011	87.333778	89.985413	86.97702	86.856979	81.296051	87.219048	87.82991	89.043564	86.819901	81.427292	84.880402	80.20845	82.733902	81.19471	88.010727	91.123871	82.569229	88.854218	82.602631	93.130142	87.503784	81.12088	82.246803	81.569321	81.429543	100.0	81.633911	81.657143	81.48735	82.458351	81.685722	81.315521	81.386208	87.130333	82.479416	87.358185	87.204559	81.576141	87.523636	80.759636	81.641556	88.258087	87.667847	87.205162	79.702362	82.694527	86.525894	87.717545	86.725128	87.086884	87.32431	82.432381	79.33448	87.611374	87.405518	87.606903	81.280197	86.868256	87.475891	89.074028	82.358696
80.918793	81.763176	82.034149	81.699142	82.052475	82.21434	81.888596	81.826752	82.086426	87.311752	81.662582	81.759483	81.999832	79.886887	82.144714	82.106033	82.078972	82.248596	82.150757	81.769852	81.953674	81.750084	80.802582	81.803909	82.251129	82.034424	81.943283	80.871506	81.672371	79.989838	82.131172	80.954758	81.868546	81.797119	81.929291	81.664932	82.05365	81.714638	82.018112	80.837059	81.568817	81.216309	86.869415	81.633911	100.0	87.713379	81.269882	81.965576	89.396255	80.936028	80.875961	82.121826	81.918686	82.015228	82.067284	88.584656	81.994629	80.377258	81.309433	81.493011	82.0634	82.011246	79.955719	82.145203	81.73085	82.151672	81.680466	81.950546	82.093567	82.039368	79.552277	81.959999	82.219162	81.755661	81.070732	81.787872	81.914024	81.880722	81.800636
80.868134	81.663269	82.110008	81.700439	82.018539	82.188644	81.987907	81.765244	82.07959	87.466583	81.736923	81.784729	81.956215	79.995872	82.051407	82.07959	82.04628	82.276016	82.147232	81.710541	81.963806	81.778336	80.790405	81.835144	82.121429	82.045143	81.93515	80.996155	81.550903	80.103333	82.103752	81.083359	81.928467	81.708748	81.977837	81.669678	82.135391	81.693726	82.010635	80.87999	81.51712	81.243774	88.816978	81.657143	87.713379	100.0	81.454903	81.932846	88.086632	80.929932	80.961639	82.083153	81.872765	81.905388	82.118759	88.607529	82.041946	80.531593	81.376518	81.408386	82.014702	82.084259	79.934509	82.101372	81.669502	82.180336	81.709641	82.019196	82.111099	82.009148	79.471924	81.945114	82.227547	81.770767	81.052696	81.751854	82.002487	81.730286	81.823479
83.177933	81.720062	81.981636	81.725159	82.708138	82.070892	81.788063	81.676346	81.939034	81.162186	81.702087	81.708633	82.55265	81.197617	82.796417	82.797478	81.827461	82.176666	82.027916	81.529938	81.836052	81.757767	83.178146	81.859482	82.141563	81.922913	81.856995	84.045845	81.964752	83.19072	82.796814	84.769447	81.880295	81.739853	82.691757	81.671295	82.747757	81.598328	82.089859	83.164398	82.538925	83.41172	81.412842	81.48735	81.269882	81.454903	100.0	82.751884	81.357895	83.506912	84.262436	81.967438	82.599998	81.927841	82.040604	81.284531	82.100006	84.173004	83.956604	81.338264	81.884445	81.959457	80.29509	82.926865	81.736435	82.082413	81.671661	81.945694	81.962708	82.824524	80.234543	81.889725	82.064758	81.704071	81.380234	81.780289	81.983612	81.665924	82.660263
82.802155	82.668991	82.924706	82.690552	90.8255	82.93911	82.694252	82.621277	82.944794	81.663116	82.685204	82.522217	89.880096	80.693069	91.551651	90.249237	82.833801	83.057419	83.023041	82.519165	82.790741	82.680412	82.578979	82.71183	83.089493	82.681221	82.724854	82.741638	82.712685	81.156792	87.719147	82.152618	82.823517	82.724762	92.113808	82.612747	90.874847	82.65477	82.976547	82.544739	86.788956	83.005814	81.888199	82.458351	81.965576	81.932846	82.751884	100.0	81.957108	82.700165	82.97406	82.905823	92.400589	82.797523	82.826942	81.954147	83.038979	81.655792	83.381012	82.426445	83.038406	82.91774	80.085312	87.730919	82.602066	83.130524	82.602341	82.897827	82.907227	90.63916	79.894592	82.946449	83.10112	82.683716	81.860931	82.601662	82.8554	82.750366	89.874924
80.845299	81.752464	82.263985	81.815125	82.244492	82.212967	81.995499	81.845139	82.214294	87.432648	81.758545	81.811951	82.043846	79.977829	82.18615	82.057152	82.077377	82.44281	82.23468	81.720047	81.958031	81.786591	80.7733	81.950317	82.325012	82.096848	82.128235	80.976959	81.63176	79.92926	82.161354	81.080971	81.979935	81.83432	82.032722	81.708794	82.071335	81.763687	82.132385	80.857269	81.584488	81.129868	87.138351	81.685722	89.396255	88.086632	81.357895	81.957108	100.0	80.881683	80.906174	82.240906	81.973282	82.045868	82.207108	89.112411	82.117004	80.348915	81.315056	81.545776	82.159164	82.204361	80.009613	82.197342	81.746025	82.358154	81.750427	82.060844	82.16922	81.976997	79.54274	82.068314	82.20787	81.888916	81.133331	81.835121	82.070572	81.791862	81.791763
88.358978	81.566391	81.858139	81.598984	82.840317	81.856567	81.758102	81.560257	81.801437	80.81694	81.749924	81.610275	82.697052	80.710678	83.003548	82.723969	81.790955	81.875	81.821243	81.396515	81.614433	81.623611	87.837738	81.696266	82.013153	81.648285	81.649445	83.533249	81.767029	81.691658	82.921051	82.416878	81.692665	81.559708	82.820343	81.497375	82.879173	81.433006	81.957054	87.686325	82.958542	87.980789	80.930328	81.315521	80.936028	80.929932	83.506912	82.700165	80.881683	100.0	84.109772	81.964485	82.81926	81.8564	81.816498	80.907631	82.033577	82.188507	85.154984	81.231972	81.705048	81.838989	79.590607	82.980957	82.231339	81.939209	81.612007	81.782623	81.788086	82.725258	79.913216	81.828094	81.92144	81.671967	80.973495	81.739639	81.849548	81.579224	82.851723
