1522758.3	132474.56	2676871.3	2898276.3	1054862.11	1888.64	1169025.9	54571.45	284034.3	1940.3	53451.4	2717324.3	2726118.3	2801031.3	2582831.3	2730915.3	1306175.6	2684468.3	58340.36	2662065.3	285578.12	1343740.29	1333528.4	1690221.3	1648182.5	2653200.3	1887.6	67294.3	1907.4	1984801.3	54571.47	1950.16	2099583.3	83656.9	58346.16	2721244.3	59299.27	2684469.3	1854574.8	66871.3	1038929.12	2203205.3	68570.5	2072505.3	2282738.3	234612.4	68214.14	73044.12	2005885.3	193462.5	2742136.3	403935.6	1892.31	38300.4	1413221.3	45398.9	2496836.3	1915.4	2710756.3	1888.31	264445.3	114686.5	164348.7	1262452.3	1885.4	1812480.3	1725411.3	1077946.3	1920.4	1882757.3	249586.4	1160718.9	42881.4	54571.46	1932.7	1905.9	2202000.4	2705439.3	54571.11	2692234.3	2211357.3	1893.7	2781734.3	116188.4	47716.12	2801030.3	1109743.5	51201.9	67367.6	1214101.3	2293571.4	54571.44	408015.13	1912.5	2825844.3	2772432.3	2306165.3	1079985.11	40318.15	73044.9	67267.5	2083284.3	2174846.3	1616117.8	67345.6	39478.4	862751.12	2721243.3	146923.5	2203210.3	2838015.3	47760.6	2801029.3	48665.5	285558.4	2495589.3	646637.3	553510.3	749414.3	285570.6	2135430.3	2585716.3	2742130.3	477245.3	1827580.3	2594456.3	83656.11	2750011.3	1855352.4	2714844.4	1967.6	2768068.3	2588707.3	1661694.4	67260.4	2855836.3	67263.32	2721173.3	316280.3	1535768.3	665577.7	2742137.3	2748873.3	2136401.3	278992.5	455632.4	1649184.3	1442032.3	28894.3	33900.17	2305220.3	2751189.3	2721245.3	2609807.3	2865673.3	2175864.3	1642299.7	2049881.3	1901.32	2840373.3	591167.6	227882.62	1916.15	67304.8	2184053.3	36818.16	424188.3	75293.3	1919.18	54571.48	2203204.3	1926.3	1403539.3	33899.19	2692233.3	68209.3	2607753.3	54571.49	362257.4	2662397.3	2599401.3	1214242.5	2762559.4	66425.3	1886.154	2797636.3	202862.4	1912.57	2797167.3	436397.4	319947.4	66374.6	2695266.3	1972846.3	68232.3	2768066.3	47763.39	2809700.4	371608.7	132473.7	1783515.3	68203.11	67296.3	2768069.3	2768067.3	54571.43	1355015.12	80860.3	2742134.3	1977088.4	173860.4	1616117.3	1890.28	2866715.3	1223523.8	2838850.3	2686304.3	68270.5	1849967.7	1664033.3
100.0	80.749763	81.6026	81.552658	80.718277	79.389473	81.060471	81.23452	81.361671	81.146294	80.759056	81.07412	81.085907	87.657715	81.028641	80.903214	80.723175	82.126198	87.175705	81.066315	80.904221	79.898666	80.921867	81.168236	86.925491	80.665276	81.171463	82.12011	81.276245	79.787537	81.202515	81.585892	86.659622	80.090637	80.686928	80.997635	81.120575	80.031631	81.381752	80.927513	80.557831	81.503677	80.590652	81.152451	80.950134	86.860107	80.862335	81.168655	81.904205	81.063507	80.472977	80.374443	81.722725	81.526169	80.731766	81.003357	80.783592	80.701187	79.320824	80.690063	80.877609	81.004326	80.84655	80.707886	81.24762	86.944885	80.788055	81.87323	80.773056	81.02356	80.854416	80.703621	81.171188	81.212982	81.292191	82.415779	80.550201	81.063065	82.102943	80.647675	81.068253	81.374817	80.873817	80.928513	80.787048	80.606079	78.47673	81.269127	82.267105	81.018997	80.632065	85.39003	79.144028	80.021744	81.029877	81.872543	80.876862	80.995041	80.64415	81.257469	81.043159	81.174759	81.554962	82.057358	80.976746	81.749466	81.437874	80.806946	81.128983	79.132698	81.12603	80.80719	80.655029	79.193085	79.124046	81.004547	80.980423	80.73703	79.912003	81.093208	80.759674	81.368912	80.08049	81.152588	81.253387	80.875366	80.618729	80.352859	78.798424	81.288826	81.12114	81.360191	81.300407	81.854706	82.292015	81.839455	81.897858	80.951317	81.630157	81.841423	81.103271	80.124603	81.809692	80.754089	81.077347	81.651337	81.711685	80.889999	81.333321	80.992813	86.841507	81.115112	80.701996	80.674545	80.665619	79.128036	81.273346	81.083191	80.656952	81.836411	81.395638	81.130936	81.080284	81.126587	80.839233	87.059929	80.82724	79.86692	81.721062	82.090645	80.918564	81.06366	80.79351	81.270081	81.185646	85.443832	87.178635	82.40625	82.208832	80.974136	80.366844	81.170822	80.636841	81.074615	80.994148	80.682381	81.680206	80.78009	79.595421	81.544556	80.951157	87.623894	81.025589	87.532211	81.275986	80.055557	80.880508	80.616135	79.979591	81.561096	81.157089	81.333862	81.567833	81.348145	80.825279	87.461365	80.387177	81.178474	81.236076	82.133667	81.135468	81.224319	81.126228	80.767624	80.67907	81.354805	80.770996	80.877945	80.998581	81.793518
80.749763	100.0	80.913757	80.896935	80.392845	80.298279	80.476227	80.917694	82.024109	81.962891	80.801834	80.645676	81.034515	80.750778	80.780396	80.715668	94.317451	81.179237	80.587662	80.726593	84.124054	80.978439	80.385208	80.645866	80.672401	80.367424	80.96582	81.015549	81.09465	79.790054	81.010002	80.968109	80.336288	79.992645	83.708229	80.533897	81.060478	80.499512	81.160301	80.818024	80.989799	81.233627	83.457352	80.907135	80.710648	80.862854	80.671059	81.0056	81.140594	80.668518	80.62175	81.179688	80.991478	81.006607	80.610657	80.730972	80.492973	80.538055	80.036301	80.590042	80.670547	80.647354	80.699265	83.552841	80.921661	80.886261	80.662292	81.151794	83.865417	80.535309	80.34108	83.739861	80.906616	81.056442	80.953964	81.334824	83.609894	80.653854	80.739624	83.866669	80.890778	80.846375	80.514893	80.712288	80.705795	80.258698	78.900757	81.957336	80.913986	80.647827	83.922546	80.800446	79.499908	80.942062	80.766434	81.147614	80.402489	80.817322	80.496262	81.196808	80.880737	81.058868	80.905907	81.217072	80.619034	80.923836	80.851318	80.297234	80.975052	79.652466	80.87455	80.451569	80.258514	79.135956	79.547501	80.552353	80.661636	83.689026	81.110298	81.026138	80.295609	80.70871	81.052811	80.883621	80.930283	80.423401	80.161697	81.420937	78.633011	81.023071	80.882591	80.659683	81.032104	81.053734	81.285828	81.062119	81.204819	80.951454	80.962723	81.12854	81.05719	81.254883	81.003273	80.667953	80.799118	81.001999	81.009781	80.760452	80.776505	80.787926	80.689926	80.968765	83.512222	80.53804	80.24263	80.081329	81.122696	80.918427	80.301529	81.075928	80.634872	80.854607	80.948212	80.53035	80.493622	80.684662	80.458763	81.052353	81.045708	80.81665	80.647789	80.792374	83.753143	80.773643	80.948174	80.673271	80.713089	80.990616	80.985611	80.574402	80.251358	80.947136	81.433044	81.76416	80.849686	80.359985	81.179077	83.724426	79.604897	81.090485	80.667679	80.738365	80.713051	80.668472	80.913719	79.857056	84.03167	80.270744	81.003082	81.184067	80.707169	81.151337	80.811722	80.86554	80.572189	80.810028	80.336517	80.979912	80.903687	81.451859	81.688721	81.025665	80.798187	83.424767	81.508362	80.972916	80.654358	80.827972	81.080482	81.201118
81.6026	80.913757	100.0	82.291916	81.213394	79.629807	81.937576	81.731316	81.340599	81.146164	81.17231	81.979996	81.511559	81.749985	81.202301	81.43222	80.87262	83.038742	81.498795	81.555885	81.135696	80.288681	82.058228	82.268661	81.530533	81.158958	81.802391	82.336121	81.684921	80.17028	81.812248	87.926468	81.329994	80.573395	80.888031	81.46981	81.641449	80.22084	81.843964	81.466736	80.877655	81.803543	80.902679	81.464333	81.861076	81.617149	81.319138	81.505981	82.44545	82.192726	80.824745	80.494308	82.474915	93.224823	81.382248	81.251831	81.106964	81.236618	79.748169	80.878654	81.298363	81.422966	81.305466	80.772522	81.557388	81.655525	81.373596	82.174133	81.070244	81.256348	81.133347	80.930252	81.609863	81.821442	81.605316	83.352966	80.837601	82.182861	82.551445	81.054626	81.589417	82.333878	81.260834	81.431747	81.23481	81.076859	78.735405	81.166702	82.672058	81.504593	80.970589	81.743355	79.192459	80.335274	81.355988	82.480301	81.286781	81.424126	81.043961	81.555664	81.433746	81.702553	82.690491	83.296982	81.279419	82.174683	82.334343	81.287888	81.639786	79.441559	81.361816	81.300705	81.139732	79.121796	79.168304	81.332306	81.271606	80.932343	80.386368	81.716232	81.07795	81.941612	80.329361	81.499832	81.698029	81.416977	81.662384	80.575363	78.574524	81.673965	81.617874	83.978882	81.739883	82.540344	82.673759	82.583466	82.464081	81.282501	88.204529	84.205544	81.820198	80.708809	82.303314	81.2995	81.47229	82.486099	82.409103	81.157013	82.027298	81.258133	81.438095	81.327797	80.778015	81.127472	81.074387	79.554604	81.79039	81.599716	81.769569	82.401237	82.089188	81.61293	81.633072	81.15303	81.376717	81.751907	81.261414	80.404091	82.379166	82.557449	81.417023	81.287155	80.939499	81.315605	81.324867	81.612785	81.618797	82.751114	82.57811	81.468155	81.633568	81.640961	80.645782	81.060303	81.305344	81.304489	82.526794	81.036438	80.112534	82.152985	81.525307	81.62175	81.409515	81.64328	81.656166	80.439636	81.090103	80.917435	80.095306	81.814514	81.38829	81.826248	82.375969	81.757584	81.257141	81.683792	80.788803	81.481499	81.564156	83.291672	81.153137	81.692215	81.461548	80.915298	80.628403	81.750946	81.121872	81.351242	81.431381	82.482323
81.552658	80.896935	82.291916	100.0	81.251068	79.928055	81.476952	81.590355	81.397087	81.263107	81.336716	81.82914	81.806549	81.473434	81.564758	81.606827	80.984352	82.820404	81.610352	81.665268	81.046143	80.36496	81.362755	82.099724	81.644989	81.135231	82.030029	82.830101	81.945587	80.403641	81.538712	82.231033	81.119659	80.38739	80.669891	81.126755	82.028778	80.784859	81.915535	81.414902	80.881241	81.746445	80.911148	81.754242	81.481094	81.700256	81.397385	81.791672	82.25782	81.550095	80.896713	81.108337	82.102966	82.208801	81.270935	81.378983	81.165985	81.217651	79.702881	81.073532	81.620628	81.401054	81.492455	80.907516	81.988571	81.617081	81.540955	81.925156	81.038162	81.340179	81.154633	80.874771	81.767982	81.73204	81.86586	83.036636	80.617599	81.581116	82.620895	80.933678	82.005478	81.717804	81.162598	81.2995	81.562454	81.036758	79.146362	81.413666	82.836121	81.555969	80.641609	81.616402	79.577324	80.196793	81.55867	82.096542	81.199921	81.464417	81.268539	81.812141	81.434952	81.625702	82.511017	82.759911	81.495445	82.63298	81.9636	81.24913	81.702682	79.825089	81.41304	81.180527	81.058578	79.379501	79.515823	81.248215	81.257263	80.92894	80.494064	81.934738	81.081818	84.507767	80.429886	82.062805	81.854195	81.101051	81.433594	80.694016	78.749802	82.199005	81.269058	82.232849	81.964844	82.156799	83.396698	82.004517	82.055161	81.541328	82.260834	82.017288	82.053497	80.616379	82.219742	81.178619	81.70108	82.176102	82.066978	81.620407	81.747971	81.326828	81.661522	81.675629	80.584915	81.334702	81.181702	79.579819	81.627861	81.460014	81.441986	82.222794	81.614594	81.345779	81.712349	81.229027	81.282036	81.750137	81.399414	80.469193	81.947601	82.597641	81.609718	81.677246	80.743561	81.517014	81.613495	81.994942	81.606941	82.712898	82.800507	81.178787	81.241821	81.758423	81.084564	81.396118	81.684502	81.029839	82.200714	80.726151	80.372818	92.113785	81.183273	81.43763	81.611076	81.501427	81.730225	80.878433	81.035828	80.782234	80.32251	81.81929	81.594955	81.970764	81.733231	81.623596	81.21965	81.452103	80.904205	81.708252	81.74157	84.005096	81.349319	81.348915	81.707504	81.040817	81.233315	81.687241	81.266846	81.417236	81.657646	82.154709
80.718277	80.392845	81.213394	81.251068	100.0	79.395508	80.647614	82.121201	80.814651	80.70665	80.965431	80.915649	83.43895	80.779617	82.919662	84.016037	80.411423	81.53775	80.766693	83.336945	80.728935	80.03157	80.547836	80.905121	80.782211	90.334869	83.342499	81.410645	83.727753	80.110718	82.290176	81.19207	80.387062	80.394577	80.333473	83.672989	83.516495	79.805542	82.290726	81.926651	80.248566	82.316788	80.472198	84.295219	80.805618	81.010162	83.372864	83.17543	81.254776	80.816132	81.184807	80.247528	81.120445	81.279129	84.112907	83.253998	84.020233	84.2612	79.269485	81.298676	83.260834	83.926445	83.243416	80.420517	83.830635	80.941734	83.881409	81.527695	80.595306	84.077225	83.960274	80.481735	84.001495	82.174728	83.389572	81.688828	80.410461	80.770706	81.348442	80.619537	83.252548	80.88427	84.049278	84.049454	83.242905	89.82798	78.376663	80.601151	81.485565	84.057106	80.499146	81.111862	79.02475	80.047226	83.381882	81.212029	84.124268	84.188675	82.997665	82.997894	81.916603	83.423233	81.145813	81.508286	83.174942	81.266083	81.004173	83.885513	83.539581	79.284271	84.188904	83.89122	89.877029	78.792526	79.023605	84.154175	83.68985	80.578445	80.088745	83.562363	83.575157	80.91922	79.877045	83.550644	83.798004	83.945442	80.606445	80.388138	78.332855	83.974876	82.064789	81.180443	83.698669	81.373169	81.660828	81.373459	81.311157	83.060196	81.19873	81.433014	83.856903	80.222626	81.189552	81.768196	83.41684	81.188965	81.276474	83.173447	81.00296	82.746033	80.847725	82.909241	80.387154	92.468155	90.172668	79.169373	82.095444	83.982956	80.58876	81.289001	80.966492	84.18914	83.513351	83.994415	83.473389	80.925613	90.200409	80.039093	81.212112	81.422348	83.394844	83.300064	80.53228	84.110092	82.928879	80.758339	80.802505	81.622009	81.368042	83.67337	80.411011	83.455353	80.30574	80.576462	81.062744	83.935097	81.279236	80.472275	80.666534	81.389862	82.066948	80.748871	87.631348	80.848984	83.966286	82.456963	80.675446	83.584389	79.762711	82.279465	83.954483	83.956993	81.02047	82.435524	83.846603	80.817856	82.364639	83.392288	83.582138	81.692337	80.55584	82.094444	83.901932	80.48867	80.363914	82.247192	83.052292	81.951172	83.035492	81.344879
79.389473	80.298279	79.629807	79.928055	79.395508	100.0	79.426788	79.6875	80.27272	79.995255	79.825562	79.381355	79.944656	79.424988	79.712326	79.553795	80.335037	79.627464	79.359062	79.806046	80.242439	79.700562	79.352066	79.570892	79.437195	79.326218	79.892929	79.757431	80.082054	79.143005	79.752625	79.711212	79.093582	79.176018	79.990234	79.182701	79.941986	79.873016	79.946457	79.456871	79.93515	79.753922	80.125183	79.691666	79.434578	79.559906	79.610504	80.088562	79.835381	79.513245	79.772232	80.758316	79.787361	79.626083	79.533417	79.615036	79.295563	79.421448	80.469284	79.599838	79.587662	79.371002	79.48954	80.097061	79.808746	79.518753	79.500275	79.80378	80.209259	79.467484	79.315628	80.009491	79.793167	79.75972	79.858925	79.696236	79.980606	79.502495	79.334549	80.246727	79.892784	79.521622	79.221161	79.566132	79.678192	79.194092	79.037628	80.162552	79.614418	79.546127	80.057114	79.772949	79.581665	79.705307	79.778275	79.741104	79.432419	79.782303	79.375824	79.892334	79.533096	79.712524	79.787468	79.79277	79.629135	79.565102	79.669861	79.203575	79.911346	79.311035	79.623779	79.30233	79.292641	78.635727	79.600983	79.279762	79.580299	80.383072	79.799545	79.89241	79.33725	79.697197	79.847061	79.90213	79.879105	79.416061	79.35675	80.123428	77.996033	79.950836	79.449112	79.578415	80.002823	79.816422	79.66452	79.790665	79.849632	79.736633	79.76255	79.759888	79.954147	80.010162	79.718529	79.540924	79.846405	79.762222	79.791733	79.66246	79.775291	79.710472	79.674606	79.987015	79.983871	79.448593	79.279633	82.782684	79.933014	79.519951	79.424057	79.896988	79.513161	79.425217	79.786789	79.457199	79.600677	79.550987	79.367508	79.807861	79.667816	79.506371	79.834618	79.644142	80.107643	79.500443	79.752213	79.595215	79.448586	79.571419	79.544899	79.358261	79.235847	79.77565	80.017593	80.189148	79.960831	79.185928	79.871521	80.152771	79.145432	79.987244	79.387657	79.344513	79.667534	79.469208	79.775787	79.049255	80.340912	79.151314	79.795052	79.831284	79.546707	80.130508	79.421249	79.595306	79.456863	79.488922	79.66095	79.848289	79.857941	80.021774	80.040703	79.649086	79.681107	80.3032	80.065948	79.799805	79.470642	79.581055	79.945221	79.891327
81.060471	80.476227	81.937576	81.476952	80.647614	79.426788	100.0	81.149506	81.069595	80.777664	81.029228	81.776245	80.921875	81.129166	80.768051	80.717072	80.473938	82.164749	80.999153	81.050278	80.903679	79.953354	81.310204	81.269272	81.044266	80.433624	81.063751	81.759247	81.072906	79.923973	81.236763	82.038971	80.766342	80.493385	80.761436	81.049744	81.108192	79.791275	81.418701	80.972931	80.46611	81.442062	80.406982	80.967361	81.503693	81.187714	80.554276	81.031067	84.464958	81.739044	80.354996	80.172043	84.589676	81.987686	80.689514	80.832474	80.673058	80.742065	79.242615	80.609879	80.634819	80.765808	80.566208	80.456718	81.059738	81.015854	80.839622	81.861328	80.677155	80.648041	80.766556	80.636024	80.927383	81.368729	81.101402	82.171646	80.552933	81.851852	82.011635	80.577805	81.098938	84.252701	80.778145	80.79776	80.932861	80.609283	78.531265	80.757141	81.887634	80.859802	80.588165	81.212952	78.947876	79.795563	80.721329	84.67807	80.75943	80.859772	80.413445	81.019516	80.879654	81.160889	81.593506	82.204453	80.94339	81.511124	86.764519	80.960304	81.203049	79.097168	80.856407	80.964691	80.467575	78.798355	79.033043	80.831619	80.851181	80.537094	79.954514	81.017715	80.627258	81.267303	80.074471	80.923248	81.168137	81.037048	80.685928	80.263641	78.432869	81.060226	81.320671	81.861534	81.14637	84.340881	81.950867	84.666801	84.596741	80.820511	81.948639	82.376244	81.139008	80.127022	84.2957	80.795654	80.995575	84.328598	84.33667	80.815781	85.821274	80.630966	81.153099	80.713943	80.598251	80.591026	80.556732	79.091095	81.391113	81.198364	80.833374	84.316635	89.803909	81.167633	81.236816	80.901352	80.850563	81.221672	80.704987	79.960831	84.726486	81.794472	80.784859	80.83223	80.565819	80.949112	80.782455	80.963226	81.080093	81.941643	82.073471	81.076416	80.651871	80.913605	80.377556	80.666512	81.007309	80.786568	84.249451	80.872429	79.657753	81.465263	81.319	81.118561	80.764221	81.086914	80.984039	80.041023	80.727249	80.6297	80.020119	81.407654	80.867264	81.370232	84.995277	81.179306	80.712448	81.178253	80.346664	80.776527	81.041977	82.162895	80.770699	81.265289	80.854218	80.576172	80.380569	81.31501	80.629005	80.908089	80.942543	84.549446
81.23452	80.917694	81.731316	81.590355	82.121201	79.6875	81.149506	100.0	81.330482	81.165497	81.415215	81.330055	82.123314	81.209106	81.884033	82.19516	80.894699	82.185966	81.220657	82.400208	81.092445	80.300278	80.942932	81.15229	81.262878	82.06662	82.256454	81.875908	82.241119	80.609093	93.599762	81.660614	81.06662	81.196899	80.768799	82.679688	82.297256	79.697868	87.577438	84.608353	80.372566	87.871689	80.751534	82.550674	81.117508	81.356667	82.006187	82.15712	81.974213	81.361656	81.35273	80.152786	81.912926	81.73481	82.336166	82.108612	82.190811	82.101532	79.38179	81.517654	81.926468	82.184525	81.928299	80.774963	82.399513	81.401825	82.34053	82.254807	80.935043	82.166969	82.00425	80.769455	82.392975	94.072861	82.115463	82.344627	80.78138	81.253937	81.963333	80.925674	82.117271	81.600845	82.274292	82.275658	82.178444	81.905792	78.500671	81.087555	82.025528	82.293915	80.874275	81.273056	78.977936	80.092377	82.049904	82.022995	82.27298	82.419846	81.654579	81.995781	84.49736	82.397713	81.366592	82.169754	81.899826	81.627922	81.588806	82.688721	82.489883	79.543533	82.425415	82.667816	81.965897	78.708923	78.883209	82.471573	82.358116	80.988373	80.180832	82.31546	81.778587	81.363663	80.264008	82.216835	82.549942	82.717522	80.517494	80.513512	78.306641	82.507751	87.70726	81.406265	82.475388	81.943771	82.142906	81.927704	81.814087	81.923149	81.640282	82.08757	82.319649	80.244202	81.853455	84.141983	82.320183	81.833664	81.772736	81.772537	81.186462	81.776718	81.339119	81.855545	80.748871	82.019791	81.87941	79.383881	87.186516	82.877777	80.614326	81.88063	81.446426	82.856323	82.344299	82.122528	82.02948	81.339149	82.124176	80.22422	81.843185	82.065292	81.926918	82.000366	80.905403	82.328064	81.914322	81.332611	81.240677	82.144264	81.943871	82.64904	80.431366	82.234665	80.666138	80.926453	81.592453	82.638062	81.89267	80.875534	80.138168	81.605698	85.557655	81.098831	82.252907	81.273132	82.248215	81.076538	81.090881	82.167839	79.995239	87.819611	82.277878	82.567581	81.655319	83.245438	82.324905	81.260841	81.218307	82.082764	82.352051	82.276138	81.08345	87.782982	82.173859	80.943611	80.701218	87.668259	81.765182	84.314087	82.101379	81.941864
81.361671	82.024109	81.340599	81.397087	80.814651	80.27272	81.069595	81.330482	100.0	86.789062	81.198441	81.071251	81.217133	81.192566	81.033829	80.816109	81.950806	81.525452	81.221313	81.097763	82.119789	81.707863	80.841202	81.037247	81.320381	80.689377	81.181091	81.546715	81.236908	80.076096	81.297272	81.339111	80.854507	80.293335	81.865097	80.918243	81.237503	80.566589	81.639374	81.196426	81.461243	81.458344	81.820786	81.084587	81.062775	81.322762	80.936287	81.488716	81.637917	80.968445	80.677109	81.276154	81.428032	81.391098	80.895081	80.968292	80.713928	80.815231	80.078819	80.800781	80.870865	81.016296	80.793533	81.960953	81.318573	81.31572	80.953552	81.529022	81.806625	80.826981	80.652222	81.853088	81.136917	81.448853	81.192276	81.697052	81.63694	80.835999	81.295639	81.918518	81.137512	81.119713	80.689713	80.930702	80.951324	80.588898	79.08342	84.984566	81.434113	80.93779	81.914536	81.295593	79.595551	81.511505	80.983818	81.59642	80.677643	80.992805	80.820999	81.523293	81.107841	81.272171	81.218552	81.588516	80.849342	81.173218	81.29525	80.749916	81.14682	79.97345	81.005905	80.892639	80.647346	79.377609	79.78315	80.842064	80.88649	82.028	81.534447	81.170502	80.687683	81.195023	81.369247	81.188995	81.090836	80.819527	80.674072	81.984558	78.941376	81.331879	81.146408	81.316879	81.226517	81.466187	81.6577	81.462845	81.630783	80.904938	81.334427	81.491211	81.236923	81.765442	81.42717	81.038788	81.021317	81.475861	81.416351	81.104622	81.27829	80.934402	81.455719	80.963058	81.714279	80.756989	80.652405	79.986984	81.426422	80.9907	80.760399	81.485298	81.172424	81.040573	81.203506	80.993546	80.846573	81.392982	80.657173	81.67601	81.485298	81.29921	81.056816	80.944794	82.054161	81.031639	81.15802	81.303642	81.178429	81.543533	81.473923	81.02359	80.549896	81.090347	83.686485	84.752106	81.074738	80.871384	81.612976	81.95253	79.7575	81.51152	81.086868	81.227753	80.880592	81.239532	81.034515	80.075897	82.23613	80.644119	81.167984	81.668152	80.947205	81.4263	81.174385	81.073822	80.788109	81.231522	80.475761	81.076965	81.211899	81.852264	85.790283	81.227554	81.143814	81.86454	83.626801	81.317001	80.742226	81.233612	81.19902	81.567947
81.146294	81.962891	81.146164	81.263107	80.70665	79.995255	80.777664	81.165497	86.789062	100.0	80.949585	80.958939	81.083282	81.274498	81.002556	80.814835	82.114746	81.498688	81.205582	80.947838	81.906738	81.272842	80.733635	80.71254	81.253632	80.420258	80.990021	81.50779	81.105377	79.973221	81.12326	81.260864	80.86496	80.021126	81.607452	80.772026	81.264511	80.570282	81.37487	80.935654	81.323822	81.367004	81.606583	80.95723	80.857201	81.200729	80.739647	81.31562	81.471642	80.761398	80.532623	81.113312	81.319176	81.111031	80.640991	80.904099	80.585014	80.704102	79.794754	80.750504	80.779831	80.813828	80.781166	81.822487	81.141701	81.276283	80.747147	81.523193	81.766312	80.740837	80.541382	81.76091	81.007324	81.185806	81.002426	81.76638	81.582138	80.686775	81.285538	81.897018	81.211189	81.018799	80.66124	80.854713	80.865067	80.438324	78.879654	85.091843	81.462082	80.723785	81.734924	81.188866	79.762009	81.155342	80.920258	81.47287	80.726715	80.924278	80.61602	81.310425	80.921547	81.093262	81.122482	81.584457	80.75473	81.155106	81.241241	80.616188	81.092178	79.705261	80.931168	80.590179	80.501541	79.317001	79.664444	80.753082	80.731453	81.925354	81.305695	81.076248	80.613045	80.962425	81.167068	81.103523	81.158279	80.700378	80.512146	81.676941	78.924225	81.270302	81.053902	81.035057	81.238174	81.450592	81.609314	81.371452	81.583214	81.097809	81.243729	81.478882	81.22718	81.733765	81.400223	80.931091	81.013977	81.364746	81.379913	80.810425	81.075706	80.910904	81.215149	80.9319	81.533821	80.640228	80.404816	79.804733	81.265755	80.898895	80.601776	81.309799	81.093018	80.832436	81.047523	80.928894	80.71048	81.295273	80.729156	81.388947	81.40387	81.340591	80.841461	80.877289	81.875885	81.019035	80.982864	81.338852	81.063072	81.645172	81.404335	80.800087	80.374901	80.957718	83.584267	84.820435	81.079865	80.56324	81.471085	81.708626	79.619247	81.250618	80.899948	81.218033	80.878937	81.142868	81.008301	79.929504	81.956177	80.533501	81.039429	81.412033	80.837723	81.214142	81.116135	81.1073	80.712189	81.077705	80.253754	81.004959	81.075966	81.641418	86.219238	80.982285	81.052719	81.777328	83.543098	81.338043	80.741631	80.996803	81.069878	81.441025
80.759056	80.801834	81.17231	81.336716	80.965431	79.825562	81.029228	81.415215	81.198441	80.949585	100.0	80.810577	81.464539	80.788696	81.246376	81.031944	80.845123	81.434464	80.90712	81.820374	80.974869	80.059029	80.477142	80.901031	80.791229	80.882339	81.849213	81.792709	81.702843	80.876663	81.396088	81.1772	80.516006	81.017563	80.636246	80.804153	81.678406	80.475861	81.716324	81.217201	80.822861	81.681175	80.741806	81.364563	80.677948	80.868355	80.987228	81.712204	81.784935	81.004364	80.972321	80.701355	81.633209	81.21376	80.979202	81.561462	80.757614	80.957062	79.416718	81.482002	81.24823	81.130325	81.034943	80.741661	81.550476	80.89621	81.232346	81.338486	80.880936	81.079239	80.852722	80.856956	81.494049	81.476433	81.762848	81.507126	80.453049	80.907623	81.230026	80.765556	81.582123	81.117859	80.881744	81.023697	81.514999	80.807236	78.938126	80.918243	81.397751	81.149269	80.493965	80.968567	79.493523	80.020477	81.213196	81.776367	80.853233	81.147636	80.840408	81.73407	81.152618	81.762589	81.103378	81.345329	81.501389	81.327316	81.562187	80.762985	81.708923	79.37899	81.190842	80.98201	80.69532	79.080811	79.610611	81.081116	81.283661	80.674126	79.952713	81.753601	80.794067	81.188126	80.306702	81.622406	81.462677	80.847343	80.58773	80.344254	78.688995	81.690323	81.260529	81.37326	82.192039	81.837982	81.901596	81.769547	81.859375	81.139084	81.068527	80.797287	81.780563	80.316193	81.798973	81.05722	81.595741	81.729309	81.834824	81.198601	81.51445	81.200035	80.975998	81.276505	80.58075	80.886276	80.852852	79.714203	81.627312	81.144623	80.776871	81.731323	81.172333	81.129654	81.687309	81.056854	80.987305	81.044754	80.99662	80.065079	81.613785	81.246399	81.371864	81.129509	80.529755	81.271416	81.334343	81.019875	80.844711	81.474052	81.425301	81.028519	80.501953	81.467567	80.674561	80.836365	91.913132	80.787186	81.639603	80.663177	80.212753	81.583191	80.982803	80.622482	81.368973	80.861984	81.457527	80.370499	80.816574	80.788635	80.191666	81.531342	81.100296	81.785583	81.012299	81.602951	80.979866	80.827309	80.742821	81.27211	81.755074	81.695648	80.913071	81.346085	81.569763	80.930222	80.787086	81.508781	80.993942	81.204056	81.636139	81.954247
81.07412	80.645676	81.979996	81.82914	80.915649	79.381355	81.776245	81.330055	81.071251	80.958939	80.810577	100.0	81.00943	81.197083	80.840225	80.999893	80.597931	82.306198	81.014236	81.105576	80.768112	79.926735	84.271973	81.497528	81.148376	80.856781	81.307297	81.775314	81.188087	80.332375	81.343987	82.152023	80.8974	80.511612	80.558014	81.096733	81.310974	79.711227	81.751259	81.173004	80.448822	81.58902	80.393051	81.204285	83.787292	81.303619	80.863678	81.277847	82.335678	83.221344	80.490021	80.272842	82.097183	82.028244	80.884628	81.090393	80.766968	80.815742	79.433075	80.759872	80.802277	80.913925	80.693008	80.529602	81.169647	81.246895	80.929527	81.883842	80.640671	80.908554	80.863815	80.578247	81.167221	81.436699	81.201157	82.532532	80.451782	83.145844	81.968018	80.530945	81.269989	81.934944	81.007492	80.912384	80.954285	80.800217	78.660553	80.990997	81.949768	81.055901	80.438187	81.127151	79.312347	79.99704	80.921883	82.385818	80.897675	81.073967	80.614639	81.378693	81.106689	81.213989	81.811447	82.617615	80.87812	81.501633	82.24971	81.090645	81.300797	79.47052	81.045883	81.150269	80.738144	78.589142	79.132637	81.026886	81.025726	80.474869	80.083038	81.18589	80.749283	81.35405	80.151321	81.203606	81.240669	81.177887	81.052704	80.415588	78.204529	81.282654	81.260056	81.850151	81.257385	82.303696	82.251167	82.275299	82.370102	80.852333	82.136711	82.80101	81.215332	80.335312	82.260452	80.95018	81.067612	82.17926	82.29113	80.867439	81.915344	80.80719	81.117096	80.953918	80.496246	80.873291	80.844803	79.159615	81.522171	81.278214	81.076027	82.142365	82.054077	81.262955	81.126762	81.071136	81.045868	81.28891	80.922478	80.146149	82.29924	81.985374	81.007149	80.880432	80.613785	81.032898	81.043747	81.086975	81.135658	82.089844	81.905624	81.148163	81.023666	81.031845	80.581223	80.870163	80.980087	81.018784	82.516762	80.765121	79.583664	81.820007	81.270798	81.221985	81.022697	81.142189	81.179459	80.367302	80.753906	80.967621	80.075485	81.657547	80.931602	81.327728	82.11747	81.260315	80.886749	81.334114	80.293015	80.865356	81.185867	82.567291	80.853683	81.299347	81.076515	80.5541	80.498444	81.434898	80.750381	81.008987	81.123352	82.334763
81.085907	81.034515	81.511559	81.806549	83.43895	79.944656	80.921875	82.123314	81.217133	81.083282	81.464539	81.00943	100.0	81.2565	86.753448	84.898781	80.939423	81.774307	81.082054	84.574966	81.181686	80.426025	80.751007	81.283432	81.182182	83.299896	84.618576	81.877869	85.315292	80.393646	82.13382	81.479218	80.750542	80.591446	80.745682	83.390266	84.588074	80.244247	82.616028	82.209167	80.62632	82.598381	80.916237	85.079575	80.829575	81.203278	87.352448	85.894669	81.50354	80.947075	81.507622	80.877747	81.36026	81.550087	84.799675	84.430634	84.460419	84.568634	79.582047	81.581749	94.430473	84.580231	88.105652	81.003281	85.841972	81.314384	85.157745	81.707306	81.10717	84.692863	84.486725	80.862862	84.974197	82.190491	84.58667	81.981766	80.630249	80.888306	81.675812	80.952324	84.268974	81.149719	84.626343	84.868652	84.285248	83.337662	78.714905	81.298584	81.795883	84.620377	80.782181	81.305695	79.432495	80.295792	90.76326	81.429207	84.652061	85.003792	83.455551	85.755203	82.087776	84.618408	81.525528	81.837784	83.972305	81.683388	81.479141	83.588608	84.722374	79.642967	84.824127	83.197502	83.275162	79.241714	79.571754	84.801895	84.867126	80.935211	80.425598	84.976357	84.14241	81.579811	80.320381	84.997948	84.851974	83.742996	80.679688	80.753708	78.823769	85.39566	82.133041	81.450745	84.946136	81.433441	82.088661	81.452866	81.506577	89.425339	81.462723	81.498466	85.132599	80.576614	81.494453	82.189789	84.660248	81.438576	81.535934	89.090317	81.186951	86.723434	81.276855	87.14473	80.657501	83.464615	83.209625	79.720367	82.51384	83.809387	80.793808	81.492996	81.300644	84.074211	84.664505	84.65625	84.373947	81.3078	83.540909	80.360168	81.352951	81.64138	84.366821	90.916016	80.93251	84.72438	86.874641	81.322678	81.089615	81.93808	81.983307	83.41217	80.482727	87.596664	80.797974	80.986603	81.558701	83.20784	81.715759	80.827042	81.497101	81.759979	81.89196	81.056175	83.856995	81.164597	84.796066	82.947113	81.175453	84.240616	80.211273	82.403244	84.741829	84.978821	81.08754	82.623627	84.572258	81.215027	86.355911	90.834259	84.831818	82.104897	81.186783	82.141647	84.797256	81.107971	80.885193	82.460709	87.702606	82.275925	85.048523	81.496994
87.657715	80.750778	81.749985	81.473434	80.779617	79.424988	81.129166	81.209106	81.192566	81.274498	80.788696	81.197083	81.2565	100.0	81.192024	81.100136	80.739388	82.440552	87.158112	81.073601	80.987053	79.978729	80.897034	81.142586	88.457108	80.748505	81.268631	82.293289	81.419296	79.97525	81.289856	81.636368	87.410309	80.186707	80.593613	81.18187	81.271637	80.110886	81.479218	80.983536	80.517197	81.554169	80.583069	81.202034	81.042435	88.261612	80.915909	81.408539	81.894028	81.074753	80.564941	80.5755	81.820549	81.764236	81.115135	80.923492	80.965843	80.860901	79.318222	80.750931	81.00914	81.161743	80.998474	80.832947	81.327347	88.463814	80.990158	81.906776	80.85051	81.070114	81.026733	80.815033	81.200714	81.457924	81.320084	82.829773	80.562057	80.932793	82.286858	80.856522	81.077774	81.40152	81.029289	81.024033	80.995529	80.677322	78.442245	81.25209	82.381393	81.07782	80.701096	85.801147	79.198868	80.006927	81.179611	81.885498	81.148613	81.091835	80.732117	81.285202	80.936584	81.260811	81.532364	82.162636	80.878021	81.88974	81.524414	81.080887	81.294174	79.105835	81.154739	81.075439	80.62822	79.174026	79.18988	81.112137	81.050995	80.721237	80.128189	81.217285	80.850693	81.261642	80.197899	81.136101	81.340393	81.102966	80.672668	80.510895	78.906876	81.515594	81.227295	81.485626	81.350403	81.884415	82.456047	81.967751	82.046585	81.056877	81.763504	82.046806	81.337135	80.245087	81.830139	80.900208	81.266632	81.828613	81.79422	81.004402	81.423271	81.037544	87.105957	81.013779	80.634987	80.772675	80.721405	79.201035	81.437103	81.244171	80.834	81.860962	81.490982	81.354416	81.16481	81.197571	80.870605	88.264359	80.941589	80.082611	81.908569	82.202423	80.936737	81.052094	80.825722	81.283615	81.200089	85.376877	88.674286	82.502014	82.451324	81.252907	80.536484	81.289375	80.666779	81.002243	81.153854	80.821091	81.715034	80.81076	79.770187	81.628998	81.108757	89.114182	81.010391	89.37664	81.349533	80.131096	81.007393	80.912521	80.164703	81.495468	81.185699	81.363396	81.583374	81.371155	81.100891	89.113724	80.414154	81.159904	81.228683	82.382927	81.212845	81.328201	81.261032	80.726509	80.562386	81.31266	80.96814	81.013908	81.101036	81.849396
81.028641	80.780396	81.202301	81.564758	82.919662	79.712326	80.768051	81.884033	81.033829	81.002556	81.246376	80.840225	86.753448	81.192024	100.0	84.106522	80.863281	81.530388	81.02594	83.94825	81.258865	80.239433	80.661636	81.030167	81.091782	82.939331	84.124535	81.80809	84.397797	80.320618	81.855835	81.285492	80.71032	80.471725	80.781006	83.004814	84.070923	80.195709	82.382751	81.851959	80.556709	82.351189	80.845093	84.25634	80.897614	81.196312	85.878387	85.465378	81.475533	80.758476	81.475616	80.918839	81.326782	81.205414	84.057251	84.029732	83.606865	83.89505	79.360649	81.750519	86.632095	83.979889	86.834175	80.96167	84.720146	81.210693	84.141556	81.746437	81.014877	84.028549	83.763138	80.883919	84.13472	81.953171	84.025253	81.650284	80.686142	80.80896	81.412201	80.963562	83.771667	81.022629	84.01725	84.031357	83.691841	82.749596	78.786362	81.218216	81.574875	84.116272	80.709938	81.282074	79.368774	80.272202	86.644577	81.458221	83.898788	84.239319	83.180008	85.585541	81.948044	84.121758	81.366745	81.709625	83.436935	81.625931	81.197769	82.987625	83.940186	79.467819	83.995087	82.643234	82.780624	79.299271	79.384506	84.052231	84.211777	81.020691	80.146278	84.272537	83.47998	81.220261	80.245636	84.297134	84.167564	83.072113	80.566971	80.578247	78.881615	84.666901	81.787903	81.348816	84.154076	81.489792	81.942276	81.348969	81.561996	86.442673	81.428909	81.264511	84.375435	80.589508	81.416245	81.975876	83.932144	81.363098	81.4617	86.344437	81.055351	94.658516	81.139496	90.022598	80.664299	82.88916	82.820541	79.67485	82.175598	83.217255	80.794922	81.432877	80.956085	83.505424	83.976425	83.99231	83.653442	81.189781	82.907211	80.485313	81.48027	81.391281	83.686935	86.807907	80.77774	84.010452	94.920326	81.200737	81.106781	81.693802	81.703804	83.001472	80.522751	86.306702	80.734154	81.0961	81.463669	82.601624	81.796967	80.842918	81.278671	81.60038	81.594231	80.943527	83.351555	81.057037	84.37001	82.469635	81.126526	83.629303	80.273834	82.341919	83.890793	84.303162	80.981812	82.365707	83.961967	81.001007	84.89003	86.800049	84.131721	81.856712	81.097649	81.873322	84.264595	81.038857	80.814102	82.040398	86.338303	82.064728	84.603546	81.444626
80.903214	80.715668	81.43222	81.606827	84.016037	79.553795	80.717072	82.19516	80.816109	80.814835	81.031944	80.999893	84.898781	81.100136	84.106522	100.0	80.789139	81.635193	80.752174	84.858315	81.145401	80.19841	80.801392	81.129288	80.898857	84.011429	84.614937	81.425568	86.14566	80.021996	82.25293	81.610352	80.568947	80.521912	80.579895	83.822334	84.671387	80.011887	82.575089	82.290558	80.544983	82.541985	80.619354	86.126183	80.834518	81.073662	84.831131	84.010185	81.383774	80.937225	81.402863	80.642975	81.209061	81.409332	86.185287	84.401749	85.919838	85.65596	79.47406	81.44735	84.834595	85.115746	84.892517	80.687332	85.59272	81.029846	85.224899	81.473892	80.922287	85.18631	85.097549	80.681961	91.082428	82.307861	84.721115	81.958771	80.511032	80.916351	81.385574	80.734283	84.544006	81.060883	85.192383	85.846085	84.462692	84.253273	78.735481	80.911133	81.557495	85.661362	80.514374	81.069946	79.264252	80.270592	84.841553	81.350395	85.256119	86.061417	83.543076	83.905243	82.273941	84.944473	81.753006	82.017097	84.34201	81.399788	81.060364	84.089897	84.921577	79.636002	85.71344	83.826271	84.410782	78.820328	79.206116	85.463341	85.279518	80.818207	80.418137	85.357635	84.467636	81.390396	80.140472	85.353012	85.175461	84.203529	80.494537	80.641724	78.494797	86.468765	82.276443	81.362961	85.296867	81.390709	81.76857	81.303246	81.415779	84.48053	81.511917	81.668999	85.717377	80.37236	81.291664	82.078285	85.090347	81.226486	81.265747	84.577026	80.942093	84.099533	80.960953	84.222382	80.646019	83.983521	84.113846	79.582413	82.419518	84.605759	80.590744	81.293427	80.887558	84.561623	84.893677	85.000694	86.943909	80.958649	84.227478	80.35881	81.277	81.397858	84.82782	85.02626	80.728607	85.20401	84.307228	81.106812	81.008224	81.668945	81.529938	83.729424	80.368256	84.912079	80.578033	80.805878	81.178474	83.915245	81.430344	80.792145	81.483261	81.594467	82.295776	80.92141	84.401451	80.966042	85.499588	83.061691	80.999908	84.403366	80.066528	82.484741	85.610466	85.436089	81.086273	82.379639	85.620605	80.962418	83.620384	85.012299	85.105118	81.960808	80.832993	82.276627	84.952637	80.7099	80.550659	82.472214	84.609291	82.157837	84.381424	81.393555
80.723175	94.317451	80.87262	80.984352	80.411423	80.335037	80.473938	80.894699	81.950806	82.114746	80.845123	80.597931	80.939423	80.739388	80.863281	80.789139	100.0	81.117569	80.599121	80.67659	84.001877	80.947464	80.415146	80.644806	80.571014	80.426048	81.102097	80.814072	81.031593	79.737061	80.919998	80.983719	80.281898	79.995895	83.625816	80.464745	81.001099	80.478233	81.27623	80.730995	81.033798	81.108475	83.318115	80.85849	80.550858	80.88797	80.68367	81.013519	80.982422	80.72924	80.564156	81.049271	80.929214	80.868454	80.528801	80.65963	80.41423	80.43335	79.843582	80.583939	80.751801	80.534225	80.708855	83.601089	80.969955	80.793243	80.805099	81.02739	83.732376	80.472	80.470039	83.516663	80.927429	81.12188	81.043137	81.114449	83.589088	80.665359	80.668861	83.865509	80.929855	80.706703	80.406952	80.668472	80.719391	80.231094	78.87413	81.92746	80.823242	80.632133	83.757294	80.967262	79.478638	80.806709	80.910126	81.1297	80.465256	80.797073	80.434753	81.182465	80.7733	81.023331	80.894127	81.188858	80.627213	80.898438	80.835526	80.4814	81.065384	79.608521	80.782516	80.425636	80.258247	79.065964	79.504974	80.584412	80.742538	83.637642	80.959518	80.955078	80.274445	80.688499	81.032135	81.001938	80.959503	80.50058	80.293945	81.458443	78.524284	81.110748	80.758949	80.699463	81.142929	81.084564	81.100662	81.043808	81.188293	81.06749	80.903275	80.999107	81.086426	81.288414	81.082657	80.633759	80.805771	80.845474	80.977097	80.700378	80.736176	80.758423	80.706642	80.925385	83.593689	80.373825	80.211411	80.000671	81.16362	80.832573	80.250786	81.04953	80.638626	80.724213	80.920105	80.567703	80.678406	80.763184	80.497543	81.084747	81.043991	80.751167	80.669304	80.87146	83.657402	80.549774	80.88501	80.767044	80.773758	80.960175	80.84462	80.545303	80.099213	80.969238	81.477432	81.784019	80.861252	80.262604	81.085136	83.774445	79.617798	81.036194	80.630844	80.656662	80.723961	80.719788	80.896927	79.860992	83.941986	80.281433	80.864487	81.176392	80.70237	81.068787	80.739746	80.806915	80.567825	80.776993	80.261032	81.037277	80.956696	81.519958	81.761368	80.875732	80.810211	83.453354	81.474632	81.003769	80.595985	80.696213	80.978607	81.095749
