1522758.3	2676871.3	2898276.3	1938841.3	1054862.11	1169025.9	54571.45	285578.13	284034.3	2609809.3	2692235.3	1940.3	53451.4	2717324.3	2726118.3	2801031.3	2582831.3	2730915.3	67258.29	1306175.6	2684468.3	2662065.3	1343740.29	1333528.4	1690221.3	1648182.5	2653200.3	1887.6	67294.3	1907.4	45398.5	1984801.3	54571.47	953739.5	1950.16	2099583.3	83656.9	58346.16	2721244.3	59299.27	2684469.3	1854574.8	66871.3	1038929.12	2203205.3	68202.59	2072505.3	2282738.3	234612.4	68214.14	73044.12	2005885.3	193462.5	2742136.3	403935.6	68570.35	1413221.3	2496836.3	2710756.3	264445.3	1915.7	114686.5	164348.7	1885.4	1812480.3	1725411.3	1077946.3	2878388.11	1920.4	1882757.3	249586.4	42881.4	54571.46	1932.7	1905.9	2594463.3	2705439.3	54571.11	2692234.3	47763.9	67294.6	1893.7	2781734.3	1901.27	116188.4	47716.12	2801030.3	51201.9	67367.6	1214101.3	2293571.4	54571.44	1912.5	2825844.3	2772432.3	2306165.3	1079985.11	40318.15	73044.9	68270.4	67267.5	2083284.3	2174846.3	1616117.8	47763.27	67345.6	39478.4	862751.12	2721243.3	146923.5	2203210.3	2838015.3	47760.6	92644.9	2801029.3	48665.5	285558.4	2495589.3	646637.3	553510.3	285570.6	2135430.3	2585716.3	1437453.6	1827580.3	83656.11	2750011.3	1855352.4	2714844.4	1967.6	2768068.3	1928.32	67260.4	2855836.3	67263.32	2721173.3	316280.3	1535768.3	665577.7	2742137.3	2563602.3	1892.7	2748873.3	2136401.3	278992.5	1888.4	2782004.3	455632.4	132474.54	1442032.3	28894.3	2305220.3	2751189.3	2721245.3	2865673.3	68232.4	38300.11	2175864.3	2049881.3	2840373.3	591167.6	227882.62	1888.43	67304.8	2184053.3	36818.16	424188.3	54571.48	2203204.3	1926.3	1403539.3	33899.19	2692233.3	68209.3	476552.4	2607753.3	362257.4	2662397.3	2599401.3	1214242.5	2762559.4	66425.3	2797636.3	202862.4	1912.57	2797167.3	457428.16	436397.4	319947.4	66374.6	2695266.3	1972846.3	68232.3	2768066.3	2809700.4	371608.7	132473.7	1783515.3	58340.34	2763006.3	68203.11	67296.3	2768069.3	2768067.3	54571.43	1355015.12	80860.3	2742134.3	1977088.4	173860.4	1616117.3	1890.28	2866715.3	1223523.8	2838850.3	2686304.3	2738410.3	1849967.7	545123.5	1664033.3
100.0	81.6026	81.552658	80.692505	80.718277	81.060471	81.23452	80.904221	81.361671	80.692101	80.93354	81.146294	80.759056	81.07412	81.085907	87.657715	81.028641	80.903214	81.775475	80.723175	82.126198	81.066315	79.898666	80.921867	81.168236	86.925491	80.665276	81.171463	82.12011	81.276245	81.022308	79.787537	81.202515	82.315033	81.585892	86.659622	80.090637	80.686928	80.997635	81.120575	80.031631	81.381752	80.927513	80.557831	81.503677	81.721062	81.152451	80.950134	86.860107	80.862335	81.168655	81.904205	81.063507	80.472977	80.374443	80.685966	80.731766	80.783592	79.320824	80.877609	80.783569	81.004326	80.84655	81.24762	86.944885	80.788055	81.87323	78.47673	80.773056	81.02356	80.854416	81.171188	81.212982	81.292191	82.415779	80.880173	81.063065	82.102943	80.647675	80.945694	81.848984	81.374817	80.873817	80.672897	80.928513	80.787048	80.606079	81.269127	82.267105	81.018997	80.632065	85.39003	80.021744	81.029877	81.872543	80.876862	80.995041	80.64415	81.257469	80.824387	81.043159	81.174759	81.554962	82.057358	80.540703	80.976746	81.749466	81.437874	80.806946	81.128983	79.132698	81.12603	80.80719	79.816406	80.655029	79.193085	79.124046	81.004547	80.980423	80.73703	81.093208	80.759674	81.368912	80.990433	81.253387	80.618729	80.352859	78.798424	81.288826	81.12114	81.360191	81.009109	82.292015	81.839455	81.897858	80.951317	81.630157	81.841423	81.103271	80.124603	81.258209	81.710693	81.809692	80.754089	81.077347	80.630539	79.126633	81.651337	80.750885	80.889999	81.333321	86.841507	81.115112	80.701996	80.665619	81.107979	81.575562	79.128036	81.083191	81.836411	81.395638	81.130936	79.305519	81.126587	80.839233	87.059929	80.82724	82.090645	80.918564	81.06366	80.79351	81.270081	81.185646	85.443832	79.891708	87.178635	82.208832	80.974136	80.366844	81.170822	80.636841	81.074615	80.682381	81.680206	80.78009	79.595421	81.136093	81.544556	80.951157	87.623894	81.025589	87.532211	81.275986	80.055557	80.616135	79.979591	81.561096	81.157089	87.234184	80.089676	81.333862	81.567833	81.348145	80.825279	87.461365	80.387177	81.178474	81.236076	82.133667	81.135468	81.224319	81.126228	80.767624	80.67907	81.354805	80.770996	80.604843	80.998581	81.199524	81.793518
81.6026	100.0	82.291916	80.89978	81.213394	81.937576	81.731316	81.135696	81.340599	81.072357	81.306808	81.146164	81.17231	81.979996	81.511559	81.749985	81.202301	81.43222	82.421844	80.87262	83.038742	81.555885	80.288681	82.058228	82.268661	81.530533	81.158958	81.802391	82.336121	81.684921	81.341705	80.17028	81.812248	82.609604	87.926468	81.329994	80.573395	80.888031	81.46981	81.641449	80.22084	81.843964	81.466736	80.877655	81.803543	82.379166	81.464333	81.861076	81.617149	81.319138	81.505981	82.44545	82.192726	80.824745	80.494308	80.889984	81.382248	81.106964	79.748169	81.298363	81.258644	81.422966	81.305466	81.557388	81.655525	81.373596	82.174133	78.735405	81.070244	81.256348	81.133347	81.609863	81.821442	81.605316	83.352966	81.384239	82.182861	82.551445	81.054626	81.18898	82.555054	82.333878	81.260834	81.751541	81.431747	81.23481	81.076859	81.166702	82.672058	81.504593	80.970589	81.743355	80.335274	81.355988	82.480301	81.286781	81.424126	81.043961	81.555664	81.409592	81.433746	81.702553	82.690491	83.296982	80.864136	81.279419	82.174683	82.334343	81.287888	81.639786	79.441559	81.361816	81.300705	80.320297	81.139732	79.121796	79.168304	81.332306	81.271606	80.932343	81.716232	81.07795	81.941612	81.457687	81.698029	81.662384	80.575363	78.574524	81.673965	81.617874	83.978882	81.266121	82.673759	82.583466	82.464081	81.282501	88.204529	84.205544	81.820198	80.708809	81.646866	82.469086	82.303314	81.2995	81.47229	80.888626	79.290375	82.486099	80.918945	81.157013	82.027298	81.438095	81.327797	80.778015	81.074387	81.680069	93.273804	79.554604	81.599716	82.401237	82.089188	81.61293	79.697662	81.15303	81.376717	81.751907	81.261414	82.557449	81.417023	81.287155	80.939499	81.315605	81.324867	81.612785	80.401672	81.618797	82.57811	81.468155	81.633568	81.640961	80.645782	81.060303	81.304489	82.526794	81.036438	80.112534	81.572807	82.152985	81.525307	81.62175	81.409515	81.64328	81.656166	80.439636	80.917435	80.095306	81.814514	81.38829	81.562027	80.431122	81.826248	82.375969	81.757584	81.257141	81.683792	80.788803	81.481499	81.564156	83.291672	81.153137	81.692215	81.461548	80.915298	80.628403	81.750946	81.121872	80.820145	81.431381	81.784592	82.482323
81.552658	82.291916	100.0	80.846832	81.251068	81.476952	81.590355	81.046143	81.397087	81.285713	81.655151	81.263107	81.336716	81.82914	81.806549	81.473434	81.564758	81.606827	82.068985	80.984352	82.820404	81.665268	80.36496	81.362755	82.099724	81.644989	81.135231	82.030029	82.830101	81.945587	81.451599	80.403641	81.538712	82.6716	82.231033	81.119659	80.38739	80.669891	81.126755	82.028778	80.784859	81.915535	81.414902	80.881241	81.746445	81.947601	81.754242	81.481094	81.700256	81.397385	81.791672	82.25782	81.550095	80.896713	81.108337	80.890968	81.270935	81.165985	79.702881	81.620628	81.258858	81.401054	81.492455	81.988571	81.617081	81.540955	81.925156	79.146362	81.038162	81.340179	81.154633	81.767982	81.73204	81.86586	83.036636	81.172287	81.581116	82.620895	80.933678	80.94014	82.216644	81.717804	81.162598	81.481567	81.2995	81.562454	81.036758	81.413666	82.836121	81.555969	80.641609	81.616402	80.196793	81.55867	82.096542	81.199921	81.464417	81.268539	81.812141	81.486343	81.434952	81.625702	82.511017	82.759911	80.673569	81.495445	82.63298	81.9636	81.24913	81.702682	79.825089	81.41304	81.180527	80.337685	81.058578	79.379501	79.515823	81.248215	81.257263	80.92894	81.934738	81.081818	84.507767	81.998291	81.854195	81.433594	80.694016	78.749802	82.199005	81.269058	82.232849	81.357712	83.396698	82.004517	82.055161	81.541328	82.260834	82.017288	82.053497	80.616379	81.94046	81.962616	82.219742	81.178619	81.70108	81.032272	79.542358	82.176102	80.854248	81.620407	81.747971	81.661522	81.675629	80.584915	81.181702	82.103714	82.269669	79.579819	81.460014	82.222794	81.614594	81.345779	80.002159	81.229027	81.282036	81.750137	81.399414	82.597641	81.609718	81.677246	80.743561	81.517014	81.613495	81.994942	80.521118	81.606941	82.800507	81.178787	81.241821	81.758423	81.084564	81.396118	81.029839	82.200714	80.726151	80.372818	81.77066	92.113785	81.183273	81.43763	81.611076	81.501427	81.730225	80.878433	80.782234	80.32251	81.81929	81.594955	81.806885	80.466476	81.970764	81.733231	81.623596	81.21965	81.452103	80.904205	81.708252	81.74157	84.005096	81.349319	81.348915	81.707504	81.040817	81.233315	81.687241	81.266846	80.91394	81.657646	81.651764	82.154709
80.692505	80.89978	80.846832	100.0	80.453812	80.612732	80.695496	89.425545	81.794968	80.438446	80.809555	81.892662	80.718704	80.607758	80.926788	80.784088	80.806305	80.703613	81.18219	83.731247	81.234077	80.785477	81.219635	80.581726	80.741035	80.803253	80.508377	80.982788	80.932663	80.942497	80.689751	79.63382	80.849068	81.02121	81.078247	80.499588	80.057129	89.461029	80.565918	80.8321	80.526375	81.074066	80.788269	81.121964	81.126251	81.096939	80.9496	80.748711	80.822342	80.771164	81.012115	81.331635	80.699226	80.529427	80.92524	85.288391	80.714127	80.559998	79.944305	80.629822	80.768951	80.60331	80.709641	81.067001	80.922043	80.763428	81.283035	78.85788	87.394669	80.749741	80.584198	80.871819	80.841034	80.907944	81.396408	80.663177	80.627289	80.711754	86.342697	87.882141	81.320786	81.023132	80.649384	80.348541	80.631371	80.560616	80.374283	81.985718	80.956619	80.784203	89.045441	80.937637	81.101089	80.70546	81.261322	80.709488	80.726814	80.641678	81.097771	80.75473	80.786919	80.976715	80.90844	81.292107	89.719879	80.675278	80.926651	80.988602	80.539513	80.907051	79.517502	80.854294	80.426239	81.179855	80.283722	79.083694	79.471664	80.63475	80.788345	86.207848	80.856781	80.390045	80.668365	80.955139	80.976547	80.4394	81.549484	78.582222	81.122078	80.764824	80.811348	80.837585	81.186142	81.308212	81.214539	80.849136	80.938759	81.386497	80.954285	81.463966	81.031784	80.979904	81.054688	80.520569	80.828003	80.776482	79.568741	81.16507	83.619598	80.664963	80.853394	80.734634	80.994125	89.218338	80.367416	80.853218	81.019028	80.103348	80.755356	81.310501	80.817169	80.869179	80.10936	80.693909	80.653938	80.754532	80.601013	80.868721	80.540924	80.770645	86.594345	80.737991	80.91436	80.710999	81.122375	80.695801	80.97229	80.636673	80.506615	80.858353	81.284569	81.595963	80.500519	81.096916	89.689384	79.484253	80.933151	80.904716	80.629898	80.639885	80.624512	80.852837	80.991043	79.948059	80.433884	80.700592	81.093933	80.862625	80.700714	80.8218	81.101242	80.846527	80.883423	80.57959	80.793045	80.313019	80.895218	80.938118	81.405075	81.458313	80.790062	80.850464	85.529907	81.379921	80.889267	80.63765	85.496208	80.896179	80.936447	81.348183
80.718277	81.213394	81.251068	80.453812	100.0	80.647614	82.121201	80.728935	80.814651	92.453079	81.098633	80.70665	80.965431	80.915649	83.43895	80.779617	82.919662	84.016037	81.152443	80.411423	81.53775	83.336945	80.03157	80.547836	80.905121	80.782211	90.334869	83.342499	81.410645	83.727753	83.251083	80.110718	82.290176	81.543091	81.19207	80.387062	80.394577	80.333473	83.672989	83.516495	79.805542	82.290726	81.926651	80.248566	82.316788	81.212112	84.295219	80.805618	81.010162	83.372864	83.17543	81.254776	80.816132	81.184807	80.247528	80.48262	84.112907	84.020233	79.269485	83.260834	84.247879	83.926445	83.243416	83.830635	80.941734	83.881409	81.527695	78.376663	80.595306	84.077225	83.960274	84.001495	82.174728	83.389572	81.688828	83.82843	80.770706	81.348442	80.619537	80.561073	81.389732	80.88427	84.049278	80.627083	84.049454	83.242905	89.82798	80.601151	81.485565	84.057106	80.499146	81.111862	80.047226	83.381882	81.212029	84.124268	84.188675	82.997665	82.997894	81.960678	81.916603	83.423233	81.145813	81.508286	80.386734	83.174942	81.266083	81.004173	83.885513	83.539581	79.284271	84.188904	83.89122	80.033241	89.877029	78.792526	79.023605	84.154175	83.68985	80.578445	83.562363	83.575157	80.91922	83.549065	83.798004	80.606445	80.388138	78.332855	83.974876	82.064789	81.180443	82.698456	81.660828	81.373459	81.311157	83.060196	81.19873	81.433014	83.856903	80.222626	83.653656	81.065643	81.189552	81.768196	83.41684	81.240707	79.078583	81.188965	80.362503	83.173447	81.00296	80.847725	82.909241	80.387154	90.172668	83.447113	81.30925	79.169373	83.982956	81.289001	80.966492	84.18914	79.378838	83.994415	83.473389	80.925613	90.200409	81.422348	83.394844	83.300064	80.53228	84.110092	82.928879	80.758339	80.057556	80.802505	81.368042	83.67337	80.411011	83.455353	80.30574	80.576462	83.935097	81.279236	80.472275	80.666534	83.496307	81.389862	82.066948	80.748871	87.631348	80.848984	83.966286	82.456963	83.584389	79.762711	82.279465	83.954483	80.815262	79.850166	83.956993	81.02047	82.435524	83.846603	80.817856	82.364639	83.392288	83.582138	81.692337	80.55584	82.094444	83.901932	80.48867	80.363914	82.247192	83.052292	80.417908	83.035492	82.085068	81.344879
81.060471	81.937576	81.476952	80.612732	80.647614	100.0	81.149506	80.903679	81.069595	80.574478	81.082161	80.777664	81.029228	81.776245	80.921875	81.129166	80.768051	80.717072	84.353119	80.473938	82.164749	81.050278	79.953354	81.310204	81.269272	81.044266	80.433624	81.063751	81.759247	81.072906	80.877449	79.923973	81.236763	81.782204	82.038971	80.766342	80.493385	80.761436	81.049744	81.108192	79.791275	81.418701	80.972931	80.46611	81.442062	84.726486	80.967361	81.503693	81.187714	80.554276	81.031067	84.464958	81.739044	80.354996	80.172043	80.392662	80.689514	80.673058	79.242615	80.634819	80.740158	80.765808	80.566208	81.059738	81.015854	80.839622	81.861328	78.531265	80.677155	80.648041	80.766556	80.927383	81.368729	81.101402	82.171646	81.039398	81.851852	82.011635	80.577805	80.781479	84.628891	84.252701	80.778145	80.802383	80.79776	80.932861	80.609283	80.757141	81.887634	80.859802	80.588165	81.212952	79.795563	80.721329	84.67807	80.75943	80.859772	80.413445	81.019516	80.931915	80.879654	81.160889	81.593506	82.204453	80.522324	80.94339	81.511124	86.764519	80.960304	81.203049	79.097168	80.856407	80.964691	79.84169	80.467575	78.798355	79.033043	80.831619	80.851181	80.537094	81.017715	80.627258	81.267303	81.000626	81.168137	80.685928	80.263641	78.432869	81.060226	81.320671	81.861534	80.638718	81.950867	84.666801	84.596741	80.820511	81.948639	82.376244	81.139008	80.127022	81.120575	84.630859	84.2957	80.795654	80.995575	80.641029	79.041534	84.328598	80.441711	80.815781	85.821274	81.153099	80.713943	80.598251	80.556732	81.033661	81.998299	79.091095	81.198364	84.316635	89.803909	81.167633	79.431824	80.901352	80.850563	81.221672	80.704987	81.794472	80.784859	80.83223	80.565819	80.949112	80.782455	80.963226	79.931129	81.080093	82.073471	81.076416	80.651871	80.913605	80.377556	80.666512	80.786568	84.249451	80.872429	79.657753	81.188049	81.465263	81.319	81.118561	80.764221	81.086914	80.984039	80.041023	80.6297	80.020119	81.407654	80.867264	81.110054	80.069382	81.370232	84.995277	81.179306	80.712448	81.178253	80.346664	80.776527	81.041977	82.162895	80.770699	81.265289	80.854218	80.576172	80.380569	81.31501	80.629005	80.456696	80.942543	81.364777	84.549446
81.23452	81.731316	81.590355	80.695496	82.121201	81.149506	100.0	81.092445	81.330482	82.031204	81.484329	81.165497	81.415215	81.330055	82.123314	81.209106	81.884033	82.19516	81.715546	80.894699	82.185966	82.400208	80.300278	80.942932	81.15229	81.262878	82.06662	82.256454	81.875908	82.241119	82.175064	80.609093	93.599762	82.094513	81.660614	81.06662	81.196899	80.768799	82.679688	82.297256	79.697868	87.577438	84.608353	80.372566	87.871689	81.843185	82.550674	81.117508	81.356667	82.006187	82.15712	81.974213	81.361656	81.35273	80.152786	80.785385	82.336166	82.190811	79.38179	81.926468	82.219925	82.184525	81.928299	82.399513	81.401825	82.34053	82.254807	78.500671	80.935043	82.166969	82.00425	82.392975	94.072861	82.115463	82.344627	82.67395	81.253937	81.963333	80.925674	81.081528	82.049782	81.600845	82.274292	80.596237	82.275658	82.178444	81.905792	81.087555	82.025528	82.293915	80.874275	81.273056	80.092377	82.049904	82.022995	82.27298	82.419846	81.654579	81.995781	84.244041	84.49736	82.397713	81.366592	82.169754	80.765991	81.899826	81.627922	81.588806	82.688721	82.489883	79.543533	82.425415	82.667816	80.240906	81.965897	78.708923	78.883209	82.471573	82.358116	80.988373	82.31546	81.778587	81.363663	82.19545	82.549942	80.517494	80.513512	78.306641	82.507751	87.70726	81.406265	81.771217	82.142906	81.927704	81.814087	81.923149	81.640282	82.08757	82.319649	80.244202	82.314911	81.761345	81.853455	84.141983	82.320183	81.533463	79.06839	81.833664	80.804901	81.772537	81.186462	81.339119	81.855545	80.748871	81.87941	82.217896	81.750557	79.383881	82.877777	81.88063	81.446426	82.856323	79.801712	82.122528	82.02948	81.339149	82.124176	82.065292	81.926918	82.000366	80.905403	82.328064	81.914322	81.332611	80.152328	81.240677	81.943871	82.64904	80.431366	82.234665	80.666138	80.926453	82.638062	81.89267	80.875534	80.138168	82.320999	81.605698	85.557655	81.098831	82.252907	81.273132	82.248215	81.076538	82.167839	79.995239	87.819611	82.277878	81.323463	80.298019	82.567581	81.655319	83.245438	82.324905	81.260841	81.218307	82.082764	82.352051	82.276138	81.08345	87.782982	82.173859	80.943611	80.701218	87.668259	81.765182	80.754807	82.101379	87.14846	81.941864
80.904221	81.135696	81.046143	89.425545	80.728935	80.903679	81.092445	100.0	82.119789	80.618622	81.066826	81.906738	80.974869	80.768112	81.181686	80.987053	81.258865	81.145401	81.366592	84.001877	81.440453	81.0177	81.253197	80.623947	80.908752	80.931946	80.539749	81.34845	81.35128	81.243088	81.029099	79.935211	81.132874	81.167328	81.08976	80.627914	80.242676	89.41423	80.896439	81.249557	80.629562	81.364601	80.92041	81.312637	81.297478	81.420807	81.079536	80.803917	81.118881	80.870331	81.366196	81.376762	80.930237	80.851791	81.303955	85.473724	80.843857	80.792404	79.998466	80.820015	80.993225	80.889	80.994049	81.293045	81.054245	81.083496	81.416748	78.8862	87.654671	80.800247	80.788673	81.175941	81.208542	81.138062	81.519196	80.662949	80.926117	80.952087	86.666992	88.20845	81.508377	81.198738	80.838348	80.504745	80.885025	80.993095	80.557098	82.101532	81.19944	80.974457	88.977463	81.303955	81.170746	81.029022	81.409378	80.745758	81.097275	80.720253	81.366478	80.946075	81.025986	81.095337	81.192383	81.609947	89.647217	81.048157	81.227859	81.443565	80.623192	81.266838	79.7351	81.165558	80.607376	81.194954	80.504654	79.560486	79.738998	80.96386	81.126892	86.302917	81.223083	80.706024	80.71405	81.242332	81.226089	80.350204	81.737152	78.947372	81.337364	81.124313	81.058167	81.163429	81.459488	81.510246	81.488007	81.074783	81.177742	81.441597	81.266907	81.596802	81.128403	81.343796	81.406425	80.753952	80.929352	81.12326	79.786064	81.349869	83.972183	80.976135	81.057686	80.919586	81.205307	89.392166	80.633232	81.196564	81.226372	80.203583	81.026749	81.476082	81.079735	81.070587	80.194275	80.858963	80.941071	81.13755	80.771378	80.922462	80.912186	80.986679	86.599571	80.982178	81.179977	80.965851	81.339539	81.013474	81.383202	80.917206	80.383926	81.201904	81.482361	81.927505	80.606873	81.479546	91.054703	79.708923	81.12944	81.074814	80.753006	80.885925	80.988724	80.972198	81.213112	80.061089	80.647171	80.950348	81.22554	81.018692	80.848152	81.054024	81.438118	81.100632	81.063431	80.886185	80.876755	80.448105	81.120697	81.098351	81.640228	81.965897	80.991127	81.151337	85.805649	81.483261	81.185562	80.874741	85.733994	81.273064	81.225777	81.60302
81.361671	81.340599	81.397087	81.794968	80.814651	81.069595	81.330482	82.119789	100.0	80.75975	81.082756	86.789062	81.198441	81.071251	81.217133	81.192566	81.033829	80.816109	81.510941	81.950806	81.525452	81.097763	81.707863	80.841202	81.037247	81.320381	80.689377	81.181091	81.546715	81.236908	81.026871	80.076096	81.297272	81.43692	81.339111	80.854507	80.293335	81.865097	80.918243	81.237503	80.566589	81.639374	81.196426	81.461243	81.458344	81.485298	81.084587	81.062775	81.322762	80.936287	81.488716	81.637917	80.968445	80.677109	81.276154	81.86618	80.895081	80.713928	80.078819	80.870865	80.81601	81.016296	80.793533	81.318573	81.31572	80.953552	81.529022	79.08342	81.806625	80.826981	80.652222	81.136917	81.448853	81.192276	81.697052	80.77774	80.835999	81.295639	81.918518	81.990021	81.449203	81.119713	80.689713	80.842415	80.930702	80.951324	80.588898	84.984566	81.434113	80.93779	81.914536	81.295593	81.511505	80.983818	81.59642	80.677643	80.992805	80.820999	81.523293	81.180367	81.107841	81.272171	81.218552	81.588516	81.715088	80.849342	81.173218	81.29525	80.749916	81.14682	79.97345	81.005905	80.892639	81.610649	80.647346	79.377609	79.78315	80.842064	80.88649	82.028	81.170502	80.687683	81.195023	81.167915	81.090836	80.674072	81.984558	78.941376	81.331879	81.146408	81.316879	80.981003	81.6577	81.462845	81.630783	80.904938	81.334427	81.491211	81.236923	81.765442	81.240005	81.371712	81.42717	81.038788	81.021317	80.804947	79.570129	81.475861	81.877289	81.104622	81.27829	81.455719	80.963058	81.714279	80.652405	81.247513	81.492355	79.986984	80.9907	81.485298	81.172424	81.040573	80.183937	80.993546	80.846573	81.392982	80.657173	81.29921	81.056816	80.944794	82.054161	81.031639	81.15802	81.303642	81.526093	81.178429	81.473923	81.02359	80.549896	81.090347	83.686485	84.752106	80.871384	81.612976	81.95253	79.7575	81.18132	81.51152	81.086868	81.227753	80.880592	81.239532	81.034515	80.075897	80.644119	81.167984	81.668152	80.947205	81.255692	81.305672	81.4263	81.174385	81.073822	80.788109	81.231522	80.475761	81.076965	81.211899	81.852264	85.790283	81.227554	81.143814	81.86454	83.626801	81.317001	80.742226	82.001083	81.19902	81.355728	81.567947
80.692101	81.072357	81.285713	80.438446	92.453079	80.574478	82.031204	80.618622	80.75975	100.0	81.083984	80.584908	80.85936	80.905212	83.475922	80.770691	82.852875	83.97673	81.257156	80.433029	81.569778	83.39679	80.030502	80.547913	80.843582	80.718285	89.885086	83.335144	81.450943	83.745743	83.27243	80.098633	82.005714	81.472984	81.13736	80.445419	80.346191	80.348785	83.438148	83.428734	79.753647	82.235168	81.842659	80.418915	82.271477	81.129311	84.220123	80.765045	80.961624	83.304008	83.176239	81.260811	80.835686	81.16893	80.285629	80.38118	84.04303	84.057991	79.334198	83.253662	84.111343	83.845901	83.225571	83.723312	80.852173	83.879692	81.386887	78.605743	80.517761	84.153488	83.733948	83.870804	82.088577	83.428543	81.669189	83.76162	80.750061	81.256226	80.572968	80.662048	81.294373	80.761841	84.087273	80.549492	83.902847	83.096039	89.126175	80.778755	81.52272	83.799545	80.445732	80.940506	79.968369	83.35408	81.148468	84.137955	84.115952	82.805237	82.933022	81.818062	81.847778	83.496521	81.145767	81.574036	80.307053	83.252777	81.184868	81.074516	83.689568	83.45929	79.233887	84.106415	83.715607	79.980774	89.127838	78.838913	79.07608	84.175049	83.719971	80.50148	83.624588	83.86618	80.957573	83.367516	83.787201	80.478516	80.375031	78.392761	83.986755	81.933548	81.178223	82.845177	81.528793	81.225693	81.239197	83.029922	81.186386	81.21582	83.779007	80.337204	83.482399	81.166008	81.05899	81.715546	83.402969	81.196777	79.090668	81.139359	80.424377	83.115799	81.048401	80.984276	82.8685	80.360847	89.536819	83.38588	81.25634	79.242119	83.923782	81.363159	80.971252	83.993744	79.449615	84.101189	83.442169	80.824677	89.78508	81.349365	83.296341	83.261353	80.551361	83.929092	83.075424	80.825043	80.001343	80.73143	81.40329	83.569954	80.34687	83.501328	80.324287	80.613281	83.79509	81.298447	80.532135	80.748627	83.414436	81.326096	81.860809	80.770523	87.425499	80.796745	83.935318	82.524254	83.446289	79.708862	82.24263	83.899643	80.860123	79.892365	83.952942	81.095749	82.328552	83.772522	80.858101	82.266693	83.385666	83.484634	81.720993	80.72348	82.062431	83.89801	80.550842	80.264557	82.082138	83.003174	80.350433	83.222977	82.087891	81.293274
80.93354	81.306808	81.655151	80.809555	81.098633	81.082161	81.484329	81.066826	81.082756	81.083984	100.0	81.052589	91.902542	81.00087	81.474442	81.137466	81.493439	81.150467	81.988075	80.873253	81.635635	81.834534	80.079613	80.586838	80.989998	81.06855	81.121681	81.865494	82.071808	81.898163	81.822754	80.984482	81.576584	81.623764	81.190247	80.77272	81.095337	80.769943	81.122208	81.864136	80.454742	81.910912	81.385338	80.993042	81.80265	81.958374	81.598175	80.951569	81.18898	81.156822	81.914948	82.066948	81.122673	81.164413	80.861702	80.988991	81.096924	80.927444	79.571243	81.296066	81.191513	81.286446	81.124084	81.747116	81.24913	81.404724	81.423843	78.827606	80.983627	81.110519	81.0354	81.576675	81.672836	81.867043	81.602142	81.060837	81.128639	81.421837	80.89785	81.159866	82.268005	81.299377	81.147156	80.925034	81.234329	81.722626	80.847107	81.118164	81.572655	81.36377	80.79306	81.087662	80.087578	81.311005	81.986938	81.158173	81.391083	81.025528	82.005173	81.263123	81.410751	81.889481	81.293427	81.556335	80.685753	81.602386	81.552505	81.740204	81.053375	81.975281	79.657547	81.441956	81.076675	80.137115	80.867691	79.17984	79.768288	81.288849	81.287018	80.865593	82.000839	80.975868	81.295731	81.707809	81.710472	80.719383	80.447174	78.833801	81.856522	81.383842	81.568909	81.415237	82.257004	82.008942	82.088005	81.368561	81.247726	81.014633	81.859512	80.395729	82.133148	81.813026	82.101349	81.205063	81.792923	81.738251	79.642242	81.871864	80.781403	81.221428	81.602875	81.147751	81.652115	80.686203	80.888626	81.968277	81.455528	79.733459	81.267273	82.033676	81.373932	81.277588	80.072975	81.2323	81.173996	81.402046	81.147499	81.423538	81.452438	81.360603	80.736191	81.350334	81.550957	81.435699	79.960442	81.111557	81.493561	81.203506	80.597214	81.532425	80.873108	81.089066	80.982681	81.8853	80.855759	80.255157	81.947296	81.641861	81.230942	80.973373	81.44619	81.003922	81.61586	80.507523	81.054207	80.238129	81.683075	81.334694	81.021553	80.386963	81.963272	81.26432	81.837601	81.146233	80.981834	80.636597	81.511154	81.96096	81.847282	81.089981	81.531952	81.623047	81.096428	80.820374	81.694191	81.247734	81.005722	81.782425	81.741905	82.071655
81.146294	81.146164	81.263107	81.892662	80.70665	80.777664	81.165497	81.906738	86.789062	80.584908	81.052589	100.0	80.949585	80.958939	81.083282	81.274498	81.002556	80.814835	81.423058	82.114746	81.498688	80.947838	81.272842	80.733635	80.71254	81.253632	80.420258	80.990021	81.50779	81.105377	80.861099	79.973221	81.12326	81.64505	81.260864	80.86496	80.021126	81.607452	80.772026	81.264511	80.570282	81.37487	80.935654	81.323822	81.367004	81.40387	80.95723	80.857201	81.200729	80.739647	81.31562	81.471642	80.761398	80.532623	81.113312	81.642517	80.640991	80.585014	79.794754	80.779831	80.741333	80.813828	80.781166	81.141701	81.276283	80.747147	81.523193	78.879654	81.766312	80.740837	80.541382	81.007324	81.185806	81.002426	81.76638	80.642548	80.686775	81.285538	81.897018	81.866081	81.449768	81.018799	80.66124	80.609535	80.854713	80.865067	80.438324	85.091843	81.462082	80.723785	81.734924	81.188866	81.155342	80.920258	81.47287	80.726715	80.924278	80.61602	81.310425	81.046463	80.921547	81.093262	81.122482	81.584457	81.621628	80.75473	81.155106	81.241241	80.616188	81.092178	79.705261	80.931168	80.590179	81.173645	80.501541	79.317001	79.664444	80.753082	80.731453	81.925354	81.076248	80.613045	80.962425	80.985283	81.158279	80.512146	81.676941	78.924225	81.270302	81.053902	81.035057	80.925156	81.609314	81.371452	81.583214	81.097809	81.243729	81.478882	81.22718	81.733765	81.155357	81.195343	81.400223	80.931091	81.013977	80.704773	79.627075	81.364746	82.005768	80.810425	81.075706	81.215149	80.9319	81.533821	80.404816	81.16774	81.112473	79.804733	80.898895	81.309799	81.093018	80.832436	79.975868	80.928894	80.71048	81.295273	80.729156	81.340591	80.841461	80.877289	81.875885	81.019035	80.982864	81.338852	81.294159	81.063072	81.404335	80.800087	80.374901	80.957718	83.584267	84.820435	80.56324	81.471085	81.708626	79.619247	80.958893	81.250618	80.899948	81.218033	80.878937	81.142868	81.008301	79.929504	80.533501	81.039429	81.412033	80.837723	81.326019	81.195297	81.214142	81.116135	81.1073	80.712189	81.077705	80.253754	81.004959	81.075966	81.641418	86.219238	80.982285	81.052719	81.777328	83.543098	81.338043	80.741631	81.766403	81.069878	81.184113	81.441025
80.759056	81.17231	81.336716	80.718704	80.965431	81.029228	81.415215	80.974869	81.198441	80.85936	91.902542	80.949585	100.0	80.810577	81.464539	80.788696	81.246376	81.031944	81.715744	80.845123	81.434464	81.820374	80.059029	80.477142	80.901031	80.791229	80.882339	81.849213	81.792709	81.702843	81.638321	80.876663	81.396088	81.395683	81.1772	80.516006	81.017563	80.636246	80.804153	81.678406	80.475861	81.716324	81.217201	80.822861	81.681175	81.613785	81.364563	80.677948	80.868355	80.987228	81.712204	81.784935	81.004364	80.972321	80.701355	80.742065	80.979202	80.757614	79.416718	81.24823	81.051788	81.130325	81.034943	81.550476	80.89621	81.232346	81.338486	78.938126	80.880936	81.079239	80.852722	81.494049	81.476433	81.762848	81.507126	80.902634	80.907623	81.230026	80.765556	80.77179	81.901764	81.117859	80.881744	80.756866	81.023697	81.514999	80.807236	80.918243	81.397751	81.149269	80.493965	80.968567	80.020477	81.213196	81.776367	80.853233	81.147636	80.840408	81.73407	81.180313	81.152618	81.762589	81.103378	81.345329	80.533417	81.501389	81.327316	81.562187	80.762985	81.708923	79.37899	81.190842	80.98201	80.075836	80.69532	79.080811	79.610611	81.081116	81.283661	80.674126	81.753601	80.794067	81.188126	81.625214	81.462677	80.58773	80.344254	78.688995	81.690323	81.260529	81.37326	81.151566	81.901596	81.769547	81.859375	81.139084	81.068527	80.797287	81.780563	80.316193	81.962799	81.529182	81.798973	81.05722	81.595741	81.357788	79.48877	81.729309	80.741486	81.198601	81.51445	80.975998	81.276505	80.58075	80.852852	81.894424	81.2258	79.714203	81.144623	81.731323	81.172333	81.129654	79.928047	81.056854	80.987305	81.044754	80.99662	81.246399	81.371864	81.129509	80.529755	81.271416	81.334343	81.019875	79.973106	80.844711	81.425301	81.028519	80.501953	81.467567	80.674561	80.836365	80.787186	81.639603	80.663177	80.212753	81.674347	81.583191	80.982803	80.622482	81.368973	80.861984	81.457527	80.370499	80.788635	80.191666	81.531342	81.100296	80.910927	80.306778	81.785583	81.012299	81.602951	80.979866	80.827309	80.742821	81.27211	81.755074	81.695648	80.913071	81.346085	81.569763	80.930222	80.787086	81.508781	80.993942	80.807724	81.636139	81.699661	81.954247
81.07412	81.979996	81.82914	80.607758	80.915649	81.776245	81.330055	80.768112	81.071251	80.905212	81.00087	80.958939	80.810577	100.0	81.00943	81.197083	80.840225	80.999893	82.342087	80.597931	82.306198	81.105576	79.926735	84.271973	81.497528	81.148376	80.856781	81.307297	81.775314	81.188087	81.131317	80.332375	81.343987	81.973	82.152023	80.8974	80.511612	80.558014	81.096733	81.310974	79.711227	81.751259	81.173004	80.448822	81.58902	82.29924	81.204285	83.787292	81.303619	80.863678	81.277847	82.335678	83.221344	80.490021	80.272842	80.424423	80.884628	80.766968	79.433075	80.802277	80.919792	80.913925	80.693008	81.169647	81.246895	80.929527	81.883842	78.660553	80.640671	80.908554	80.863815	81.167221	81.436699	81.201157	82.532532	81.113266	83.145844	81.968018	80.530945	80.811607	82.377274	81.934944	81.007492	81.070877	80.912384	80.954285	80.800217	80.990997	81.949768	81.055901	80.438187	81.127151	79.99704	80.921883	82.385818	80.897675	81.073967	80.614639	81.378693	81.074539	81.106689	81.213989	81.811447	82.617615	80.421295	80.87812	81.501633	82.24971	81.090645	81.300797	79.47052	81.045883	81.150269	80.025223	80.738144	78.589142	79.132637	81.026886	81.025726	80.474869	81.18589	80.749283	81.35405	81.120407	81.240669	81.052704	80.415588	78.204529	81.282654	81.260056	81.850151	80.902527	82.251167	82.275299	82.370102	80.852333	82.136711	82.80101	81.215332	80.335312	81.241211	82.193741	82.260452	80.95018	81.067612	80.781403	79.254333	82.17926	80.614548	80.867439	81.915344	81.117096	80.953918	80.496246	80.844803	81.281311	82.039352	79.159615	81.278214	82.142365	82.054077	81.262955	79.446503	81.071136	81.045868	81.28891	80.922478	81.985374	81.007149	80.880432	80.613785	81.032898	81.043747	81.086975	80.02372	81.135658	81.905624	81.148163	81.023666	81.031845	80.581223	80.870163	81.018784	82.516762	80.765121	79.583664	81.063873	81.820007	81.270798	81.221985	81.022697	81.142189	81.179459	80.367302	80.967621	80.075485	81.657547	80.931602	81.036789	80.158508	81.327728	82.11747	81.260315	80.886749	81.334114	80.293015	80.865356	81.185867	82.567291	80.853683	81.299347	81.076515	80.5541	80.498444	81.434898	80.750381	80.429451	81.123352	81.480858	82.334763
81.085907	81.511559	81.806549	80.926788	83.43895	80.921875	82.123314	81.181686	81.217133	83.475922	81.474442	81.083282	81.464539	81.00943	100.0	81.2565	86.753448	84.898781	81.592705	80.939423	81.774307	84.574966	80.426025	80.751007	81.283432	81.182182	83.299896	84.618576	81.877869	85.315292	84.461128	80.393646	82.13382	81.895645	81.479218	80.750542	80.591446	80.745682	83.390266	84.588074	80.244247	82.616028	82.209167	80.62632	82.598381	81.352951	85.079575	80.829575	81.203278	87.352448	85.894669	81.50354	80.947075	81.507622	80.877747	80.944046	84.799675	84.460419	79.582047	94.430473	84.508163	84.580231	88.105652	85.841972	81.314384	85.157745	81.707306	78.714905	81.10717	84.692863	84.486725	84.974197	82.190491	84.58667	81.981766	83.664345	80.888306	81.675812	80.952324	81.043137	81.606979	81.149719	84.626343	80.844734	84.868652	84.285248	83.337662	81.298584	81.795883	84.620377	80.782181	81.305695	80.295792	90.76326	81.429207	84.652061	85.003792	83.455551	85.755203	82.276169	82.087776	84.618408	81.525528	81.837784	80.678047	83.972305	81.683388	81.479141	83.588608	84.722374	79.642967	84.824127	83.197502	80.267151	83.275162	79.241714	79.571754	84.801895	84.867126	80.935211	84.976357	84.14241	81.579811	84.92971	84.851974	80.679688	80.753708	78.823769	85.39566	82.133041	81.450745	86.642258	82.088661	81.452866	81.506577	89.425339	81.462723	81.498466	85.132599	80.576614	84.880531	81.167313	81.494453	82.189789	84.660248	81.588669	79.363701	81.438576	81.007599	89.090317	81.186951	81.276855	87.14473	80.657501	83.209625	84.520126	81.544334	79.720367	83.809387	81.492996	81.300644	84.074211	80.077759	84.65625	84.373947	81.3078	83.540909	81.64138	84.366821	90.916016	80.93251	84.72438	86.874641	81.322678	80.400955	81.089615	81.983307	83.41217	80.482727	87.596664	80.797974	80.986603	83.20784	81.715759	80.827042	81.497101	84.778336	81.759979	81.89196	81.056175	83.856995	81.164597	84.796066	82.947113	84.240616	80.211273	82.403244	84.741829	81.204285	80.321625	84.978821	81.08754	82.623627	84.572258	81.215027	86.355911	90.834259	84.831818	82.104897	81.186783	82.141647	84.797256	81.107971	80.885193	82.460709	87.702606	81.021523	85.048523	82.42205	81.496994
87.657715	81.749985	81.473434	80.784088	80.779617	81.129166	81.209106	80.987053	81.192566	80.770691	81.137466	81.274498	80.788696	81.197083	81.2565	100.0	81.192024	81.100136	81.73037	80.739388	82.440552	81.073601	79.978729	80.897034	81.142586	88.457108	80.748505	81.268631	82.293289	81.419296	80.968582	79.97525	81.289856	82.479996	81.636368	87.410309	80.186707	80.593613	81.18187	81.271637	80.110886	81.479218	80.983536	80.517197	81.554169	81.908569	81.202034	81.042435	88.261612	80.915909	81.408539	81.894028	81.074753	80.564941	80.5755	80.619865	81.115135	80.965843	79.318222	81.00914	80.925865	81.161743	80.998474	81.327347	88.463814	80.990158	81.906776	78.442245	80.85051	81.070114	81.026733	81.200714	81.457924	81.320084	82.829773	81.063309	80.932793	82.286858	80.856522	81.048042	81.883362	81.40152	81.029289	80.869812	81.024033	80.995529	80.677322	81.25209	82.381393	81.07782	80.701096	85.801147	80.006927	81.179611	81.885498	81.148613	81.091835	80.732117	81.285202	81.04438	80.936584	81.260811	81.532364	82.162636	80.689453	80.878021	81.88974	81.524414	81.080887	81.294174	79.105835	81.154739	81.075439	79.962639	80.62822	79.174026	79.18988	81.112137	81.050995	80.721237	81.217285	80.850693	81.261642	81.157959	81.340393	80.672668	80.510895	78.906876	81.515594	81.227295	81.485626	81.123108	82.456047	81.967751	82.046585	81.056877	81.763504	82.046806	81.337135	80.245087	81.304199	81.749268	81.830139	80.900208	81.266632	80.637848	79.194618	81.828613	80.678268	81.004402	81.423271	87.105957	81.013779	80.634987	80.721405	81.284462	81.768105	79.201035	81.244171	81.860962	81.490982	81.354416	79.345673	81.197571	80.870605	88.264359	80.941589	82.202423	80.936737	81.052094	80.825722	81.283615	81.200089	85.376877	80.070206	88.674286	82.451324	81.252907	80.536484	81.289375	80.666779	81.002243	80.821091	81.715034	80.81076	79.770187	81.219612	81.628998	81.108757	89.114182	81.010391	89.37664	81.349533	80.131096	80.912521	80.164703	81.495468	81.185699	87.381165	80.216736	81.363396	81.583374	81.371155	81.100891	89.113724	80.414154	81.159904	81.228683	82.382927	81.212845	81.328201	81.261032	80.726509	80.562386	81.31266	80.96814	80.765564	81.101036	81.367317	81.849396
81.028641	81.202301	81.564758	80.806305	82.919662	80.768051	81.884033	81.258865	81.033829	82.852875	81.493439	81.002556	81.246376	80.840225	86.753448	81.192024	100.0	84.106522	81.394958	80.863281	81.530388	83.94825	80.239433	80.661636	81.030167	81.091782	82.939331	84.124535	81.80809	84.397797	84.121048	80.320618	81.855835	81.659668	81.285492	80.71032	80.471725	80.781006	83.004814	84.070923	80.195709	82.382751	81.851959	80.556709	82.351189	81.48027	84.25634	80.897614	81.196312	85.878387	85.465378	81.475533	80.758476	81.475616	80.918839	80.843323	84.057251	83.606865	79.360649	86.632095	83.939728	83.979889	86.834175	84.720146	81.210693	84.141556	81.746437	78.786362	81.014877	84.028549	83.763138	84.13472	81.953171	84.025253	81.650284	82.995743	80.80896	81.412201	80.963562	81.056854	81.518585	81.022629	84.01725	80.786804	84.031357	83.691841	82.749596	81.218216	81.574875	84.116272	80.709938	81.282074	80.272202	86.644577	81.458221	83.898788	84.239319	83.180008	85.585541	81.930748	81.948044	84.121758	81.366745	81.709625	80.637466	83.436935	81.625931	81.197769	82.987625	83.940186	79.467819	83.995087	82.643234	80.4384	82.780624	79.299271	79.384506	84.052231	84.211777	81.020691	84.272537	83.47998	81.220261	84.206726	84.167564	80.566971	80.578247	78.881615	84.666901	81.787903	81.348816	94.3629	81.942276	81.348969	81.561996	86.442673	81.428909	81.264511	84.375435	80.589508	84.125961	81.244759	81.416245	81.975876	83.932144	81.693314	79.391106	81.363098	80.750504	86.344437	81.055351	81.139496	90.022598	80.664299	82.820541	83.877014	81.254028	79.67485	83.217255	81.432877	80.956085	83.505424	79.768799	83.99231	83.653442	81.189781	82.907211	81.391281	83.686935	86.807907	80.77774	84.010452	94.920326	81.200737	80.177475	81.106781	81.703804	83.001472	80.522751	86.306702	80.734154	81.0961	82.601624	81.796967	80.842918	81.278671	83.981018	81.60038	81.594231	80.943527	83.351555	81.057037	84.37001	82.469635	83.629303	80.273834	82.341919	83.890793	81.172615	80.289734	84.303162	80.981812	82.365707	83.961967	81.001007	84.89003	86.800049	84.131721	81.856712	81.097649	81.873322	84.264595	81.038857	80.814102	82.040398	86.338303	81.039436	84.603546	82.083374	81.444626
