1736473.3	386.162	386.163	386.182	2583231.6	754521.3	648995.24	1736577.3	1378077.3	2817706.3	1752526.3	2267833.3	1736548.3	1736563.3	984260.6	1736312.3	1368417.4	2613770.3	29449.42	1523420.3	1986026.4	2919917.3	2067451.4	1368430.4	1907413.3	1523429.3	2726076.3	2806346.3	2845820.10	240521.3	1571470.3	1736428.3	2182425.3	379684.3	2171756.3	2937795.4	2819994.3	484088.4	1184720.6	384.95	386.180	384.94	384.1004	216596.11	754523.3	936136.8	387.278	384.18	1825933.3	395491.3	386.7	387.283	384.393	386.178	1703971.3	2731096.3	754764.3	395492.8	754762.3	754522.3	1703962.3	1328306.3	2731112.3	1981173.3	1138189.12	1138194.8	1223565.8	1138190.4	491916.7	1432049.3	2035449.3	451876.4	293958.16	1144306.3	1312183.9	398.72	1041147.3	1841653.4	363754.4	398.4	398.16	2364272.4	1566260.3	698761.4	2028343.3	2653122.4	50338.5	538025.6	2785056.3	1079460.3	2849093.3	990285.3	2586991.3	1500304.3	1764276.3	348824.51	1841654.4	1736592.3	2613771.3	2819997.3	2603277.3	1736358.3	1566263.3	391.9	2135647.3	1736380.3	1500301.3	2895568.3	2813827.3	908946.3	1335060.3	391.5	1120688.3	1532558.3	1907415.3	887144.4	2726075.3	398.14	1335060.80
100.0	77.743164	77.747673	77.866837	77.93924	77.83847	78.46273	78.543999	78.358337	78.378098	78.240601	78.226677	78.109741	79.861542	77.758476	78.266129	77.909889	78.363983	78.007675	78.153618	78.41571	78.530716	78.711334	78.690552	78.43837	78.420242	78.435638	78.494354	78.456322	78.557121	78.378311	77.629623	78.34967	80.090469	78.212898	78.431122	0.0	0.0	77.899155	77.86058	77.864426	77.825607	77.792191	77.93132	77.811264	77.851898	77.908661	77.794113	78.042404	78.105148	77.950546	77.929779	77.838326	77.890282	77.863235	77.897171	77.816162	77.748581	77.826302	77.741287	77.838211	77.946632	77.767471	77.747444	77.801544	77.763313	77.940582	78.001083	77.770119	77.836723	77.963821	98.880714	77.829132	78.027245	77.624947	78.016525	77.809586	77.971893	77.900322	77.839905	77.85099	77.790176	77.96933	78.050827	77.816483	78.009254	77.816101	77.549278	77.538895	77.587196	78.050613	77.58979	77.788284	77.879906	78.252014	77.967224	78.01709	77.877441	77.871712	77.655037	78.512985	77.442009	77.80455	78.01339	77.604797	78.030304	77.698135	77.747139	78.512054	78.021782	78.326851	78.442894	78.66745	78.084991	78.367325	78.239578	0.0	0.0	0.0
77.743164	100.0	95.930092	88.819061	88.810989	88.932121	79.02375	79.185066	79.32576	79.207947	79.176849	79.184677	78.894989	78.564743	77.635887	78.296837	77.931549	82.820847	82.167221	79.034271	79.671677	79.291252	79.427734	79.318176	79.441254	79.408981	79.914398	79.434158	79.518097	79.25209	79.370087	79.382523	80.787689	79.628571	80.019615	79.212181	79.812607	80.037125	89.213791	88.721581	88.728127	88.900391	88.841614	88.912682	88.815201	88.842644	88.855614	88.670975	88.850929	88.850616	88.816139	88.52594	88.906143	88.873222	96.004593	90.323563	91.739182	91.686401	90.421875	90.321396	88.373138	87.766052	87.625885	87.131256	86.926361	87.525848	87.966095	88.354416	89.45578	89.177902	89.358109	77.925941	80.929565	81.106094	80.544724	81.086128	81.156723	80.64695	81.24614	80.784332	80.76458	81.539536	80.556854	80.804337	80.510208	80.618195	81.60939	82.168106	81.604988	81.511017	83.053589	80.939407	80.986191	80.760979	80.997421	81.131821	81.214325	81.14949	81.030167	79.885925	79.501144	78.949326	78.767563	79.224602	79.377701	79.794525	79.742378	79.506165	79.709404	79.531708	79.39856	79.025833	79.810295	79.503998	79.184204	78.719437	77.663857	0.0	0.0
77.747673	95.930092	100.0	88.879509	88.998871	88.995193	78.840591	78.996872	79.367477	79.280685	79.177322	79.126999	78.826202	78.484238	77.617744	78.340805	77.887428	82.864784	82.094391	79.091187	79.712906	79.355331	79.491806	79.395676	79.355171	79.403793	79.955002	79.36171	79.49762	79.312027	79.488815	79.419662	80.800858	79.65062	80.021011	79.315277	79.859726	80.089813	89.260544	88.885193	88.788559	89.027061	88.9478	89.04464	88.81723	88.929382	88.934456	88.760651	88.901382	88.884094	88.901443	88.63205	88.903008	88.897873	96.780914	90.430313	91.744438	91.838257	90.561523	90.403534	88.253387	87.965652	87.711349	87.347549	87.018463	87.594238	87.961174	88.416534	89.376793	89.125702	89.310043	77.926598	81.009735	81.13269	80.524323	81.197571	81.289986	80.676979	81.351807	80.879395	80.774429	81.489494	80.675507	81.081772	80.594223	80.638382	81.715317	81.856812	81.72435	81.69812	83.169922	80.968056	80.998444	80.686401	81.089737	81.211227	81.191483	81.061562	81.056458	79.884491	79.381439	78.975266	78.812836	79.27784	79.484627	79.739716	79.783875	79.68605	79.739075	79.563141	79.38559	79.047272	79.896454	79.550858	79.260681	78.665771	77.516205	0.0	0.0
77.866837	88.819061	88.879509	100.0	92.822128	93.193161	78.793762	78.890228	79.035645	78.985245	78.942123	78.955933	78.677704	78.463959	77.577332	78.288635	77.779572	82.602936	81.792572	78.820511	79.43174	79.076828	79.255646	79.253967	79.204613	79.3526	79.615501	79.222687	79.275497	79.266335	79.424469	79.139496	80.474426	79.558823	79.867294	78.939072	79.675827	79.992081	91.363426	97.435394	98.165894	94.387054	94.883896	92.691223	92.366547	92.322601	92.300385	92.206902	93.686859	92.750641	93.546829	92.193802	93.234116	93.19413	88.8508	89.247383	88.789108	88.87915	88.938835	88.758133	87.38195	87.004875	87.169006	86.823372	86.834839	87.405785	87.762619	87.260399	87.546005	87.517281	88.044624	78.120224	80.981934	81.046021	80.301834	80.733719	80.603897	80.501122	80.699707	80.460907	80.406509	80.802216	80.483978	80.503281	80.357254	80.385025	82.053497	81.324448	81.848412	81.782646	83.016487	80.744415	80.812195	80.661934	81.065628	81.191147	81.040604	80.97744	80.94545	79.739807	79.167992	78.792542	78.5867	79.003387	79.255211	79.342804	79.775589	79.660782	79.489319	79.250931	79.24865	78.935944	79.638748	79.49588	78.984268	78.483398	77.65847	0.0	0.0
77.93924	88.810989	88.998871	92.822128	100.0	93.112549	78.998947	78.955811	79.067154	79.167496	79.068985	79.077805	78.814522	78.683716	77.617523	78.127274	77.908478	82.689911	81.945747	79.034058	79.535873	79.245026	79.263306	79.401001	79.417625	79.380585	79.686165	79.149231	79.452148	79.295975	79.648384	79.132202	80.519936	79.630051	80.045319	79.126801	79.723221	79.937927	91.156181	92.741684	92.809174	93.357895	93.167343	94.581245	93.988548	94.065376	94.248383	94.154121	94.286819	94.038574	93.866669	92.379936	93.534042	93.124832	88.856232	89.542526	88.939255	88.988052	89.090858	88.746651	87.455338	87.128334	87.489014	86.994759	87.012909	87.779495	87.800385	87.654129	87.593971	87.740692	88.151779	78.200485	80.852859	81.065315	80.338203	80.859253	80.629669	80.638641	80.743034	80.605019	80.473167	80.834831	80.51413	80.6586	80.317917	80.39505	82.110687	81.391418	81.864983	81.887939	83.040695	80.882675	81.014221	80.75528	80.87764	81.151009	81.091393	80.845116	80.987946	79.662537	79.30748	78.826889	78.744751	79.044128	79.286865	79.373703	79.847374	79.696777	79.50351	79.471481	79.125549	78.860802	79.762108	79.453217	79.089104	78.547913	77.618553	0.0	0.0
77.83847	88.932121	88.995193	93.193161	93.112549	100.0	78.800049	78.842743	79.033997	78.981415	79.009491	78.92524	78.654022	78.50148	77.535072	78.169205	77.848488	82.67514	81.785522	78.895996	79.586578	79.128654	79.319733	79.478989	79.294586	79.25058	79.725487	79.229935	79.455513	79.214729	79.59037	79.033058	80.445145	79.461563	79.838478	79.082649	79.65715	79.970512	91.173431	93.180595	93.299957	93.987221	94.00177	93.6259	92.917328	93.052231	93.010712	92.807869	93.15126	93.496574	93.705788	93.907661	97.894653	98.240906	88.99205	89.472771	88.943069	89.012268	89.099365	88.858765	87.422501	87.059845	87.295639	86.909225	86.885429	87.466118	87.789192	87.406876	87.695297	87.705139	88.060837	77.946915	80.772293	81.00502	80.434189	80.756851	80.627464	80.406998	80.679405	80.501724	80.483521	80.732468	80.463959	80.529221	80.327942	80.43399	82.143997	81.36319	81.851982	81.808868	83.053696	80.848785	80.847656	80.632645	81.10994	81.349777	80.962601	81.053314	80.908218	79.690704	79.319008	78.750351	78.712395	79.0746	79.319229	79.360947	79.749229	79.439697	79.472382	79.398621	79.186699	78.919327	79.691513	79.562881	79.007507	78.614655	77.350525	0.0	0.0
78.46273	79.02375	78.840591	78.793762	78.998947	78.800049	100.0	87.362587	87.979004	88.584488	88.341675	87.025742	85.792664	80.143806	79.534454	80.34758	79.66188	79.218094	79.107925	78.557632	79.03437	78.810951	78.921799	78.950378	78.750481	78.924973	79.00116	79.065018	79.105026	78.986664	79.413284	78.552399	79.219711	79.386597	78.911049	78.670151	78.375168	78.094513	78.911583	78.754547	78.668411	78.852722	78.859451	78.949142	78.781563	78.773788	78.778885	78.777107	78.855896	78.874367	78.893066	78.726349	78.780426	78.80217	78.956238	78.833191	78.962578	78.984283	78.829514	78.911331	78.931229	78.756752	78.806129	78.652176	78.60685	78.743317	78.86879	78.93248	79.057632	78.935959	78.956863	78.434875	78.799438	79.012131	78.670166	78.693268	78.749733	78.728485	78.80352	78.591812	78.720993	78.686852	78.757034	78.914207	78.768738	78.670372	78.278946	78.416473	78.554703	78.269829	78.883804	78.382034	78.470016	78.492111	78.640625	78.588165	78.760712	78.479111	78.747963	78.43203	78.757843	78.233154	78.249893	78.546768	78.618927	78.64032	78.399429	78.382278	78.784302	78.576805	78.4991	78.494125	78.993736	78.635048	78.826813	78.452042	79.120239	0.0	0.0
78.543999	79.185066	78.996872	78.890228	78.955811	78.842743	87.362587	100.0	91.369797	89.114044	88.51442	88.893921	87.489075	80.336533	79.681671	80.402496	79.541176	79.310585	79.162567	78.768204	79.124008	78.815216	79.00148	79.174896	78.888489	78.991119	79.176147	79.094269	79.187912	79.050591	78.943314	78.735497	79.465736	79.280365	79.014404	78.776192	78.15976	78.104095	79.129211	78.837341	78.912743	79.020752	78.908783	78.955185	78.836525	79.093933	78.921692	79.143196	78.812347	79.091408	78.72374	78.824097	78.974426	78.846603	79.11235	78.98748	79.031921	78.99086	78.964951	79.079269	79.007744	78.827446	79.003113	78.798485	78.894135	78.858444	79.012108	78.956963	79.063126	78.972107	79.044258	78.451263	78.838257	78.801102	78.614838	78.71637	78.623917	78.769531	78.818573	78.754242	78.677292	78.861328	78.638123	78.745132	78.687332	78.775238	78.425339	78.286263	78.514954	78.351852	78.924225	78.336311	78.468399	78.478485	78.657494	78.638062	78.737457	78.712677	78.734055	78.14904	78.826935	78.290237	78.415207	78.562325	78.642319	78.867218	78.58699	78.651123	79.322418	79.343872	79.355469	78.813309	79.251923	78.802727	78.658646	78.600853	79.284378	0.0	0.0
78.358337	79.32576	79.367477	79.035645	79.067154	79.033997	87.979004	91.369797	100.0	89.717918	89.251877	88.96106	87.553314	80.495819	79.840515	80.588097	79.928589	79.463501	79.357407	78.694176	79.242249	78.939377	79.124992	79.146553	78.94413	79.219757	79.244476	79.09758	79.193542	79.071075	79.532936	78.796623	79.685577	79.606949	79.219177	78.979279	78.319534	78.413132	79.126732	78.969879	78.986565	79.061516	78.993286	79.138557	78.976234	79.049118	79.164856	79.104645	79.046844	79.134018	78.919189	78.980835	79.061996	79.033524	79.204788	79.158951	79.36055	79.384064	79.201843	79.197418	79.25351	79.18853	79.177902	78.984192	78.886787	79.094879	79.224487	79.080154	79.287338	79.263649	79.296951	78.392899	78.936989	79.073311	78.820839	78.91626	78.779327	78.861816	78.945435	78.848755	78.985329	78.919792	79.018639	79.009827	78.906265	78.721603	78.544006	78.413971	78.679581	78.533287	79.030594	78.651337	78.636734	78.461304	78.633911	78.596497	79.012245	78.822601	78.926422	78.217667	79.057892	78.220901	78.422287	78.654869	78.786255	78.942291	78.723137	78.664101	79.256233	78.608147	78.780289	78.515747	79.424698	78.930222	78.948669	78.723709	79.300011	0.0	0.0
78.378098	79.207947	79.280685	78.985245	79.167496	78.981415	88.584488	89.114044	89.717918	100.0	90.703865	89.036697	87.855881	80.570175	79.891579	80.422058	79.690063	79.446518	79.231415	78.723984	79.307312	78.888947	79.105392	79.061806	79.039688	79.028381	79.161011	79.287766	79.272331	79.194283	79.245399	78.722733	79.472137	79.58313	79.249573	78.830643	78.467316	78.30014	79.283417	79.034157	78.959641	79.005325	79.016037	79.207291	79.190262	79.111649	79.241127	79.245544	79.145844	79.099976	79.006683	79.105232	79.060974	79.093422	79.29882	79.040207	79.302673	79.298569	79.174438	79.122307	79.108246	79.082748	79.099579	79.078644	78.966881	78.880493	79.083923	79.195679	79.224106	79.225296	79.353607	78.330727	79.029869	79.059273	78.600784	78.944672	78.778198	79.075127	79.009407	78.915237	79.045631	79.034866	78.851883	78.996811	78.878189	78.772903	78.617371	78.323814	78.691711	78.491905	79.17572	78.34938	78.492554	78.675995	78.634193	78.496857	78.782806	78.71814	78.757202	78.402069	78.926247	78.200806	78.357079	78.598038	78.656357	78.867905	78.680756	78.789116	79.299271	78.677513	78.743843	78.632156	79.326782	78.928177	78.90921	78.665894	79.251503	0.0	0.0
78.240601	79.176849	79.177322	78.942123	79.068985	79.009491	88.341675	88.51442	89.251877	90.703865	100.0	88.122513	86.97348	80.367844	79.669128	80.479195	79.794365	79.325821	79.106232	78.814209	79.129517	78.867157	79.059151	79.034073	78.850136	78.993469	79.133095	79.128357	79.081116	78.879761	79.073883	78.63118	79.371994	79.377838	79.1353	78.756882	78.167213	78.134026	79.159088	78.929077	78.890633	79.106834	78.924416	79.203873	78.986008	78.984436	79.092079	79.120956	79.069916	78.908646	78.974625	78.957321	79.083099	78.917679	79.184875	78.854103	79.118332	79.047577	79.040764	79.096298	78.984604	79.082634	78.942596	78.901451	78.713226	78.913483	78.979752	78.98613	79.084244	79.047585	79.183258	78.380203	78.907402	78.994232	78.516907	78.86293	78.718582	78.908539	78.792931	78.865738	78.756226	78.855042	78.901283	79.022606	78.702637	78.897003	78.473045	78.350456	78.53688	78.374084	79.033447	78.435944	78.414124	78.49028	78.553894	78.553131	78.839882	78.702126	78.628937	78.183029	78.914093	78.340759	78.312973	78.489906	78.656693	78.980209	78.650757	78.635971	79.133789	78.583557	78.444046	78.420616	79.139099	78.855331	78.771515	78.834915	79.15123	0.0	0.0
78.226677	79.184677	79.126999	78.955933	79.077805	78.92524	87.025742	88.893921	88.96106	89.036697	88.122513	100.0	89.220383	80.582001	79.73233	80.554932	79.73304	79.359497	79.239159	78.6745	79.11277	78.87925	79.009399	79.380676	78.838173	79.050247	79.207947	79.001152	79.198616	79.040268	79.170807	78.700371	79.472397	79.536018	79.069267	78.867798	78.3405	78.216331	79.094276	78.979965	79.017807	78.986755	78.980408	79.099052	79.034409	79.065994	79.071442	79.197586	78.920822	78.9534	78.998657	78.919136	78.998322	79.070091	79.156883	79.046646	79.178978	79.097885	79.302483	79.14933	79.092896	78.941223	79.069229	78.912445	78.784126	78.895844	79.170532	79.195374	79.178802	79.098419	79.134048	78.296844	78.888039	79.037437	78.632568	79.064499	78.801926	78.844833	79.083778	78.957962	79.01107	79.068237	78.837967	78.982468	78.908096	78.833649	78.552551	78.542526	78.63813	78.464874	78.98597	78.575684	78.548737	78.647598	78.407455	78.68721	78.767532	78.816864	78.84462	78.376572	79.056885	78.320412	78.279312	79.091003	78.752365	78.951202	78.641022	78.566795	79.293198	79.57637	78.694008	78.515808	79.286026	78.754715	78.870026	78.506989	79.138077	0.0	0.0
78.109741	78.894989	78.826202	78.677704	78.814522	78.654022	85.792664	87.489075	87.553314	87.855881	86.97348	89.220383	100.0	80.036102	79.610641	80.306061	79.620697	78.976486	78.750153	78.388016	78.866333	78.649536	78.710068	78.859665	78.771332	78.876366	78.905045	78.845612	78.813026	78.862869	78.800674	78.454346	79.147888	79.136124	78.904182	78.526184	78.354271	78.041214	78.797836	78.603752	78.589035	78.654526	78.745026	78.809692	78.619324	78.882889	78.825027	78.753418	78.841156	78.728271	78.643547	78.745735	78.674591	78.552597	78.897156	78.718094	78.773018	78.799118	78.772842	78.78096	78.740021	78.647568	78.640137	78.656235	78.478119	78.591927	78.75238	78.86702	78.897095	78.7827	78.771408	78.274399	78.517288	78.626892	78.194443	78.542252	78.49408	78.507599	78.605209	78.577263	78.688454	78.741096	78.528252	78.692879	78.440392	78.63427	78.282814	78.080811	78.314072	78.131264	78.737488	78.478806	78.314148	78.315353	78.4869	78.546631	78.493134	78.550507	78.359222	78.341125	78.627754	78.29277	78.31974	78.383377	78.491035	78.657227	78.333839	78.286819	78.980652	78.218735	78.485687	78.293564	78.786621	78.493484	78.713669	78.445099	79.079697	0.0	0.0
79.861542	78.564743	78.484238	78.463959	78.683716	78.50148	80.143806	80.336533	80.495819	80.570175	80.367844	80.582001	80.036102	100.0	80.17173	80.813477	80.091843	79.072441	78.760742	78.639771	78.742783	78.697151	78.93689	78.870544	78.846977	78.838501	78.677155	78.831429	78.497337	78.796982	78.9561	78.42424	78.937912	79.033371	78.372231	78.613464	78.279015	78.109344	78.534439	78.497711	78.56955	78.325874	78.291977	78.627502	78.612411	78.463951	78.570854	78.632996	78.606262	78.523834	78.39782	78.511124	78.669601	78.45385	78.551834	78.409103	78.531937	78.640747	78.679016	78.570145	78.47467	78.468788	78.564529	78.466499	78.351242	78.505569	78.613335	78.582245	78.620621	78.647354	78.641342	78.741852	78.527939	78.629219	78.38797	78.454109	78.499603	78.498589	78.630524	78.559158	78.640427	78.621994	78.588234	78.668045	78.52578	78.480804	78.243866	78.289948	78.215118	78.121811	78.543327	78.351212	78.511261	78.544243	78.511917	78.224266	78.696892	78.564987	78.684807	78.341354	78.58725	78.020706	78.23304	78.506409	78.452927	78.573761	78.337784	78.360977	78.627975	78.332558	78.360489	78.344482	78.696655	78.391556	78.623749	78.414993	78.965103	0.0	0.0
77.758476	77.635887	77.617744	77.577332	77.617523	77.535072	79.534454	79.681671	79.840515	79.891579	79.669128	79.73233	79.610641	80.17173	100.0	82.874001	82.721283	78.092461	78.070641	77.743752	78.054749	77.720749	78.029434	77.994873	77.863831	77.911301	78.27478	78.069511	77.909004	77.890465	77.93795	77.893349	77.783432	78.062225	77.785995	77.837036	77.637787	77.539345	77.748428	77.657837	77.727623	77.651207	77.688553	77.686668	77.625191	77.710793	77.559723	77.652374	77.707855	77.761322	77.814621	77.522018	77.591583	77.543304	77.788933	77.636993	77.615219	77.540268	77.632271	77.663452	77.533356	77.6437	77.693459	77.525848	77.562897	77.613045	77.661209	77.768852	77.685913	77.550537	77.603195	77.969376	77.744247	77.939903	77.519882	77.627518	77.749573	77.720978	77.703583	77.656448	77.873413	77.683975	77.74559	77.721054	77.556656	77.707153	77.328667	77.461227	77.554367	77.487045	77.692856	77.707413	77.741211	77.680878	77.783958	77.826248	77.889587	77.775177	77.844955	77.669617	77.794769	77.432991	77.828026	77.655403	77.761475	77.71553	77.564972	77.891266	77.78653	77.388588	77.696701	77.617493	77.874161	77.495567	77.883026	77.835693	79.140793	0.0	0.0
78.266129	78.296837	78.340805	78.288635	78.127274	78.169205	80.34758	80.402496	80.588097	80.422058	80.479195	80.554932	80.306061	80.813477	82.874001	100.0	83.252129	78.799759	78.651291	78.278412	78.578094	78.441238	78.602028	78.527	78.471237	78.481438	78.743713	78.566277	78.574173	78.377625	78.50975	78.363564	78.497177	78.665764	78.304108	78.457932	78.023895	77.903938	78.229553	78.23082	78.193741	78.064758	78.001175	78.087952	78.128326	78.21328	78.271751	78.112091	78.197845	78.290733	77.970352	77.993607	78.169441	78.22229	78.358704	78.23703	78.25634	78.291893	78.358429	78.310791	78.199249	78.106743	78.084976	78.06752	77.875595	78.025139	78.142685	78.187256	78.366898	78.080917	78.178101	78.347603	78.192963	78.468277	78.072449	78.089905	78.190109	78.452438	78.217751	78.170639	78.19516	78.25444	78.164108	78.390854	78.125847	78.2061	77.839775	77.888763	77.869354	77.739532	78.386414	77.959435	78.153603	78.083069	78.081535	78.182968	78.449959	78.353394	78.519478	78.081528	78.398598	78.160202	78.230156	78.338013	78.187904	78.275703	78.033165	78.339302	78.398605	77.700325	77.936333	78.2117	78.343964	78.054245	78.182755	78.340073	79.296242	0.0	0.0
77.909889	77.931549	77.887428	77.779572	77.908478	77.848488	79.66188	79.541176	79.928589	79.690063	79.794365	79.73304	79.620697	80.091843	82.721283	83.252129	100.0	78.248856	78.082642	78.016319	77.983475	77.958488	78.202057	77.980087	78.04203	78.085938	78.284653	78.169952	78.142181	78.022308	78.091888	77.926682	78.073639	78.129143	77.958313	77.854782	77.817108	77.641693	77.966736	77.775925	77.747437	77.701187	77.712479	77.700554	77.660645	77.78096	77.816818	77.793335	77.832184	77.810165	77.905106	77.858864	77.856995	77.807953	77.992035	77.769623	77.826172	77.917389	77.939758	77.725632	77.816132	77.877136	77.635109	77.63884	77.803551	77.772842	77.773422	77.803421	77.891235	77.894836	77.79557	77.969681	77.984406	77.939529	77.736908	77.984833	77.812012	77.953972	77.855225	77.801956	77.912598	77.879707	77.914642	77.996796	77.819855	77.895767	77.62854	77.572784	77.587898	77.510628	77.777679	77.773674	77.971268	78.024765	77.778381	77.759338	78.087265	78.04715	78.113121	77.92614	78.07074	77.836411	77.865494	77.714066	77.800278	77.739792	77.647354	77.893753	77.906769	77.679733	77.756866	77.808296	77.945663	77.758148	77.886108	77.972931	78.989838	0.0	0.0
78.363983	82.820847	82.864784	82.602936	82.689911	82.67514	79.218094	79.310585	79.463501	79.446518	79.325821	79.359497	78.976486	79.072441	78.092461	78.799759	78.248856	100.0	83.123505	79.223755	79.908737	79.600464	79.851639	79.623077	79.754181	79.789993	79.813988	79.744583	79.733185	79.671692	79.880074	79.481369	80.698181	80.01445	80.045158	79.617683	79.979462	80.177834	82.828156	82.517578	82.604553	82.739868	82.638229	82.866287	82.656815	82.821976	82.75444	82.654259	82.717743	82.674896	82.619553	82.547844	82.659248	82.732147	82.917709	82.577293	82.793991	82.902527	82.835823	82.697418	82.606079	82.455261	82.406509	82.341614	81.995346	82.533112	82.669281	82.490372	82.782051	82.629616	82.760391	78.31646	81.030762	81.242302	80.410904	80.951782	80.703018	80.790421	81.037079	80.975098	80.913483	81.024826	80.684357	80.877426	80.848953	80.77002	82.648094	82.086929	82.756012	82.6073	82.590561	81.549011	81.631325	81.501869	81.553146	81.58374	82.023964	81.973167	82.005142	80.056679	79.763138	78.95813	79.020721	79.381195	79.519501	79.900597	79.63205	79.730942	79.605736	79.541161	79.34491	79.301117	79.799484	79.462807	79.494675	78.740623	77.984253	0.0	0.0
78.007675	82.167221	82.094391	81.792572	81.945747	81.785522	79.107925	79.162567	79.357407	79.231415	79.106232	79.239159	78.750153	78.760742	78.070641	78.651291	78.082642	83.123505	100.0	79.181175	79.76326	79.480347	79.833008	79.873947	79.564011	79.67627	79.66777	79.245079	79.749359	79.453949	79.541298	79.360847	80.3703	79.710052	79.76268	79.621307	79.74086	79.855316	81.898163	81.728851	81.773041	81.892159	81.841537	81.988586	81.846115	81.862213	81.813232	81.845169	81.827026	81.74987	81.892601	81.766792	81.767319	81.82608	82.071396	81.817184	82.100723	82.052521	81.865685	81.793762	81.747284	81.63942	81.698303	81.446014	81.309799	81.621689	81.754944	81.688461	82.03006	81.910477	81.832291	78.543701	80.513397	80.80127	80.003433	80.391953	80.210342	80.291885	80.600807	80.484566	80.378754	80.690948	80.183914	80.370415	80.268738	80.223709	81.038376	80.707718	81.067818	81.024826	81.488419	82.214233	82.089005	81.938309	81.919495	81.861031	83.597267	83.069641	83.010635	79.699738	79.668243	78.915649	78.955513	79.246803	79.422569	79.587357	79.479012	79.391724	79.689133	79.580307	79.452354	79.424133	79.717041	79.215836	79.242386	78.720451	77.947617	0.0	0.0
78.153618	79.034271	79.091187	78.820511	79.034058	78.895996	78.557632	78.768204	78.694176	78.723984	78.814209	78.6745	78.388016	78.639771	77.743752	78.278412	78.016319	79.223755	79.181175	100.0	82.62709	82.18605	82.878761	82.35215	82.552643	82.58461	79.978592	80.996086	81.208511	79.672226	79.895905	78.854965	79.396515	80.020828	79.124939	78.914581	78.476257	78.321442	78.978485	78.937119	78.931885	79.002556	78.936813	78.965134	78.941429	78.896576	78.960007	79.018066	78.870255	78.857071	78.877342	78.78421	79.13681	78.895264	79.005257	79.031998	79.04364	79.112427	78.894547	78.819382	78.810837	78.764282	78.754242	78.643005	78.555832	78.81073	78.961441	78.902443	78.946518	78.975311	78.879311	78.27034	78.785599	78.870842	78.477791	78.69014	78.547485	78.913803	78.711754	78.871902	78.744301	78.803986	78.811874	78.746941	78.754456	78.844254	78.486542	78.271896	78.606766	78.429581	78.793137	78.524902	78.580963	78.635635	78.471222	78.424026	78.889984	78.953903	78.801773	78.54483	82.439125	78.37738	78.411278	78.790733	78.77462	78.925156	78.835236	78.893005	79.794205	78.763489	78.846832	78.952759	78.903336	78.715706	79.706398	79.105301	77.794586	0.0	0.0
78.41571	79.671677	79.712906	79.43174	79.535873	79.586578	79.03437	79.124008	79.242249	79.307312	79.129517	79.11277	78.866333	78.742783	78.054749	78.578094	77.983475	79.908737	79.76326	82.62709	100.0	83.396721	84.411743	83.868248	83.940376	83.945526	80.656021	81.614365	82.005661	80.187088	80.499481	79.250259	79.973587	80.364639	79.552658	79.249893	78.898453	78.650772	79.611786	79.46846	79.432518	79.453857	79.435081	79.47612	79.53019	79.51001	79.472351	79.412514	79.545593	79.536423	79.450424	79.349739	79.658096	79.621979	79.70459	79.293411	79.494781	79.575394	79.475204	79.466934	79.397141	79.263924	79.341171	79.254425	79.169907	79.192009	79.319397	79.40062	79.522072	79.597527	79.612175	78.409149	79.095001	79.396294	78.79567	79.042168	78.884827	79.121033	79.053818	79.121651	78.987976	79.136215	78.965668	79.156036	79.145187	79.057022	78.761208	78.659775	78.954887	78.825348	79.156219	78.792877	78.864487	78.916023	78.93824	78.788261	79.269371	79.030357	79.070114	78.983154	83.973305	78.782257	78.789925	78.979271	78.964035	79.52301	79.346909	79.292793	80.320557	79.325813	79.088425	78.955353	79.257019	79.001892	80.30925	79.323288	77.876663	0.0	0.0
78.530716	79.291252	79.355331	79.076828	79.245026	79.128654	78.810951	78.815216	78.939377	78.888947	78.867157	78.87925	78.649536	78.697151	77.720749	78.441238	77.958488	79.600464	79.480347	82.18605	83.396721	100.0	85.994492	84.977638	85.041771	85.092216	79.981857	81.230118	81.505173	79.863319	80.176468	78.991776	79.634323	79.731186	79.298416	78.934883	78.72184	78.502167	79.104401	79.117615	78.990433	79.13623	79.120399	79.316071	79.210938	79.297272	79.256912	79.242767	79.192139	79.314407	79.068031	79.083588	79.282295	79.164642	79.333092	79.153397	79.343903	79.486565	79.119171	79.12664	79.250221	79.183922	79.078598	78.913071	78.997643	79.262383	79.18985	79.201416	79.420326	79.227859	79.181274	78.606354	78.976257	79.104675	78.729996	78.874802	78.952423	78.964554	78.993591	78.964882	79.154594	79.120872	79.023605	79.119644	79.086258	79.028931	78.756348	78.701157	78.7062	78.566437	78.89711	78.842506	78.919052	78.811798	78.888184	78.780403	79.084137	78.954483	79.057846	78.738861	87.721222	78.513618	78.665314	78.733383	78.976059	79.329048	79.066391	79.207169	79.990311	79.068069	79.083084	79.056015	79.174515	79.08371	79.930473	79.112671	77.875504	0.0	0.0
78.711334	79.427734	79.491806	79.255646	79.263306	79.319733	78.921799	79.00148	79.124992	79.105392	79.059151	79.009399	78.710068	78.93689	78.029434	78.602028	78.202057	79.851639	79.833008	82.878761	84.411743	85.994492	100.0	86.732132	87.316254	87.206772	80.272514	81.499352	82.069122	80.140007	80.374756	79.116669	79.703407	80.714798	79.398605	79.268967	78.713707	78.620438	79.486092	79.239212	79.179749	79.176605	79.210068	79.330078	79.188263	79.255135	79.252274	79.243423	79.301216	79.265884	79.249084	79.277031	79.333488	79.363663	79.435905	79.150452	79.330269	79.406181	79.231079	79.267105	79.308517	79.118637	79.268265	79.075119	79.033768	79.302658	79.328888	79.250748	79.468132	79.258331	79.299728	79.063644	78.979355	79.222572	78.689262	79.037231	79.022141	78.96447	79.26297	79.16275	79.051514	79.169083	79.047806	79.252151	78.986031	78.970535	78.784882	78.57959	79.071922	78.861404	79.106689	79.045189	78.996017	79.079041	78.84996	78.845261	79.286118	79.149467	79.382324	78.782898	87.271408	78.623199	78.861877	79.077011	79.184982	79.303452	79.158806	79.30172	80.564209	79.25853	79.478012	79.417274	79.236938	78.994965	80.176407	79.053085	77.71479	0.0	0.0
78.690552	79.318176	79.395676	79.253967	79.401001	79.478989	78.950378	79.174896	79.146553	79.061806	79.034073	79.380676	78.859665	78.870544	77.994873	78.527	77.980087	79.623077	79.873947	82.35215	83.868248	84.977638	86.732132	100.0	91.369171	91.745842	80.241379	81.311691	81.830154	80.14621	80.435135	79.008926	79.728165	80.356659	79.281242	79.25148	78.770386	78.601135	79.372574	79.214157	79.193558	79.37262	79.311554	79.436707	79.277184	79.341255	79.429092	79.341019	79.326355	79.379288	79.143959	79.338982	79.481339	79.436554	79.459251	79.182526	79.388718	79.53862	79.330154	79.230965	79.383698	79.36377	79.335106	79.174789	79.082596	79.113892	79.300781	79.197754	79.385376	79.407074	79.29335	78.911316	78.961487	79.083748	78.7491	79.094803	79.077309	79.195724	79.081665	79.136597	79.108757	79.17382	79.077698	79.166191	79.06192	79.070251	78.795258	78.704346	78.808853	78.689438	79.103455	78.931305	78.871033	79.081223	78.974091	78.922325	79.217178	79.052338	79.194382	78.812164	85.986153	78.867157	78.807419	79.178101	79.11763	79.249359	78.886002	79.101425	80.651176	79.206696	79.415695	79.350784	79.510895	78.943878	80.12796	79.381668	77.825638	0.0	0.0
78.43837	79.441254	79.355171	79.204613	79.417625	79.294586	78.750481	78.888489	78.94413	79.039688	78.850136	78.838173	78.771332	78.846977	77.863831	78.471237	78.04203	79.754181	79.564011	82.552643	83.940376	85.041771	87.316254	91.369171	100.0	93.165924	80.258545	81.291267	81.570251	80.068619	80.265137	78.924553	79.525375	80.1707	79.125443	79.186127	78.654884	78.487518	79.372406	79.256676	79.249435	79.185715	79.272301	79.267731	79.236176	79.243752	79.322617	79.231415	79.231247	79.269577	79.216606	79.294212	79.283051	79.298203	79.383865	79.16687	79.424271	79.437088	79.29245	79.218987	79.311722	79.094963	79.270439	78.97406	78.926468	79.171288	79.133392	79.154678	79.271889	79.232948	79.092278	78.400452	78.987701	79.043335	78.711868	78.862198	78.891838	78.97403	79.031555	78.93222	78.990944	79.05616	79.017532	79.010811	78.946152	78.834595	78.675247	78.363144	78.708717	78.614288	79.128021	78.964142	78.938492	78.805862	78.816681	78.824539	79.205299	79.041725	79.096008	78.573364	86.346069	78.614822	78.623932	78.702454	78.820648	79.292809	78.944855	79.169914	80.232521	78.989449	79.125153	78.883415	79.158218	78.846466	79.949173	79.037674	78.055084	0.0	0.0
78.420242	79.408981	79.403793	79.3526	79.380585	79.25058	78.924973	78.991119	79.219757	79.028381	78.993469	79.050247	78.876366	78.838501	77.911301	78.481438	78.085938	79.789993	79.67627	82.58461	83.945526	85.092216	87.206772	91.745842	93.165924	100.0	80.298363	81.252747	81.711693	80.221283	80.403305	79.010155	79.687668	80.299026	79.18544	79.272682	78.666069	78.482803	79.4375	79.424072	79.351852	79.345268	79.289032	79.350388	79.365944	79.284561	79.423508	79.267464	79.334686	79.353302	79.273476	79.297104	79.224731	79.298401	79.3983	79.213943	79.366882	79.423111	79.409996	79.202744	79.355614	79.259171	79.143021	79.031174	79.084671	79.273552	79.299362	79.29985	79.310196	79.477951	79.454559	78.475555	79.088554	79.160927	78.836411	79.049622	78.940338	79.116089	79.104172	79.213562	79.091339	79.17453	78.986008	79.043091	78.96196	78.955566	78.915382	78.65181	78.804214	78.710526	79.156891	79.016678	78.967606	78.947861	78.86853	78.888184	79.288223	79.116043	79.248901	78.644943	86.234612	78.47477	78.702393	78.79393	78.950302	79.308182	79.054306	79.208939	80.182686	79.221405	79.22084	79.009613	79.317612	78.961075	80.130722	79.301636	78.130798	0.0	0.0
78.435638	79.914398	79.955002	79.615501	79.686165	79.725487	79.00116	79.176147	79.244476	79.161011	79.133095	79.207947	78.905045	78.677155	78.27478	78.743713	78.284653	79.813988	79.66777	79.978592	80.656021	79.981857	80.272514	80.241379	80.258545	80.298363	100.0	80.832108	81.483826	80.15802	80.597748	79.391464	80.29435	79.974533	79.629791	79.085052	79.387535	78.777924	79.726051	79.583824	79.596939	79.670395	79.630875	79.736221	79.722214	79.621414	79.654022	79.676727	79.673798	79.684692	79.942154	79.504097	79.742966	79.747345	79.854782	79.703613	79.900543	79.914413	79.69899	79.763657	79.736618	79.558357	79.679001	79.397202	79.254753	79.495491	79.486565	79.52829	79.856674	79.832901	79.879478	78.292511	79.438377	79.572418	78.961258	79.324371	79.111069	79.305222	79.187347	79.278412	79.298111	79.337029	79.216393	79.134888	79.297241	79.206497	78.96685	78.566666	78.934341	78.75634	79.26825	78.813591	78.760742	78.762978	78.644653	78.848862	79.191292	79.039337	79.167175	79.455673	80.522583	78.773254	79.02887	79.470428	79.371231	79.59491	79.459366	79.648544	80.439362	79.227829	79.210808	78.956596	79.686615	79.289635	80.512703	79.816193	77.701241	0.0	0.0
78.494354	79.434158	79.36171	79.222687	79.149231	79.229935	79.065018	79.094269	79.09758	79.287766	79.128357	79.001152	78.845612	78.831429	78.069511	78.566277	78.169952	79.744583	79.245079	80.996086	81.614365	81.230118	81.499352	81.311691	81.291267	81.252747	80.832108	100.0	87.377411	80.19455	80.332245	79.248428	79.818611	79.518509	79.414536	79.028633	78.8647	78.646469	79.306412	79.175766	79.110596	79.196716	79.250954	79.118851	79.172379	79.237083	79.335526	79.257843	79.190559	79.228004	79.259041	79.233185	79.41066	79.375534	79.379395	79.274155	79.431961	79.404373	79.42804	79.320541	79.320885	79.152725	79.199936	79.212296	79.043976	79.16069	79.233322	79.221786	79.464417	79.270065	79.34343	78.40535	79.236786	79.33596	78.781631	79.022423	78.922668	79.062531	79.099274	78.926208	78.845741	79.148659	78.911484	79.169586	78.879227	78.89151	78.724197	78.594223	78.673553	78.534882	79.082275	78.773048	78.816925	78.793213	78.704765	78.748718	79.101913	79.101006	79.206482	78.828773	81.474411	78.636078	78.713928	78.929825	79.068985	79.400261	79.344017	79.495651	80.338745	79.236801	79.019608	79.106781	79.05481	78.827995	80.049896	79.385406	77.937057	0.0	0.0
78.456322	79.518097	79.49762	79.275497	79.452148	79.455513	79.105026	79.187912	79.193542	79.272331	79.081116	79.198616	78.813026	78.497337	77.909004	78.574173	78.142181	79.733185	79.749359	81.208511	82.005661	81.505173	82.069122	81.830154	81.570251	81.711693	81.483826	87.377411	100.0	80.279114	80.479279	79.238541	79.812897	80.06308	79.194946	79.022171	78.931038	78.54866	79.402618	79.287971	79.27626	79.437813	79.352142	79.453842	79.507782	79.475861	79.405991	79.450439	79.430672	79.432388	79.361916	79.310135	79.385048	79.480431	79.48851	79.250687	79.464661	79.510498	79.290596	79.411774	79.300407	79.267334	79.227386	78.98188	79.068832	79.162628	79.301987	79.240204	79.47554	79.398331	79.498947	79.018677	79.214424	79.3825	78.847237	79.198685	79.073792	79.052414	79.171303	79.018234	79.030746	79.10981	78.981819	79.052917	79.010406	78.908783	78.736115	78.503891	78.827553	78.582932	79.246063	78.901566	78.909058	78.924927	78.919716	78.751503	79.12088	79.132492	79.114967	78.929871	82.028961	78.748863	78.802032	79.199051	79.060188	79.572418	79.167824	79.481285	80.894363	79.091415	79.25042	79.415291	79.125732	78.96727	80.144135	79.506912	77.999352	0.0	0.0
78.557121	79.25209	79.312027	79.266335	79.295975	79.214729	78.986664	79.050591	79.071075	79.194283	78.879761	79.040268	78.862869	78.796982	77.890465	78.377625	78.022308	79.671692	79.453949	79.672226	80.187088	79.863319	80.140007	80.14621	80.068619	80.221283	80.15802	80.19455	80.279114	100.0	92.114929	78.790115	79.770462	79.640427	79.332397	79.057175	78.610596	78.485474	79.223434	79.20752	79.293434	79.144188	79.362411	79.222244	79.292053	79.245239	79.194992	79.148636	79.146233	79.295021	79.07225	79.227859	79.443268	79.252388	79.361526	79.153824	79.271759	79.338455	79.227493	79.217773	79.297272	79.117073	79.162201	79.188263	79.05899	79.220352	79.340134	79.282806	79.263092	79.392441	79.221931	78.490097	79.142746	79.299545	78.852234	79.09082	78.993942	79.079819	79.101532	79.140427	79.252869	79.057205	78.905685	79.184418	79.074127	78.979637	78.776169	78.507339	78.815842	78.612366	79.304138	78.938622	78.837669	78.901939	78.826584	79.043381	79.118637	79.123001	79.114014	78.567719	80.032585	78.386093	78.587616	78.827873	78.90461	79.142738	78.963913	79.013596	87.009636	79.253502	79.24025	78.929153	79.381912	79.120552	79.65715	78.860184	77.995506	0.0	0.0
78.378311	79.370087	79.488815	79.424469	79.648384	79.59037	79.413284	78.943314	79.532936	79.245399	79.073883	79.170807	78.800674	78.9561	77.93795	78.50975	78.091888	79.880074	79.541298	79.895905	80.499481	80.176468	80.374756	80.435135	80.265137	80.403305	80.597748	80.332245	80.479279	92.114929	100.0	78.896561	80.057999	79.670395	79.594582	79.238228	78.60791	78.535812	79.468613	79.491547	79.422989	79.323761	79.460983	79.520523	79.383148	79.4534	79.514984	79.536499	79.434731	79.312355	79.340164	79.345581	79.583138	79.509758	79.488487	79.285065	79.426811	79.403603	79.495117	79.439209	79.474014	79.432739	79.396706	79.184738	79.155403	79.312141	79.385956	79.341385	79.448463	79.486099	79.421089	78.551758	79.220741	79.391411	78.95874	79.18013	79.159439	79.153732	79.269852	79.080704	79.332703	79.384964	79.175514	79.306801	79.219482	79.025688	78.924454	78.575813	78.884277	78.638832	79.266251	78.933487	78.997139	79.048248	79.031403	79.032837	79.363556	79.244965	79.331024	78.629326	80.138718	78.5382	78.710449	79.078735	78.976822	79.305153	79.01712	79.205002	87.483246	79.310219	79.332748	79.125671	79.433884	79.125488	79.862862	79.03228	77.999817	0.0	0.0
77.629623	79.382523	79.419662	79.139496	79.132202	79.033058	78.552399	78.735497	78.796623	78.722733	78.63118	78.700371	78.454346	78.42424	77.893349	78.363564	77.926682	79.481369	79.360847	78.854965	79.250259	78.991776	79.116669	79.008926	78.924553	79.010155	79.391464	79.248428	79.238541	78.790115	78.896561	100.0	79.56601	78.719566	78.789902	78.380768	78.546188	78.438843	79.433197	79.1362	79.340073	79.171654	79.211876	79.366669	79.18586	79.357681	79.233307	79.418465	79.234283	79.216034	79.244034	78.966263	79.237747	78.987495	79.321121	79.352051	79.425865	79.48381	79.322632	79.252525	79.072372	78.996246	79.312973	78.844475	79.122345	79.126022	79.115341	79.31337	79.159836	79.15126	79.24749	77.936111	79.057098	78.994492	78.636414	78.79068	78.843674	78.976257	78.878098	78.9133	79.057655	78.89389	78.861069	79.031784	78.852112	78.812012	78.594711	78.530838	78.790771	78.520645	78.889847	78.584137	78.589211	78.638649	78.590988	79.021072	78.973862	78.881805	78.73069	78.624588	79.015198	79.414764	79.292534	79.564392	79.801025	83.059631	82.959274	87.047417	78.725128	79.178802	78.447083	78.385117	78.744553	78.367989	78.707619	78.449615	77.726494	0.0	0.0
78.34967	80.787689	80.800858	80.474426	80.519936	80.445145	79.219711	79.465736	79.685577	79.472137	79.371994	79.472397	79.147888	78.937912	77.783432	78.497177	78.073639	80.698181	80.3703	79.396515	79.973587	79.634323	79.703407	79.728165	79.525375	79.687668	80.29435	79.818611	79.812897	79.770462	80.057999	79.56601	100.0	80.224663	80.304016	79.699524	79.435211	79.279686	80.700638	80.483574	80.467453	80.557693	80.58165	80.602234	80.55761	80.503426	80.512589	80.443924	80.55278	80.447571	80.329315	80.378021	80.584435	80.398933	80.817749	80.405029	80.585251	80.638824	80.613342	80.46138	80.428909	80.263939	80.303436	80.214203	80.139069	80.306778	80.385452	80.484268	80.681915	80.646729	80.736092	78.321037	79.974106	80.15358	79.689995	80.098434	80.016953	79.925674	80.033691	79.951065	80.070694	80.095734	79.948654	80.006096	79.880997	79.794952	79.487091	79.33876	79.585114	79.400833	80.138367	79.448608	79.421829	79.50827	79.496201	79.392136	79.814865	79.634941	79.645447	79.4552	79.655281	79.022461	79.194412	79.344727	79.603653	80.052322	80.002472	79.884201	79.912743	80.009392	79.754997	79.207657	79.935959	79.806755	79.599854	78.904831	78.184578	0.0	0.0
