858423.18	1325090.8	1855319.3	1325112.3	1325095.3	2911011.5	83627.3	858423.19	2876780.6	1355477.98	1038867.3	2782624.3	2782630.3	376.36	2782611.3	754500.3	1355477.87	375.222	375.239	1404864.3	244734.18	241591.3	2782666.3	2926009.3	2782664.3	2599805.3	1404768.8	1179474.4	1325115.7	709803.3	2035447.3	2170627.4	574934.3	1300039.5	574727.4	2782634.3	993502.5	1404888.3	1390119.4	167468.3	1325102.3	2597515.4	1803665.3	1399419.3	2057741.8	1197460.4	29448.142	2817704.3	2913970.3	630921.8	1325120.3	1437360.5	1904807.3	376.104	1619232.5	83637.3	1325100.3	1521768.3	2904800.6	288000.8	2734909.5	114615.4	115808.6	2898149.3	1245469.3	189873.4	1274631.4	2782658.3	858422.3	190148.11	722472.8	1437360.9	931866.3	722472.6	2840473.3	1437360.11	113395.3	1437360.8	255045.4
100.0	84.820557	84.911415	85.045731	84.929672	84.880402	85.513611	85.135872	85.236511	85.214752	85.14119	85.388321	85.000298	85.188812	85.064941	85.122406	85.978516	85.77681	85.736893	85.441895	85.697556	85.318542	85.592949	85.661514	85.273575	85.564064	85.421638	85.44883	85.296265	85.439888	85.540695	85.419067	85.447121	85.42189	85.501648	85.167572	85.323296	85.491364	85.610046	85.240692	85.285065	85.524277	85.618484	85.590263	82.537163	82.658813	82.738571	82.668961	82.751602	82.712685	82.679871	82.673958	82.684425	82.717178	82.372696	82.856728	82.921097	79.631271	79.465012	81.417328	81.603149	81.672371	81.63176	81.590462	81.550903	81.580826	81.650635	81.767029	81.698746	82.053741	82.009888	81.724503	82.021706	81.062302	81.940567	81.523254	81.578171	80.45752	80.49884
84.820557	100.0	91.766029	90.899445	90.221878	90.017433	87.795082	88.757339	88.515106	88.580589	88.528534	86.892395	86.705719	86.807999	86.681549	86.721359	87.654671	87.430801	87.397507	87.18541	87.492554	87.335739	87.19487	87.383316	86.804993	87.511551	87.288078	87.207764	89.257332	87.463013	87.619614	87.607681	87.354706	87.249283	87.19297	86.710121	86.854118	87.164886	87.284973	87.052765	86.926468	87.583618	87.744568	87.364838	82.591042	82.566376	82.566299	82.603729	82.743011	82.529648	82.609451	82.552231	82.720749	82.815979	82.206955	82.943077	82.785583	79.666168	79.452721	81.42569	81.648109	81.708435	81.786957	81.504471	81.682236	81.43734	81.321533	81.439316	81.443237	81.706741	81.495743	81.488968	81.784515	80.854652	81.593124	81.387848	81.405746	80.269234	80.325294
84.911415	91.766029	100.0	88.954605	88.31781	88.258087	87.583801	88.59021	88.336288	88.521362	88.477173	86.735603	86.411827	86.645699	86.434563	86.591316	87.328003	87.085815	87.208908	86.983658	87.269638	87.215775	87.096436	87.175186	86.550308	87.011261	87.117256	87.131645	86.953514	87.243652	87.229576	87.125839	87.161285	87.034538	87.008514	86.434875	86.575195	86.83255	86.910706	87.020676	86.921326	87.575226	87.450836	87.020737	82.44104	82.421585	82.464844	82.511002	82.575119	82.426445	82.448906	82.3302	82.539856	82.497314	82.020981	82.797478	82.583939	79.568916	79.334587	81.254593	81.427032	81.493011	81.545776	81.287537	81.408386	81.134987	81.133438	81.231972	81.21962	81.489525	81.40403	81.294502	81.534828	80.681915	81.393433	81.046021	81.158157	80.131317	80.300049
85.045731	90.899445	88.954605	100.0	91.125046	91.038376	88.155235	89.246033	88.881668	89.004181	88.897324	87.163101	86.836319	87.021683	86.896454	86.944565	87.925583	87.690659	87.709686	87.433594	87.758904	87.697418	87.485397	87.519699	86.982727	87.567841	87.506096	87.442688	89.412239	87.644218	87.683853	87.44252	87.487839	87.438705	87.354172	86.890091	87.04454	87.334656	87.480682	87.147018	87.160042	87.856567	87.936584	87.71447	82.818771	82.625793	82.673332	82.806839	82.914871	82.621277	82.819946	82.660797	82.821907	82.878487	82.41935	83.013947	82.969116	79.962585	79.450272	81.500381	81.690712	81.826752	81.845139	81.594994	81.765244	81.436829	81.434265	81.560257	81.542259	81.80481	81.527802	81.548218	81.873611	80.904205	81.7052	81.328812	81.571075	80.375748	80.347137
84.929672	90.221878	88.31781	91.125046	100.0	93.130142	88.09819	89.669952	89.057037	89.014992	88.914337	87.016724	86.743027	87.030663	86.762924	86.872009	87.737289	87.638519	87.638123	87.404465	87.636093	87.633438	87.302521	87.523392	86.856186	87.356049	87.304413	87.342957	89.257233	87.379883	87.462746	87.222733	87.362099	87.230927	87.138916	86.567505	86.792007	87.147758	87.220215	86.869446	86.807724	87.770355	87.84343	87.42894	82.694473	82.623489	82.704178	82.657883	82.920212	82.65477	82.74575	82.590027	82.735382	82.805267	82.330032	82.854828	82.803391	79.708847	79.53019	81.415031	81.778236	81.714638	81.763687	81.543358	81.693726	81.464081	81.374039	81.433006	81.469604	81.783035	81.671661	81.53595	81.821198	80.929199	81.582794	81.353676	81.46228	80.329376	80.492294
84.880402	90.017433	88.258087	91.038376	93.130142	100.0	88.010727	89.536743	89.074028	88.97345	88.854218	86.922089	86.708229	86.88781	86.755226	86.727394	87.69313	87.492126	87.517151	87.319923	87.523636	87.606903	87.219048	87.503784	86.863937	87.26931	87.190826	87.205162	89.043564	87.333778	87.405518	87.165009	87.179962	87.130333	86.987076	86.525894	86.826385	87.086884	87.095673	86.819901	86.700554	87.662506	87.717545	87.32431	82.477287	82.358696	82.528572	82.432381	82.698151	82.458351	82.569229	82.479416	82.550552	82.535355	82.246803	82.733902	82.694527	79.702362	79.33448	81.333496	81.576141	81.633911	81.685722	81.429543	81.657143	81.296051	81.12088	81.315521	81.234848	81.569321	81.427292	81.386208	81.641556	80.759636	81.479935	81.19471	81.280197	80.257225	80.20845
85.513611	87.795082	87.583801	88.155235	88.09819	88.010727	100.0	88.443222	88.786781	88.729156	88.781952	87.782547	87.578094	87.705826	87.706955	87.721069	88.782013	88.404442	88.417725	88.061859	88.196724	88.332123	88.138206	88.34037	87.390366	88.0438	87.775223	87.732407	87.607582	87.822334	87.843437	87.534065	87.727097	87.795448	87.765495	87.464325	87.435852	87.6744	87.733315	87.507919	87.656647	88.137024	88.274719	88.105255	82.844604	82.836792	82.954224	82.99585	82.995789	82.823517	82.950104	82.849579	83.038055	83.0327	82.59964	83.144714	83.187645	79.845474	79.563416	81.580307	81.802567	81.868546	81.979935	81.788925	81.928467	81.722305	81.7659	81.692665	81.69413	82.050865	81.811592	81.764465	82.026505	81.265472	81.814484	81.623413	81.664993	80.474075	80.58493
85.135872	88.757339	88.59021	89.246033	89.669952	89.536743	88.443222	100.0	89.339699	89.372513	89.352722	87.285065	86.94841	87.312958	87.074051	87.17215	88.491837	88.259369	88.487656	87.725143	88.03363	87.967484	87.647652	87.776596	87.057938	88.141014	87.672951	87.593292	87.367813	87.694046	87.744324	87.464493	87.568329	87.49437	87.2827	86.885811	87.616524	87.556374	87.323227	86.959366	87.129654	87.982857	88.11821	87.716949	82.837791	82.676743	82.834984	82.775223	82.960388	82.699112	82.817627	82.766167	82.82312	82.946777	82.528732	83.023125	82.968338	79.937531	79.710289	81.36171	81.697708	81.818573	81.877655	81.630157	81.709137	81.544632	81.497131	81.574615	81.535378	81.84185	81.619469	81.600601	81.931702	80.852783	81.770355	81.443314	81.552536	80.436272	80.54747
85.236511	88.515106	88.336288	88.881668	89.057037	89.074028	88.786781	89.339699	100.0	91.302353	90.967079	87.637207	87.37886	87.608185	87.397865	87.442245	88.302376	88.240631	88.333817	88.007538	88.290237	88.422989	87.963409	88.117554	87.278694	87.805969	87.762238	87.681656	87.3806	87.638062	87.683365	87.445953	87.561531	87.50351	87.445267	87.023613	87.165253	87.46521	87.355789	87.171761	87.229507	88.100006	88.073158	87.68428	82.762291	82.710114	82.810646	82.786499	82.943329	82.750366	82.818886	82.664963	82.797089	82.878265	82.50724	83.07312	82.936737	79.917213	79.595688	81.448517	81.822311	81.880722	81.791862	81.660202	81.730286	81.526924	81.514526	81.579224	81.523521	81.925217	81.616035	81.63063	81.882431	80.939934	81.701546	81.428421	81.37439	80.452957	80.384323
85.214752	88.580589	88.521362	89.004181	89.014992	88.97345	88.729156	89.372513	91.302353	100.0	92.490479	87.658966	87.277405	87.659637	87.494019	87.53862	88.368454	88.335838	88.353615	87.961555	88.216278	88.301735	88.003998	88.216187	87.359894	87.869644	87.821632	87.783821	87.372696	87.655556	87.763725	87.534927	87.641434	87.602928	87.618576	87.07132	87.191193	87.558006	87.432526	87.212067	87.16394	88.008392	88.160797	87.716576	82.674744	82.703941	82.735794	82.751358	82.997162	82.668991	82.804642	82.739891	82.764313	82.820015	82.472229	83.018463	82.95108	79.760757	79.413177	81.312805	81.61161	81.763176	81.752464	81.492355	81.663269	81.465652	81.465881	81.566391	81.554947	81.740875	81.733749	81.65799	81.844437	80.91658	81.688217	81.343575	81.416702	80.358185	80.415558
85.14119	88.528534	88.477173	88.897324	88.914337	88.854218	88.781952	89.352722	90.967079	92.490479	100.0	87.697708	87.421158	87.613953	87.34967	87.469742	88.232521	88.198387	88.231514	87.875412	88.152603	88.281578	88.169846	88.203049	87.438797	87.833443	87.68808	87.65802	87.29071	87.668457	87.756012	87.414871	87.563446	87.48494	87.486816	87.064316	87.070251	87.514984	87.369446	87.149719	87.162979	87.993469	88.015404	87.594368	82.52623	82.519424	82.679367	82.659348	82.881378	82.612747	82.772453	82.626862	82.711945	82.761536	82.272522	82.945435	82.825119	79.683456	79.324371	81.34581	81.634155	81.664932	81.708794	81.507988	81.669678	81.413757	81.386658	81.497375	81.454788	81.695145	81.582253	81.539185	81.772141	80.871841	81.702454	81.472473	81.262497	80.235245	80.310715
85.388321	86.892395	86.735603	87.163101	87.016724	86.922089	87.782547	87.285065	87.637207	87.658966	87.697708	100.0	92.266205	92.374161	92.389114	92.434921	89.196167	89.088058	89.081421	88.546539	88.74173	88.597656	90.783127	89.895935	88.663162	88.781967	88.40657	88.400932	88.106773	88.259811	88.337219	88.096451	88.238144	88.401192	88.415115	88.074036	87.901909	88.192963	87.986275	87.83992	88.016647	88.354546	88.412918	88.197784	82.621918	82.683472	82.616745	82.777802	82.867142	82.690552	82.778275	82.597137	82.768738	82.768463	82.377678	82.906403	82.956207	79.773041	79.558067	81.438812	81.614029	81.699142	81.815125	81.482422	81.700439	81.635399	81.499741	81.598984	81.698151	81.934479	81.73204	81.65538	82.009071	80.930786	81.749146	81.406418	81.456451	80.209381	80.404335
85.000298	86.705719	86.411827	86.836319	86.743027	86.708229	87.578094	86.94841	87.37886	87.277405	87.421158	92.266205	100.0	94.279213	94.537186	94.045578	88.693466	88.433533	88.556686	88.290642	88.473389	88.398491	90.405991	89.663017	88.17009	88.201355	88.166237	88.246475	87.739792	88.031052	88.084114	87.761658	88.034348	88.024994	87.849075	87.830475	87.457306	87.902092	87.534958	87.416504	87.613525	87.879745	88.142044	87.82222	82.405762	82.495911	82.616318	82.659897	82.73452	82.547714	82.526596	82.556854	82.583725	82.690994	82.258072	82.869965	82.796509	79.674423	79.480423	81.354439	81.566681	81.614883	81.705429	81.525589	81.632889	81.48558	81.418762	82.080521	81.535789	81.753586	81.652718	81.569565	81.894012	80.944023	81.731262	81.496254	81.336517	80.229385	80.466934
85.188812	86.807999	86.645699	87.021683	87.030663	86.88781	87.705826	87.312958	87.608185	87.659637	87.613953	92.374161	94.279213	100.0	94.206703	94.573051	89.0625	88.728455	88.838348	88.409622	88.641609	88.627068	90.604057	89.899284	88.246597	88.595551	88.407822	88.46138	87.969223	88.222168	88.224075	88.03009	88.212341	88.13002	88.188751	87.815491	87.704773	88.043625	87.90007	87.730499	87.92382	88.121231	88.341385	88.074707	82.58194	82.617126	82.669022	82.655983	82.765686	82.6091	82.649681	82.71376	82.748566	82.715553	82.372185	82.911835	82.863235	79.769211	79.470184	81.498093	81.662788	81.630035	81.766533	81.602127	81.747223	81.494583	81.441292	81.466888	81.613998	81.777039	81.638718	81.669495	81.946152	80.908218	81.721436	81.455299	81.357353	80.32547	80.435089
85.064941	86.681549	86.434563	86.896454	86.762924	86.755226	87.706955	87.074051	87.397865	87.494019	87.34967	92.389114	94.537186	94.206703	100.0	94.742676	88.898087	88.652924	88.732193	88.417892	88.678009	88.638687	90.756317	89.858398	88.21888	88.410271	88.234879	88.319351	87.78656	88.134659	88.182266	87.827805	88.124283	88.020493	88.029495	87.875298	87.620224	88.019211	87.693527	87.409683	87.687744	88.082642	88.324394	87.980682	82.590096	82.554703	82.58123	82.731964	82.839958	82.560944	82.66095	82.667587	82.655853	82.762222	82.375237	82.870255	82.825638	79.696716	79.505402	81.476318	81.678513	81.592247	81.742966	81.5522	81.620964	81.422234	81.373428	82.16748	81.587723	81.780647	81.769234	81.611542	81.939713	80.900009	81.832153	81.485657	81.314949	80.24099	80.371597
85.122406	86.721359	86.591316	86.944565	86.872009	86.727394	87.721069	87.17215	87.442245	87.53862	87.469742	92.434921	94.045578	94.573051	94.742676	100.0	88.903717	88.788612	88.784012	88.435089	88.614113	88.62426	90.619705	89.940895	88.266785	88.515747	88.305374	88.453705	87.890244	88.10994	88.180634	87.959694	88.124252	88.145065	88.139427	87.746902	87.695717	88.082001	87.779655	87.625778	87.84404	88.040863	88.36145	88.000748	82.508263	82.647133	82.743042	82.801849	82.872513	82.685204	82.744835	82.636635	82.762421	82.748833	82.398903	83.026024	82.941788	79.733681	79.478653	81.390747	81.656418	81.662582	81.758545	81.634659	81.736923	81.554916	81.494293	81.749924	81.661469	81.894669	81.628525	81.696686	81.962692	80.846527	81.792587	81.472488	81.39431	80.467712	80.352417
85.978516	87.654671	87.328003	87.925583	87.737289	87.69313	88.782013	88.491837	88.302376	88.368454	88.232521	89.196167	88.693466	89.0625	88.898087	88.903717	100.0	90.962013	90.894943	89.258713	89.599129	89.494339	89.507065	89.801041	88.851578	90.653671	89.113327	89.209221	88.831375	89.282684	89.288826	88.873184	89.025078	89.071625	88.968033	88.571228	89.894577	88.932571	88.867447	88.705223	88.763184	89.201088	89.678375	89.733337	83.154739	83.115082	83.297333	83.192123	83.322769	83.099121	83.070892	83.184074	83.277634	83.374298	82.87114	83.386757	83.279739	80.00956	79.759674	81.808876	82.186035	82.283203	82.292221	82.03186	82.179016	81.864227	81.739151	81.990196	81.969376	82.226402	82.148117	81.984314	82.2967	81.223938	82.115631	81.850815	81.932968	80.635002	80.559692
85.77681	87.430801	87.085815	87.690659	87.638519	87.492126	88.404442	88.259369	88.240631	88.335838	88.198387	89.088058	88.433533	88.728455	88.652924	88.788612	90.962013	100.0	96.850098	89.245415	89.537392	89.231491	89.371368	89.466743	88.434769	90.255959	88.757324	88.731415	88.318787	88.706543	88.775772	88.454781	88.650269	88.607101	88.441483	88.077194	89.42038	88.552933	88.213287	88.039246	88.108429	89.006844	89.11821	88.674767	82.874054	82.871223	83.043213	83.01062	83.141594	82.929123	82.946609	82.933411	83.097565	83.037201	82.61528	83.082146	83.081245	79.8992	79.816223	81.738976	81.957314	81.944458	82.02739	81.946388	81.939514	81.632492	81.680908	81.807961	81.922104	82.049133	81.81897	81.786423	82.121368	81.083656	82.035027	81.529564	81.71785	80.445663	80.531967
85.736893	87.397507	87.208908	87.709686	87.638123	87.517151	88.417725	88.487656	88.333817	88.353615	88.231514	89.081421	88.556686	88.838348	88.732193	88.784012	90.894943	96.850098	100.0	89.28421	89.615417	89.292366	89.352676	89.429337	88.445618	90.552147	88.827499	88.820755	88.311386	88.760437	88.858261	88.536255	88.696777	88.723373	88.486801	88.118858	89.670876	88.57061	88.255142	88.101578	88.239746	89.124435	89.146973	88.732239	82.909302	82.923294	83.046234	83.049866	83.251343	82.925797	83.004639	83.073715	83.114853	83.109146	82.769402	83.215469	83.212646	79.967766	79.6689	81.763313	82.000351	82.021347	82.095535	81.944595	82.000504	81.680176	81.6586	81.79763	81.816116	82.051636	81.890137	81.744644	82.234604	81.163116	82.033882	81.526917	81.575272	80.507355	80.526855
85.441895	87.18541	86.983658	87.433594	87.404465	87.319923	88.061859	87.725143	88.007538	87.961555	87.875412	88.546539	88.290642	88.409622	88.417892	88.435089	89.258713	89.245415	89.28421	100.0	94.103279	89.001999	88.691269	89.084244	87.975967	88.663849	88.714661	88.771149	88.107986	88.595474	88.573433	88.23951	88.342041	88.339035	88.255951	87.797943	87.888573	88.143616	88.127579	87.908569	88.115898	88.587547	88.721741	88.428169	82.702744	82.756699	82.835388	82.91703	82.98082	82.829803	82.912964	82.871941	82.867676	82.958755	82.568504	83.158783	83.117744	79.862923	79.681686	81.615967	81.914627	82.03537	82.093018	81.783966	81.934494	81.714676	81.617386	81.713638	81.692413	81.968369	81.874146	81.775925	82.126167	81.088501	82.074051	81.59861	81.539642	80.590286	80.445236
85.697556	87.492554	87.269638	87.758904	87.636093	87.523636	88.196724	88.03363	88.290237	88.216278	88.152603	88.74173	88.473389	88.641609	88.678009	88.614113	89.599129	89.537392	89.615417	94.103279	100.0	89.301193	89.040512	89.336426	88.233818	88.883911	88.922592	89.029099	88.379776	88.739929	88.815308	88.431244	88.722893	88.535156	88.531387	87.924866	88.022644	88.430573	88.310974	88.157898	88.420792	89.023849	89.075981	88.745819	83.538193	82.920074	83.013016	83.074661	83.155441	83.038979	83.065414	82.961548	83.105141	83.201286	82.702774	83.279449	83.322029	79.891434	79.638489	81.561905	81.960358	81.994629	82.117004	81.783905	82.041946	81.78717	81.704109	82.033577	81.88356	82.087677	81.888931	81.870956	82.283539	81.168274	82.119476	81.634872	81.672958	80.525696	80.624207
85.318542	87.335739	87.215775	87.697418	87.633438	87.606903	88.332123	87.967484	88.422989	88.301735	88.281578	88.597656	88.398491	88.627068	88.638687	88.62426	89.494339	89.231491	89.292366	89.001999	89.301193	100.0	89.315056	89.138321	87.953857	88.627235	88.496811	88.443207	88.087814	88.444855	88.483551	88.02298	88.31575	88.359604	88.237183	87.725304	87.754082	88.061691	88.03701	87.893112	88.006721	88.923737	89.066238	88.732208	82.637291	82.678627	82.671692	82.721085	82.912964	82.683716	82.764236	82.642242	82.878159	82.80188	82.478813	83.001785	82.929527	79.704926	79.564117	81.428665	81.715729	81.755661	81.888916	81.627243	81.770767	81.564392	81.483383	81.671967	81.59758	81.940216	81.773331	81.785233	81.968491	80.966927	81.746574	81.295105	81.35791	80.311096	80.447525
85.592949	87.19487	87.096436	87.485397	87.302521	87.219048	88.138206	87.647652	87.963409	88.003998	88.169846	90.783127	90.405991	90.604057	90.756317	90.619705	89.507065	89.371368	89.352676	88.691269	89.040512	89.315056	100.0	89.949966	88.431068	89.006424	88.615799	88.672958	88.269386	88.536484	88.486404	88.231369	88.534554	88.578781	88.670502	88.064072	88.06974	88.418724	88.21904	88.123611	88.284561	88.697792	88.703888	88.445152	82.705986	82.774513	82.78035	82.869629	82.935104	82.71183	82.821045	82.693832	82.875732	82.859276	82.571381	83.058403	83.00737	79.759232	79.433022	81.620209	81.71315	81.803909	81.950317	81.695152	81.835144	81.72702	81.649879	81.696266	81.850647	81.993546	81.870621	81.952599	82.156853	81.090103	81.849701	81.484612	81.495331	80.471466	80.505234
85.661514	87.383316	87.175186	87.519699	87.523392	87.503784	88.34037	87.776596	88.117554	88.216187	88.203049	89.895935	89.663017	89.899284	89.858398	89.940895	89.801041	89.466743	89.429337	89.084244	89.336426	89.138321	89.949966	100.0	88.533325	89.097153	88.822548	88.964172	88.492584	88.804222	88.791718	88.547127	88.629105	88.73526	88.769547	88.351334	88.236557	88.59761	88.43869	88.342133	88.43631	88.934174	88.878555	88.702034	82.907394	82.842934	82.940262	82.982513	83.195007	82.976547	83.130661	82.919937	83.085266	83.106232	82.762466	83.219528	83.240402	79.800598	79.623665	81.699463	82.064651	82.018112	82.132385	81.927742	82.010635	81.800835	81.696236	81.957054	81.832275	82.029282	81.908569	81.958603	82.239532	81.143478	82.110901	81.772324	81.705711	80.544861	80.66629
85.273575	86.804993	86.550308	86.982727	86.856186	86.863937	87.390366	87.057938	87.278694	87.359894	87.438797	88.663162	88.17009	88.246597	88.21888	88.266785	88.851578	88.434769	88.445618	87.975967	88.233818	87.953857	88.431068	88.533325	100.0	90.263672	89.62867	89.740479	89.595001	89.676437	89.672943	89.603561	90.467133	90.085709	88.784142	88.361832	88.467438	88.746964	88.590324	88.382675	88.710342	88.269623	88.510338	88.236816	82.584793	82.497932	82.602966	82.650253	82.78183	82.522217	82.692451	82.503662	82.749405	82.638199	82.080338	82.694778	82.84996	79.67804	79.447182	81.536606	81.696243	81.759483	81.811951	81.630829	81.784729	81.521332	81.63549	81.610275	81.630249	81.90477	81.568672	81.582817	81.858574	80.981522	81.642029	81.357697	81.375282	80.3741	80.385284
85.564064	87.511551	87.011261	87.567841	87.356049	87.26931	88.0438	88.141014	87.805969	87.869644	87.833443	88.781967	88.201355	88.595551	88.410271	88.515747	90.653671	90.255959	90.552147	88.663849	88.883911	88.627235	89.006424	89.097153	90.263672	100.0	91.781685	91.982498	90.198547	90.660034	90.824089	90.193024	90.649612	90.556412	88.96669	88.609985	90.156761	89.241264	89.093269	88.738876	89.157852	88.799759	89.172867	88.830978	82.916351	82.848259	82.871887	82.976044	83.168228	82.837082	82.828186	82.876785	82.990181	83.118759	82.57666	83.232178	83.11792	79.921677	79.643021	81.73053	82.060242	82.062401	82.214973	81.880615	82.177826	81.769333	81.753052	81.883904	81.897179	82.140724	81.809433	81.777771	82.165634	81.125412	82.061333	81.587135	81.715515	80.518097	80.587997
85.421638	87.288078	87.117256	87.506096	87.304413	87.190826	87.775223	87.672951	87.762238	87.821632	87.68808	88.40657	88.166237	88.407822	88.234879	88.305374	89.113327	88.757324	88.827499	88.714661	88.922592	88.496811	88.615799	88.822548	89.62867	91.781685	100.0	93.89782	89.752029	90.473694	90.374954	89.86132	90.507324	90.211731	88.638817	88.209724	88.482903	88.707565	88.921761	88.552414	88.907425	88.641251	88.926086	88.637871	82.938362	82.932602	82.958282	82.976776	83.092743	82.924706	83.004974	82.868713	83.019531	83.124603	82.513138	83.131439	83.163437	80.077179	79.654724	81.733032	82.00959	82.034149	82.263985	81.952881	82.110008	81.721771	81.725487	81.858139	81.942123	82.018852	81.804016	81.844772	82.118027	81.189323	81.928421	81.570557	81.631699	80.474945	80.603317
85.44883	87.207764	87.131645	87.442688	87.342957	87.205162	87.732407	87.593292	87.681656	87.783821	87.65802	88.400932	88.246475	88.46138	88.319351	88.453705	89.209221	88.731415	88.820755	88.771149	89.029099	88.443207	88.672958	88.964172	89.740479	91.982498	93.89782	100.0	89.792877	90.471329	90.339417	89.91391	90.386703	90.233643	88.743988	88.284698	88.447571	88.791367	88.943298	88.545135	88.9776	88.667084	88.876976	88.59935	82.820877	82.882828	82.992981	83.013954	83.054352	82.91774	82.928429	82.790955	82.998611	82.95723	82.549278	83.115509	83.09169	79.876175	79.621597	81.61821	81.950775	82.011246	82.204361	81.926361	82.084259	81.770584	81.711823	81.838989	81.841843	82.06942	81.7854	81.848206	82.04213	81.039398	82.02478	81.608505	81.685249	80.523193	80.439636
85.296265	89.257332	86.953514	89.412239	89.257233	89.043564	87.607582	87.367813	87.3806	87.372696	87.29071	88.106773	87.739792	87.969223	87.78656	87.890244	88.831375	88.318787	88.311386	88.107986	88.379776	88.087814	88.269386	88.492584	89.595001	90.198547	89.752029	89.792877	100.0	90.485077	90.375641	90.494347	90.127197	90.507675	88.815598	88.27758	88.541985	88.772491	89.427109	88.925919	89.028427	88.397354	88.800941	88.73497	82.828941	82.678917	82.877701	82.863647	83.017197	82.681221	82.952728	82.799484	82.953011	82.904022	82.389725	83.038612	83.016167	80.005692	79.651779	81.764786	82.039154	82.034424	82.096848	81.919708	82.045143	81.593422	81.543289	81.648285	81.668228	81.986717	81.723602	81.643585	82.074402	80.98188	81.859856	81.564697	81.625366	80.420906	80.493675
85.439888	87.463013	87.243652	87.644218	87.379883	87.333778	87.822334	87.694046	87.638062	87.655556	87.668457	88.259811	88.031052	88.222168	88.134659	88.10994	89.282684	88.706543	88.760437	88.595474	88.739929	88.444855	88.536484	88.804222	89.676437	90.660034	90.473694	90.471329	90.485077	100.0	93.593536	90.424728	90.719643	90.786285	88.829742	88.340645	88.678223	88.87899	89.263367	88.819435	89.121979	88.906601	89.167816	89.029663	82.807823	82.850143	83.014694	83.045563	83.211578	83.023041	83.070114	82.90921	83.046036	82.9916	82.537888	83.337883	83.27301	80.048767	79.635818	81.870956	82.051407	82.150757	82.23468	81.987411	82.147232	81.749283	81.621002	81.821243	81.778076	81.998459	81.817474	81.740318	82.132172	81.105766	82.023666	81.540718	81.677902	80.548187	80.561722
85.540695	87.619614	87.229576	87.683853	87.462746	87.405518	87.843437	87.744324	87.683365	87.763725	87.756012	88.337219	88.084114	88.224075	88.182266	88.180634	89.288826	88.775772	88.858261	88.573433	88.815308	88.483551	88.486404	88.791718	89.672943	90.824089	90.374954	90.339417	90.375641	93.593536	100.0	90.44101	90.708954	90.836052	88.87265	88.320221	88.696518	88.831871	89.261597	88.797073	89.09523	88.98172	89.380325	89.037277	82.928917	82.98703	83.090195	83.159798	83.25827	83.10112	83.075653	83.070076	83.10701	83.185364	82.67041	83.242935	83.257919	79.981705	79.699844	81.868622	82.108253	82.219162	82.20787	81.988464	82.227547	81.814278	81.848343	81.92144	81.79306	82.217949	81.950302	81.797424	82.164459	81.148872	82.052979	81.639954	81.815231	80.512695	80.537079
85.419067	87.607681	87.125839	87.44252	87.222733	87.165009	87.534065	87.464493	87.445953	87.534927	87.414871	88.096451	87.761658	88.03009	87.827805	87.959694	88.873184	88.454781	88.536255	88.23951	88.431244	88.02298	88.231369	88.547127	89.603561	90.193024	89.86132	89.91391	90.494347	90.424728	90.44101	100.0	90.441422	91.312912	88.894791	88.411285	88.821609	88.97731	89.353264	88.804543	89.450729	88.554626	88.902184	88.628075	82.971535	83.008163	83.177673	83.111328	83.230499	83.06382	83.210434	83.00219	83.162903	83.205887	82.620758	83.272682	83.329491	80.196327	79.766037	81.855988	82.230576	82.209282	82.387711	82.045059	82.25351	81.860077	81.864471	81.880974	81.904755	82.174255	81.916504	81.779556	82.13752	81.19397	82.156906	81.734795	81.740654	80.548096	80.650269
85.447121	87.354706	87.161285	87.487839	87.362099	87.179962	87.727097	87.568329	87.561531	87.641434	87.563446	88.238144	88.034348	88.212341	88.124283	88.124252	89.025078	88.650269	88.696777	88.342041	88.722893	88.31575	88.534554	88.629105	90.467133	90.649612	90.507324	90.386703	90.127197	90.719643	90.708954	90.441422	100.0	91.851593	88.890457	88.405624	88.721207	88.809258	89.206024	88.711914	88.955223	88.684563	89.128372	88.731331	82.788727	82.756844	82.879578	82.942841	83.06044	82.944794	82.862907	82.821182	82.997589	83.019714	82.468765	83.047699	83.112434	79.926376	79.787537	81.78006	82.126526	82.086426	82.214294	81.893211	82.07959	81.679535	81.697411	81.801437	81.83165	82.048462	81.801079	81.795349	82.126114	81.042641	81.951782	81.54245	81.557907	80.468346	80.540665
85.42189	87.249283	87.034538	87.438705	87.230927	87.130333	87.795448	87.49437	87.50351	87.602928	87.48494	88.401192	88.024994	88.13002	88.020493	88.145065	89.071625	88.607101	88.723373	88.339035	88.535156	88.359604	88.578781	88.73526	90.085709	90.556412	90.211731	90.233643	90.507675	90.786285	90.836052	91.312912	91.851593	100.0	88.793068	88.282928	88.709091	88.910164	89.108841	88.620773	88.891937	88.72998	89.167953	88.682419	82.902534	82.883888	82.914993	82.913483	83.061035	82.905823	82.990509	82.895157	82.931358	82.995697	82.554817	83.176956	83.129333	80.077522	79.691711	81.745453	82.119774	82.121826	82.240906	81.884277	82.083153	81.802917	81.859253	81.964485	81.793541	82.094261	81.843109	81.862762	82.196144	81.120087	81.929779	81.586945	81.645233	80.588104	80.517838
85.501648	87.19297	87.008514	87.354172	87.138916	86.987076	87.765495	87.2827	87.445267	87.618576	87.486816	88.415115	87.849075	88.188751	88.029495	88.139427	88.968033	88.441483	88.486801	88.255951	88.531387	88.237183	88.670502	88.769547	88.784142	88.96669	88.638817	88.743988	88.815598	88.829742	88.87265	88.894791	88.890457	88.793068	100.0	91.215157	89.517136	90.149017	88.822998	89.225594	88.956108	88.617188	88.665291	88.580475	82.81221	82.857254	82.86776	82.989838	82.978745	82.822845	82.965294	82.841568	82.889465	82.974197	82.390121	83.017975	83.175385	79.836662	79.548782	81.523376	81.755096	81.88765	81.969414	81.841461	81.907471	81.514076	81.699753	81.665512	81.818871	81.927681	81.811134	81.588837	81.981918	81.009232	81.884544	81.437294	81.5597	80.398743	80.483017
85.167572	86.710121	86.434875	86.890091	86.567505	86.525894	87.464325	86.885811	87.023613	87.07132	87.064316	88.074036	87.830475	87.815491	87.875298	87.746902	88.571228	88.077194	88.118858	87.797943	87.924866	87.725304	88.064072	88.351334	88.361832	88.609985	88.209724	88.284698	88.27758	88.340645	88.320221	88.411285	88.405624	88.282928	91.215157	100.0	89.023407	89.556564	88.490944	88.374878	88.479324	88.078239	88.214951	88.016617	82.502686	82.50975	82.655899	82.762848	82.835754	82.602066	82.474258	82.593758	82.665314	82.688492	82.194778	82.823746	82.870239	79.882416	79.246002	81.431412	81.600571	81.73085	81.746025	81.531952	81.669502	81.534592	81.486649	82.231339	81.661591	81.856979	81.582695	81.365952	81.791695	80.89624	81.712296	81.293564	81.488724	80.334145	80.311157
85.323296	86.854118	86.575195	87.04454	86.792007	86.826385	87.435852	87.616524	87.165253	87.191193	87.070251	87.901909	87.457306	87.704773	87.620224	87.695717	89.894577	89.42038	89.670876	87.888573	88.022644	87.754082	88.06974	88.236557	88.467438	90.156761	88.482903	88.447571	88.541985	88.678223	88.696518	88.821609	88.721207	88.709091	89.517136	89.023407	100.0	91.126953	88.820778	88.385544	88.58638	88.256454	88.563454	88.290497	82.676575	82.58007	82.742111	82.784454	82.921814	82.694252	82.622337	82.730576	82.87265	82.863396	82.363037	82.874924	82.954292	79.840027	79.759567	81.613968	81.859406	81.888596	81.995499	81.718964	81.987907	81.604324	81.580688	81.758102	81.814011	82.008369	81.728722	81.559158	81.828613	81.034332	81.815041	81.433304	81.544128	80.390152	80.486221
85.491364	87.164886	86.83255	87.334656	87.147758	87.086884	87.6744	87.556374	87.46521	87.558006	87.514984	88.192963	87.902092	88.043625	88.019211	88.082001	88.932571	88.552933	88.57061	88.143616	88.430573	88.061691	88.418724	88.59761	88.746964	89.241264	88.707565	88.791367	88.772491	88.87899	88.831871	88.97731	88.809258	88.910164	90.149017	89.556564	91.126953	100.0	89.078911	88.578247	88.896446	88.806671	88.776199	88.477486	82.811958	82.783081	82.924255	83.009521	83.040985	82.897827	82.943237	82.935699	83.093109	82.996941	82.485733	83.04892	83.156479	79.989487	79.633575	81.72863	82.011932	81.950546	82.060844	81.823578	82.019196	81.803436	81.854965	81.782623	81.776802	82.084297	81.732147	81.717636	82.150787	80.965607	82.04464	81.545288	81.601295	80.428009	80.560524
85.610046	87.284973	86.910706	87.480682	87.220215	87.095673	87.733315	87.323227	87.355789	87.432526	87.369446	87.986275	87.534958	87.90007	87.693527	87.779655	88.867447	88.213287	88.255142	88.127579	88.310974	88.03701	88.21904	88.43869	88.590324	89.093269	88.921761	88.943298	89.427109	89.263367	89.261597	89.353264	89.206024	89.108841	88.822998	88.490944	88.820778	89.078911	100.0	90.009422	89.992798	88.588074	89.042999	89.025017	82.943771	82.756546	83.053886	82.959427	83.192368	82.93911	83.180298	82.878967	83.127792	83.075165	82.54097	83.199844	83.255821	80.085541	79.558701	81.905045	82.149246	82.21434	82.212967	82.119286	82.188644	81.746552	81.833656	81.856567	81.975861	82.132767	81.925911	81.815155	82.193237	81.180756	82.088516	81.630234	81.840126	80.50174	80.556061
85.240692	87.052765	87.020676	87.147018	86.869446	86.819901	87.507919	86.959366	87.171761	87.212067	87.149719	87.83992	87.416504	87.730499	87.409683	87.625778	88.705223	88.039246	88.101578	87.908569	88.157898	87.893112	88.123611	88.342133	88.382675	88.738876	88.552414	88.545135	88.925919	88.819435	88.797073	88.804543	88.711914	88.620773	89.225594	88.374878	88.385544	88.578247	90.009422	100.0	90.040344	88.521637	88.723824	88.768158	82.70932	82.6772	82.749374	82.79673	82.973053	82.724854	82.748833	82.627426	82.828064	82.878487	82.290955	82.931427	82.885742	79.834358	79.534889	81.654778	81.790131	81.943283	82.128235	81.796692	81.93515	81.643959	81.664825	81.649445	81.844627	81.828255	81.680374	81.489395	81.878174	80.999893	81.773727	81.323868	81.521591	80.383987	80.409317
85.285065	86.926468	86.921326	87.160042	86.807724	86.700554	87.656647	87.129654	87.229507	87.16394	87.162979	88.016647	87.613525	87.92382	87.687744	87.84404	88.763184	88.108429	88.239746	88.115898	88.420792	88.006721	88.284561	88.43631	88.710342	89.157852	88.907425	88.9776	89.028427	89.121979	89.09523	89.450729	88.955223	88.891937	88.956108	88.479324	88.58638	88.896446	89.992798	90.040344	100.0	89.080734	88.70121	88.506104	82.735397	82.673523	82.832588	82.974289	83.044434	82.815903	82.867508	82.756927	82.894447	82.940033	82.484268	83.03466	82.979805	80.008255	79.614548	81.787155	82.063896	82.133369	82.160141	81.928429	82.066063	81.632431	81.596817	81.720688	81.772034	81.944473	81.765762	81.591827	82.042793	80.992966	81.844116	81.570053	81.578171	80.415695	80.465088
85.524277	87.583618	87.575226	87.856567	87.770355	87.662506	88.137024	87.982857	88.100006	88.008392	87.993469	88.354546	87.879745	88.121231	88.082642	88.040863	89.201088	89.006844	89.124435	88.587547	89.023849	88.923737	88.697792	88.934174	88.269623	88.799759	88.641251	88.667084	88.397354	88.906601	88.98172	88.554626	88.684563	88.72998	88.617188	88.078239	88.256454	88.806671	88.588074	88.521637	89.080734	100.0	89.649002	89.091553	83.036919	82.966591	83.050583	83.05899	83.219864	83.044456	83.084236	83.023438	83.166733	83.21328	82.751709	83.29007	83.359108	79.910492	79.63559	81.663116	82.075851	82.066971	82.12796	81.946411	82.027817	81.74054	81.70726	81.699081	81.880844	81.99176	81.844421	81.709351	82.160141	81.063065	81.977997	81.595963	81.64769	80.474136	80.506714
85.618484	87.744568	87.450836	87.936584	87.84343	87.717545	88.274719	88.11821	88.073158	88.160797	88.015404	88.412918	88.142044	88.341385	88.324394	88.36145	89.678375	89.11821	89.146973	88.721741	89.075981	89.066238	88.703888	88.878555	88.510338	89.172867	88.926086	88.876976	88.800941	89.167816	89.380325	88.902184	89.128372	89.167953	88.665291	88.214951	88.563454	88.776199	89.042999	88.723824	88.70121	89.649002	100.0	90.334473	83.017464	83.03791	83.166061	83.116714	83.309998	83.130524	83.116333	83.134033	83.130981	83.28688	82.78717	83.368088	83.366341	79.935989	79.943214	81.800629	82.183258	82.151672	82.358154	82.056572	82.180336	81.772049	81.843643	81.939209	81.837418	82.194588	81.908211	81.831192	82.16729	81.207916	82.131104	81.67675	81.846954	80.471848	80.556259
85.590263	87.364838	87.020737	87.71447	87.42894	87.32431	88.105255	87.716949	87.68428	87.716576	87.594368	88.197784	87.82222	88.074707	87.980682	88.000748	89.733337	88.674767	88.732239	88.428169	88.745819	88.732208	88.445152	88.702034	88.236816	88.830978	88.637871	88.59935	88.73497	89.029663	89.037277	88.628075	88.731331	88.682419	88.580475	88.016617	88.290497	88.477486	89.025017	88.768158	88.506104	89.091553	90.334473	100.0	82.912971	82.800529	82.834076	82.899948	83.134483	82.907227	82.859924	82.835648	82.972115	83.094818	82.61969	83.130821	83.087799	79.92131	79.619438	81.74511	82.062019	82.093567	82.16922	81.949326	82.111099	81.67765	81.76178	81.788086	81.758728	82.059937	81.856522	81.816269	82.096817	81.012054	81.917007	81.518883	81.622635	80.43985	80.461639
82.537163	82.591042	82.44104	82.818771	82.694473	82.477287	82.844604	82.837791	82.762291	82.674744	82.52623	82.621918	82.405762	82.58194	82.590096	82.508263	83.154739	82.874054	82.909302	82.702744	83.538193	82.637291	82.705986	82.907394	82.584793	82.916351	82.938362	82.820877	82.828941	82.807823	82.928917	82.971535	82.788727	82.902534	82.81221	82.502686	82.676575	82.811958	82.943771	82.70932	82.735397	83.036919	83.017464	82.912971	100.0	89.670258	89.916946	89.983093	90.274582	89.880096	90.054581	90.057098	90.424019	90.823578	86.584137	87.635269	87.79377	80.137512	79.869682	81.709747	81.871582	81.999832	82.043846	81.775681	81.956215	82.61969	82.59346	82.697052	82.71431	82.995422	82.717117	82.927826	83.311188	81.583702	82.631287	82.076843	81.731476	80.838844	81.178375
82.658813	82.566376	82.421585	82.625793	82.623489	82.358696	82.836792	82.676743	82.710114	82.703941	82.519424	82.683472	82.495911	82.617126	82.554703	82.647133	83.115082	82.871223	82.923294	82.756699	82.920074	82.678627	82.774513	82.842934	82.497932	82.848259	82.932602	82.882828	82.678917	82.850143	82.98703	83.008163	82.756844	82.883888	82.857254	82.50975	82.58007	82.783081	82.756546	82.6772	82.673523	82.966591	83.03791	82.800529	89.670258	100.0	90.3479	90.238586	90.721313	89.874924	90.353287	90.848549	90.446373	90.225067	87.094124	87.946175	88.021233	79.974594	79.789291	81.589569	81.713142	81.800636	81.791763	81.72628	81.823479	82.775497	82.635254	82.851723	82.827591	83.136543	82.894585	82.924118	83.467674	81.730942	82.682365	82.018578	81.64418	80.734985	81.188141
82.738571	82.566299	82.464844	82.673332	82.704178	82.528572	82.954224	82.834984	82.810646	82.735794	82.679367	82.616745	82.616318	82.669022	82.58123	82.743042	83.297333	83.043213	83.046234	82.835388	83.013016	82.671692	82.78035	82.940262	82.602966	82.871887	82.958282	82.992981	82.877701	83.014694	83.090195	83.177673	82.879578	82.914993	82.86776	82.655899	82.742111	82.924255	83.053886	82.749374	82.832588	83.050583	83.166061	82.834076	89.916946	90.3479	100.0	94.647423	91.284378	90.340324	91.322678	91.133087	91.199875	90.554535	87.043182	87.862793	88.63736	80.168434	79.843903	81.737259	81.956696	81.923576	82.063354	81.853607	81.859627	82.659409	82.619965	82.785278	82.91996	83.138611	82.970795	83.006241	83.369705	81.819077	82.892303	82.16449	81.683502	80.858635	81.206375
82.668961	82.603729	82.511002	82.806839	82.657883	82.432381	82.99585	82.775223	82.786499	82.751358	82.659348	82.777802	82.659897	82.655983	82.731964	82.801849	83.192123	83.01062	83.049866	82.91703	83.074661	82.721085	82.869629	82.982513	82.650253	82.976044	82.976776	83.013954	82.863647	83.045563	83.159798	83.111328	82.942841	82.913483	82.989838	82.762848	82.784454	83.009521	82.959427	82.79673	82.974289	83.05899	83.116714	82.899948	89.983093	90.238586	94.647423	100.0	91.275536	90.63916	90.764557	91.048248	91.107979	90.637054	86.980667	87.832779	88.046402	80.029648	79.852844	81.763306	81.988602	82.039368	81.976997	81.80703	82.009148	82.65361	82.747124	82.725258	82.87661	83.165344	82.921341	82.875412	83.420242	81.740852	82.785484	82.129639	81.639587	80.883881	81.166229
82.751602	82.743011	82.575119	82.914871	82.920212	82.698151	82.995789	82.960388	82.943329	82.997162	82.881378	82.867142	82.73452	82.765686	82.839958	82.872513	83.322769	83.141594	83.251343	82.98082	83.155441	82.912964	82.935104	83.195007	82.78183	83.168228	83.092743	83.054352	83.017197	83.211578	83.25827	83.230499	83.06044	83.061035	82.978745	82.835754	82.921814	83.040985	83.192368	82.973053	83.044434	83.219864	83.309998	83.134483	90.274582	90.721313	91.284378	91.275536	100.0	91.551651	92.064987	91.785309	91.711449	91.111771	87.106873	88.062485	88.503143	80.27713	79.837151	81.86203	82.048714	82.144714	82.18615	81.949539	82.051407	82.938553	82.759277	83.003548	83.024323	83.151489	82.984406	83.176208	83.6119	81.837021	82.895523	82.278793	81.837402	80.779053	81.283363
82.712685	82.529648	82.426445	82.621277	82.65477	82.458351	82.823517	82.699112	82.750366	82.668991	82.612747	82.690552	82.547714	82.6091	82.560944	82.685204	83.099121	82.929123	82.925797	82.829803	83.038979	82.683716	82.71183	82.976547	82.522217	82.837082	82.924706	82.91774	82.681221	83.023041	83.10112	83.06382	82.944794	82.905823	82.822845	82.602066	82.694252	82.897827	82.93911	82.724854	82.815903	83.044456	83.130524	82.907227	89.880096	89.874924	90.340324	90.63916	91.551651	100.0	92.113808	92.400589	90.8255	90.978256	86.788956	87.719147	87.730919	80.085312	79.894592	81.663116	81.954147	81.965576	81.957108	81.888199	81.932846	82.578979	82.544739	82.700165	82.802155	83.005814	82.741638	82.97406	83.381012	81.655792	82.718445	82.152618	81.860931	80.693069	81.156792
