164546.37	164546.61	1389192.3	106590.28	82541.48	1873897.3	164546.15	82541.47	1304882.4	164546.31	164546.49	2839983.3	119219.17	367825.3	68895.9	164546.17	248026.4	164546.43	1855314.3	151783.39	82633.11	164546.48	942865.3	164546.44	82541.19	164546.22	876364.3	1796606.3	164546.39	68895.5	2608999.4	119219.44	1478019.3	164546.23	164546.26	164546.7	96344.8	82633.13	119219.14	164546.40	266264.9	164546.41	164546.45	164546.34	164546.19	164546.30	2003587.3	1042878.5	164546.53	119219.51	82541.45	264198.6	381666.45	164546.33	164546.50	82633.34	164546.20	106590.24	164546.21	381666.6	1218106.3	942865.4	164546.47	82541.46	164546.52	1855315.3	82633.33	164546.35	2771360.3	164546.36	82541.43	164546.25	119219.46	2003588.3	106590.8	96344.12	82541.39	164546.24	164546.38	151783.34	164546.51	96344.9	82633.39	2871157.10	164546.14	1267562.4	1855313.3	96344.11	164546.29	164546.54	164546.46	106590.25	82541.44
100.0	94.176132	83.830406	89.31958	83.886505	82.371468	99.960953	83.978035	88.231323	99.970856	94.142517	83.744064	82.462601	83.849655	84.696274	94.39711	84.621582	99.954391	83.721634	83.763367	84.046204	99.199097	82.10173	94.312973	83.990601	93.450905	83.849091	93.726837	94.137833	83.240204	84.06871	82.371872	89.329979	93.628082	93.445145	93.691772	88.437119	82.500893	82.462112	94.417236	82.420242	99.641624	93.706696	94.146698	99.958771	94.355324	82.463432	89.343582	99.915924	82.501244	83.870659	84.60405	89.577866	94.14521	93.607307	82.461304	94.286392	89.579628	99.960815	89.575859	82.41304	82.034576	94.762451	84.005013	94.251465	83.31221	82.497711	94.148621	84.011841	99.978668	83.944504	94.282532	82.532692	82.489441	89.690247	88.803528	84.028374	93.454407	99.975128	83.723663	93.436523	88.622116	83.231537	82.764992	93.693939	83.975922	83.709244	88.717773	99.558136	94.251709	99.553146	89.379517	83.959106
94.176132	100.0	83.856377	89.400757	83.821213	82.436714	94.155373	83.864853	88.250168	94.132812	99.187256	83.783745	82.450851	83.869568	84.701187	95.461868	84.512314	94.158295	83.750595	83.800262	84.132149	93.601479	82.100143	96.236664	83.955116	94.184624	83.866394	94.629478	94.369408	83.340759	84.082306	82.41655	89.624268	94.320953	94.175323	94.501183	88.735085	82.452049	82.387108	94.132805	82.4048	94.145714	94.370224	94.414413	94.210602	94.942261	82.354645	89.538002	94.314545	82.398445	83.794174	84.58065	89.784691	94.396729	95.621422	82.439148	96.436737	89.813675	94.10849	89.764191	82.329773	82.113861	95.048996	83.879395	96.523697	83.374123	82.516525	94.410629	83.902092	94.124603	83.804436	96.417679	82.522629	82.445648	89.715546	88.90963	83.811096	94.161743	94.159225	83.760498	94.325722	88.744797	83.275681	82.881271	94.327454	83.872742	83.812355	88.919548	94.175598	95.101448	94.168533	89.581757	83.768814
83.830406	83.856377	100.0	83.680656	82.923805	81.31839	83.888855	82.89798	83.484711	83.867203	83.881355	82.352234	81.628052	99.374657	84.206711	83.927734	82.389572	83.862442	82.417938	82.494743	82.721832	83.839157	81.079132	83.873581	82.96434	83.686157	99.22084	84.144478	83.774689	82.834099	83.078506	81.50106	83.61232	83.742523	83.687408	83.836075	83.680481	81.384506	81.570282	83.795624	81.569901	83.820503	83.781349	83.727921	83.848465	83.797195	81.523346	83.674652	83.844147	81.585197	82.834091	82.316818	83.807549	83.736351	83.835983	81.38813	83.780121	83.813431	83.86425	83.831108	81.465118	81.169434	83.725693	82.926247	83.676826	82.072281	81.407578	83.721085	82.931	83.829514	82.825951	83.783897	81.553871	81.540077	83.696281	83.813889	82.932961	83.66571	83.918869	82.574722	83.727318	83.889923	82.058723	82.154213	83.858452	82.864029	82.381645	83.893852	83.853073	83.817032	83.822449	83.570679	82.819717
89.31958	89.400757	83.680656	100.0	83.63826	82.42746	89.346855	83.675171	89.401489	89.332108	89.419456	83.737755	82.546585	83.733727	84.63649	89.487137	84.584152	89.353592	83.806458	83.840363	83.997757	89.210381	82.109451	89.579163	83.5858	89.342148	83.634895	89.822601	89.547272	83.287704	83.59446	82.543945	94.504173	89.382187	89.274361	89.466148	88.109039	82.391304	82.51149	89.493042	82.494354	89.316132	89.370392	89.575935	89.303986	89.385529	82.49427	94.623581	89.377258	82.599197	83.560181	84.559059	94.375961	89.512459	89.383339	82.417984	89.479866	94.416107	89.3815	94.383438	82.374359	82.064041	89.59903	83.623367	89.464706	83.322662	82.432053	89.54097	83.657898	89.296936	83.587029	89.423248	82.587646	82.563263	91.562286	88.480972	83.549133	89.318344	89.287697	83.870239	89.33287	88.400032	83.402618	82.567261	89.347939	83.631348	83.818741	88.476837	89.309067	89.318909	89.306778	94.515549	83.550797
83.886505	83.821213	82.923805	83.63826	100.0	81.948868	83.888031	99.788544	83.631668	83.805222	83.858688	82.668381	82.006134	82.926056	83.784767	84.000031	82.499039	83.878044	82.556595	82.599197	83.162155	83.913155	81.81723	83.999054	98.57489	83.988831	83.045105	84.243195	83.931732	82.195053	93.006104	82.198288	83.542953	83.846542	83.967911	83.91906	83.737747	82.129501	82.056351	83.749992	82.087708	83.920212	83.859695	83.892227	83.854012	83.968079	82.076065	83.632637	83.90419	81.795441	98.584846	82.456711	83.639519	83.966705	83.934441	82.076744	83.893356	83.716568	83.815857	83.751984	81.927834	81.860352	83.984726	99.800003	83.914993	82.092705	81.904984	83.978493	98.674591	83.936554	98.587418	83.904381	81.758652	81.929443	83.575188	83.831161	98.549446	83.96434	83.803978	82.637512	83.982262	83.926468	82.204399	84.278137	83.819702	98.564079	82.529022	83.868729	83.811859	84.066193	83.896408	83.512772	98.593208
82.371468	82.436714	81.31839	82.42746	81.948868	100.0	82.388672	82.015533	82.244247	82.379669	82.381088	85.975479	84.132553	81.407822	82.116142	82.682259	81.895554	82.375259	83.602509	83.976799	85.619568	82.422699	81.93679	82.530411	82.109116	82.665901	81.682922	83.386719	82.490494	81.539413	81.839226	84.586716	82.293594	82.561958	82.690308	82.529091	82.344833	82.097961	84.220848	82.51416	84.597885	82.438049	82.51445	82.566223	82.402237	82.388916	84.196388	82.223442	82.431076	83.50325	82.109184	81.995872	82.351936	82.537651	82.500504	98.66217	82.483833	82.403526	82.40004	82.279755	84.14254	81.921043	82.468704	82.117409	82.477417	83.477325	98.940025	82.51683	82.015587	82.424774	82.156754	82.46862	83.571823	84.136917	82.344391	82.53183	81.820183	82.705109	82.359528	84.109474	82.681503	82.619629	84.941261	81.016922	82.567184	82.085495	83.619354	82.565781	82.392647	82.441116	82.375122	82.323273	82.171158
99.960953	94.155373	83.888855	89.346855	83.888031	82.388672	100.0	83.873802	88.254379	99.953033	94.154068	83.727409	82.488342	83.825882	84.69696	94.413971	84.649612	99.958267	83.749611	83.755447	84.032791	99.178192	82.126335	94.294975	83.929337	93.428513	83.84922	93.774521	94.109329	83.262558	84.102943	82.371201	89.387207	93.592667	93.447113	93.67688	88.389908	82.537498	82.48912	94.441528	82.435608	99.650467	93.718605	94.099129	99.970123	94.343063	82.47818	89.402939	99.916382	82.443016	83.84951	84.716782	89.574448	94.103073	93.602356	82.473938	94.241943	89.589447	99.971001	89.600777	82.468483	82.144684	94.740349	83.980728	94.188545	83.271904	82.530891	94.07933	83.900864	99.961555	83.898926	94.264236	82.550926	82.468597	89.642319	88.676376	84.011917	93.431602	99.964989	83.676666	93.370712	88.562805	83.27684	82.812515	93.723801	83.94046	83.730667	88.730057	99.558258	94.24604	99.55423	89.313583	83.91655
83.978035	83.864853	82.89798	83.675171	99.788544	82.015533	83.873802	100.0	83.694778	83.826599	83.846115	82.701233	81.784363	82.967079	83.736557	83.99353	82.403351	83.930847	82.547302	82.612549	83.176636	83.917229	81.823288	83.940521	98.692566	83.935333	82.896202	84.242737	83.988647	82.197014	92.942245	81.859955	83.581635	83.929993	83.942108	83.973663	83.808807	82.145981	82.174149	83.844627	81.799004	83.97142	83.900398	83.933807	83.965324	84.099617	82.190887	83.65773	83.989861	81.792931	98.713562	82.40947	83.739914	83.975739	83.917374	82.032799	83.931046	83.759956	83.853897	83.800507	81.789108	81.837921	83.985245	99.996742	83.969986	82.148361	81.827515	83.953041	98.70459	83.954788	98.549744	83.924026	81.737869	81.708481	83.635216	83.789589	98.565552	83.943848	83.847389	82.566116	83.949844	83.708359	82.229401	84.283463	83.937523	98.610588	82.54216	83.776779	83.817596	84.072868	83.951195	83.523598	98.553993
88.231323	88.250168	83.484711	89.401489	83.631668	82.244247	88.254379	83.694778	100.0	88.243958	88.183212	83.630676	82.366821	83.605728	84.51799	88.459145	84.319427	88.248032	83.642868	83.88092	83.938232	88.22644	81.925438	88.374985	83.631279	88.312958	83.433472	88.575859	88.4907	83.234711	83.630493	82.383492	89.712296	88.372795	88.358505	88.452339	88.428902	82.406807	82.391846	88.254425	82.312767	88.134804	88.401497	88.405945	88.193207	88.293701	82.390778	89.913887	88.160507	82.388802	83.576309	84.34082	89.611038	88.376129	88.413612	82.355186	88.366951	89.596298	88.191025	89.613312	82.315048	81.965363	88.386574	83.640083	88.369385	83.357574	82.355873	88.349037	83.630692	88.153305	83.52475	88.384743	82.408791	82.259613	88.885208	88.826096	83.546036	88.308655	88.186584	83.704193	88.355995	88.791473	83.043678	82.840622	88.365074	83.622009	83.683487	88.824753	88.177979	88.271072	88.204025	89.626633	83.550186
99.970856	94.132812	83.867203	89.332108	83.805222	82.379669	99.953033	83.826599	88.243958	100.0	94.152924	83.754684	82.540436	83.838943	84.715973	94.402695	84.648926	99.958618	83.700043	83.755844	84.067673	99.194077	82.15052	94.307297	83.915268	93.437927	83.802612	93.738899	94.13559	83.279251	84.064598	82.392899	89.378448	93.644318	93.432465	93.690796	88.459717	82.519218	82.478043	94.430557	82.45681	99.628532	93.687057	94.143677	99.955566	94.353493	82.476662	89.409637	99.918564	82.473	83.888824	84.661575	89.554977	94.158813	93.595596	82.518204	94.300674	89.546402	99.959167	89.542542	82.420586	82.155914	94.780334	83.900604	94.227058	83.26738	82.535393	94.148529	83.895645	99.975754	83.926346	94.274887	82.508583	82.439018	89.669357	88.792313	83.977753	93.437027	99.976166	83.722641	93.42662	88.652115	83.245468	82.854546	93.669113	83.830902	83.715546	88.736313	99.563011	94.2491	99.552254	89.350319	83.902946
94.142517	99.187256	83.881355	89.419456	83.858688	82.381088	94.154068	83.846115	88.183212	94.152924	100.0	83.747681	82.372086	83.819687	84.721741	95.49614	84.45179	94.127846	83.686264	83.713928	84.087891	93.675873	82.027466	96.214149	83.863586	94.111122	83.863831	94.582596	94.502014	83.161942	84.013687	82.293785	89.623436	94.402237	94.166656	94.302353	88.626373	82.317612	82.392677	94.129639	82.311829	94.079361	94.349609	94.551468	94.126259	94.979393	82.339172	89.503265	94.107941	82.396149	83.845871	84.502411	89.725555	94.537552	95.747978	82.424332	96.413017	89.70549	94.120834	89.719574	82.28537	82.006546	95.073898	83.864944	96.419319	83.27536	82.506233	94.542404	83.856537	94.130737	83.755585	96.39859	82.406799	82.315048	89.631165	88.812119	83.769196	94.162766	94.106033	83.675362	94.160858	88.729691	83.245865	82.752899	94.283897	83.877129	83.699913	88.831032	94.181152	94.979965	94.133423	89.459206	83.765366
83.744064	83.783745	82.352234	83.737755	82.668381	85.975479	83.727409	82.701233	83.630676	83.754684	83.747681	100.0	85.587906	82.354027	83.412552	83.845222	82.929886	83.779175	85.259438	85.850563	88.939903	83.697342	82.773529	83.832199	82.637512	83.639923	82.34639	84.245972	83.775543	82.659981	82.69783	85.329453	83.687019	83.723099	83.657166	83.71077	83.703438	83.161469	85.217331	83.773048	85.324852	83.625793	83.694878	83.803925	83.691437	83.742386	85.039978	83.701172	83.657288	84.710785	82.584015	82.801163	83.728584	83.880379	83.777855	86.178268	83.764114	83.767548	83.652405	83.758331	85.149307	82.769577	83.79464	82.730972	83.857094	84.826569	85.738052	83.784782	82.607384	83.703873	82.498032	83.796165	84.693359	85.487137	83.815872	83.996994	82.652069	83.686447	83.717056	86.173882	83.707092	83.710442	90.938538	81.977356	83.775146	82.579247	85.262291	83.929398	83.631981	83.899338	83.685226	83.737129	82.533699
82.462601	82.450851	81.628052	82.546585	82.006134	84.132553	82.488342	81.784363	82.366821	82.540436	82.372086	85.587906	100.0	81.619446	82.227402	82.515335	82.173737	82.487473	83.839584	83.919907	85.047409	82.476814	82.252556	82.453423	82.092758	82.627548	82.410385	82.972656	82.507538	81.252563	81.933655	98.723412	82.452728	82.579857	82.670723	82.495888	82.569939	82.45031	98.509308	82.552933	98.704994	82.495895	82.429047	82.557648	82.427017	82.667068	98.550049	82.436241	82.559494	98.785934	81.896164	82.204391	82.564919	82.564461	82.433746	83.918167	82.45887	82.6511	82.481964	82.572891	98.635605	82.249298	82.523804	81.968048	82.519318	83.771149	83.784515	82.505363	81.998764	82.500938	81.980057	82.473572	98.094742	96.622055	82.596832	82.485931	81.890091	82.621185	82.445786	84.462265	82.650269	82.680771	84.359688	81.117691	82.460289	81.932083	83.848602	82.455841	82.450623	82.758255	82.488426	82.486267	82.088684
83.849655	83.869568	99.374657	83.733727	82.926056	81.407822	83.825882	82.967079	83.605728	83.838943	83.819687	82.354027	81.619446	100.0	84.306503	83.931786	82.308006	83.921082	82.519547	82.568924	82.778198	83.872406	81.03212	83.886887	82.956963	83.749649	99.292542	84.129539	83.8395	82.750641	83.083206	81.553665	83.770775	83.885605	83.729164	83.952652	83.711624	81.352036	81.534515	83.77623	81.523964	83.824249	83.856888	83.791199	83.87326	83.865906	81.542206	83.739075	83.841309	81.553802	82.837509	82.267319	83.892578	83.759308	83.916763	81.412323	83.808502	83.8741	83.864113	83.914772	81.418304	81.163864	83.787338	82.957916	83.790802	82.001846	81.468636	83.74884	82.97393	83.828247	82.831451	83.749802	81.598755	81.493713	83.727127	83.8022	82.949684	83.758987	83.899376	82.567825	83.842262	83.877548	82.089676	82.222206	83.835991	82.883453	82.429825	83.876678	83.836044	83.938721	83.813461	83.612625	82.886787
84.696274	84.701187	84.206711	84.63649	83.784767	82.116142	84.69696	83.736557	84.51799	84.715973	84.721741	83.412552	82.227402	84.306503	100.0	84.88031	82.939133	84.693573	83.657532	83.690643	84.143486	84.730804	81.943573	84.83149	83.78479	84.675827	84.2416	85.012939	84.769913	86.27832	83.881294	82.269547	84.425888	84.8302	84.749908	84.675278	84.414429	82.298676	82.198792	84.9244	82.286903	84.733231	84.552048	84.8731	84.762192	84.788803	82.213058	84.551437	84.764679	82.181229	83.672455	83.025558	84.703522	84.766914	84.849701	82.239861	84.826591	84.807251	84.745911	84.735413	82.264832	82.054688	84.802872	83.704483	84.816666	82.945969	82.228821	84.860336	83.674133	84.718063	83.700104	84.81488	82.182541	82.31514	84.475052	84.510918	83.67308	84.726562	84.663483	83.650421	84.808365	84.490219	82.999268	82.638077	84.66777	83.523972	83.557137	84.587364	84.712379	84.821716	84.664139	84.495865	83.681023
94.39711	95.461868	83.927734	89.487137	84.000031	82.682259	94.413971	83.99353	88.459145	94.402695	95.49614	83.845222	82.515335	83.931786	84.88031	100.0	84.560089	94.37735	83.841415	83.998245	84.35257	93.841873	82.288498	95.738472	84.042183	94.302475	83.857513	95.713562	95.380287	83.360512	84.313736	82.42041	89.705894	94.460007	94.282814	94.424355	88.763245	82.54425	82.402092	94.598785	82.443657	94.408295	94.451157	95.308548	94.341858	95.412682	82.369553	89.638268	94.390137	82.579636	84.061676	84.640938	89.963333	95.324974	95.215408	82.697189	95.742401	89.909195	94.321671	89.936363	82.38118	82.307571	95.909515	84.081429	95.75573	83.335129	82.75177	95.28746	84.009842	94.362389	84.037003	95.73381	82.481949	82.52037	89.941086	88.919952	84.09333	94.252403	94.393829	83.917694	94.302612	88.82589	83.382896	82.980347	94.536583	84.046494	83.898041	88.975304	94.39782	95.340302	94.392365	89.676529	83.956863
84.621582	84.512314	82.389572	84.584152	82.499039	81.895554	84.649612	82.403351	84.319427	84.648926	84.45179	82.929886	82.173737	82.308006	82.939133	84.560089	100.0	84.701607	82.794991	82.769791	83.013016	84.724121	81.938828	84.475098	82.481064	84.570892	82.275162	84.649796	84.530029	82.094063	82.287354	82.179092	84.393921	84.575912	84.466629	84.572128	84.409706	82.257637	82.223801	84.522217	82.101387	84.675461	84.522835	84.541687	84.692047	84.437111	82.226379	84.463745	84.660957	82.188675	82.337006	99.405975	84.443451	84.490044	84.448448	82.018463	84.392593	84.424728	84.656525	84.457016	82.109543	81.889282	84.479408	82.381989	84.520645	82.629089	82.093582	84.490875	82.437111	84.697105	82.403229	84.450676	82.275101	82.080009	84.380768	84.672302	82.373001	84.505142	84.676178	82.655609	84.529465	84.699699	82.418442	81.616287	84.540031	82.432945	82.775101	84.608826	84.615372	84.474716	84.617348	84.353882	82.475845
99.954391	94.158295	83.862442	89.353592	83.878044	82.375259	99.958267	83.930847	88.248032	99.958618	94.127846	83.779175	82.487473	83.921082	84.693573	94.37735	84.701607	100.0	83.715179	83.778114	84.067245	99.185158	82.172676	94.318367	83.903259	93.388817	83.84935	93.804016	94.121674	83.22049	84.082542	82.423981	89.326195	93.605728	93.397774	93.668503	88.430176	82.560272	82.46328	94.433723	82.398689	99.620071	93.687447	94.131683	99.972588	94.373367	82.455284	89.351501	99.936455	82.465897	83.843483	84.703407	89.55899	94.134071	93.586319	82.521179	94.244873	89.535645	99.972198	89.577606	82.412476	82.134354	94.746063	83.993073	94.212196	83.26593	82.527168	94.121368	83.955841	99.958549	83.921333	94.245102	82.576141	82.484497	89.65509	88.72702	83.993942	93.380585	99.958496	83.705276	93.356155	88.575027	83.210922	82.784424	93.70903	83.984253	83.761246	88.724648	99.538437	94.261261	99.546188	89.296303	83.958611
83.721634	83.750595	82.417938	83.806458	82.556595	83.602509	83.749611	82.547302	83.642868	83.700043	83.686264	85.259438	83.839584	82.519547	83.657532	83.841415	82.794991	83.715179	100.0	95.039879	85.926071	83.719803	82.914833	83.883949	82.53746	83.683517	82.427086	83.94339	83.747833	82.162445	82.603493	83.870483	83.762894	83.729675	83.670715	83.654495	83.635696	83.290207	83.852737	83.782089	83.827698	83.637749	83.783974	83.795425	83.732925	83.771912	83.845398	83.812828	83.740982	83.845032	82.499023	82.805573	83.905258	83.787224	83.797836	83.529755	83.807701	83.862381	83.732422	83.889175	83.829453	82.877258	83.75592	82.549133	83.854126	85.484344	83.559174	83.799973	82.573151	83.682205	82.499634	83.796326	83.905655	83.931442	83.883774	83.789101	82.492699	83.673012	83.693085	94.688812	83.698746	83.733612	84.698952	81.826759	83.754272	82.556221	99.998299	83.734863	83.711273	83.813751	83.710922	83.725342	82.492722
83.763367	83.800262	82.494743	83.840363	82.599197	83.976799	83.755447	82.612549	83.88092	83.755844	83.713928	85.850563	83.919907	82.568924	83.690643	83.998245	82.769791	83.778114	95.039879	100.0	86.305649	83.788734	82.819565	83.920731	82.525513	83.930634	82.510674	84.366699	83.889786	82.666321	82.75824	83.961021	83.726364	83.8647	83.89872	83.939949	83.730377	83.177689	84.042023	83.789719	83.967926	83.734741	83.793823	83.838921	83.797256	83.849869	84.008049	83.818588	83.787415	83.978439	82.536102	82.772903	83.98233	83.925903	83.885666	84.132904	83.844406	83.994446	83.806671	83.986557	84.245209	82.873817	83.931259	82.589874	83.913284	85.508492	83.628937	83.88916	82.57164	83.794952	82.553589	83.863586	83.941383	84.211334	83.898132	83.898964	82.56398	83.895508	83.810913	96.938217	83.960236	83.876472	84.774261	81.931046	83.88224	82.541267	95.084984	83.999031	83.74678	83.788284	83.809341	83.741882	82.513901
84.046204	84.132149	82.721832	83.997757	83.162155	85.619568	84.032791	83.176636	83.938232	84.067673	84.087891	88.939903	85.047409	82.778198	84.143486	84.35257	83.013016	84.067245	85.926071	86.305649	100.0	84.030777	82.965416	84.232803	83.098602	84.113632	82.807037	84.706413	84.169708	83.058861	83.104614	85.037682	84.061493	84.229874	84.192291	84.177826	84.042992	83.496155	84.703842	84.181625	85.072601	83.984924	84.130394	84.179817	84.01622	84.229256	84.677391	84.128952	84.052444	84.59346	83.071213	82.970627	84.259895	84.142395	84.233597	85.312332	84.22995	84.240402	83.995338	84.267792	84.929718	83.015244	84.196106	83.187012	84.252678	85.129547	85.474136	84.179962	83.121384	83.951797	83.025414	84.241928	84.625793	85.772354	84.242523	84.290115	83.106895	84.217987	84.010605	86.7668	84.229782	84.160828	87.835739	82.333595	84.112396	83.051224	85.957382	84.337723	84.019287	84.315765	84.097786	84.175034	82.995941
99.199097	93.601479	83.839157	89.210381	83.913155	82.422699	99.178192	83.917229	88.22644	99.194077	93.675873	83.697342	82.476814	83.872406	84.730804	93.841873	84.724121	99.185158	83.719803	83.788734	84.030777	100.0	82.119644	93.704613	83.900085	92.979355	83.75209	93.831787	94.180115	83.215797	84.111954	82.399025	89.362762	93.00148	92.982391	93.037598	88.323494	82.522072	82.46402	94.465515	82.407944	99.200714	93.074173	94.234039	99.182571	93.657745	82.469147	89.350098	99.134262	82.493042	83.877762	84.701813	89.504044	94.204056	93.607025	82.500854	93.616905	89.479034	99.220764	89.472038	82.422256	82.085175	94.2967	83.996986	93.619934	83.269051	82.509491	94.232803	83.977585	99.165131	83.961288	93.580643	82.566132	82.43605	89.626236	88.673447	83.905838	93.005478	99.171539	83.607681	93.016205	88.513321	83.200134	82.888474	93.052757	83.924347	83.677338	88.673386	99.234718	93.660812	99.24408	89.217056	83.947861
82.10173	82.100143	81.079132	82.109451	81.81723	81.93679	82.126335	81.823288	81.925438	82.15052	82.027466	82.773529	82.252556	81.03212	81.943573	82.288498	81.938828	82.172676	82.914833	82.819565	82.965416	82.119644	100.0	82.170944	81.796837	82.247658	81.039032	82.388504	82.216454	80.956146	81.902649	82.211594	82.04277	82.236038	82.183121	82.222519	82.11068	88.82148	82.198532	82.226273	82.180832	82.129807	82.153351	82.180138	82.168579	82.116867	82.252502	82.051071	82.157555	82.21611	81.791565	81.903687	82.124191	82.229416	82.204773	81.952057	82.184586	82.106049	82.203766	82.108276	82.211815	99.103706	82.211197	81.812057	82.184586	82.503967	81.917908	82.240433	81.740799	82.194931	81.826729	82.215088	82.213364	82.295395	82.188889	82.120728	81.840378	82.256805	82.161163	82.865128	82.254318	82.229263	82.411957	81.1698	82.160156	81.856483	82.931656	82.200974	82.140938	82.093475	82.137146	82.026703	81.803818
94.312973	96.236664	83.873581	89.579163	83.999054	82.530411	94.294975	83.940521	88.374985	94.307297	96.214149	83.832199	82.453423	83.886887	84.83149	95.738472	84.475098	94.318367	83.883949	83.920731	84.232803	93.704613	82.170944	100.0	83.980202	94.347931	83.845551	94.737762	94.612854	83.300461	84.123199	82.395523	89.669327	94.553879	94.387756	94.551346	88.594025	82.532242	82.355759	94.348137	82.358261	94.276176	94.529938	94.519508	94.334656	95.140755	82.360428	89.696609	94.306358	82.494049	83.876678	84.546036	89.874573	94.531296	98.569305	82.536789	97.977463	89.925446	94.246918	89.862335	82.319176	82.129692	95.097183	84.001694	98.020706	83.362381	82.677795	94.502869	83.993774	94.284744	83.933296	97.983994	82.562592	82.415009	89.785995	88.752792	83.929062	94.349426	94.295395	83.813828	94.356644	88.638443	83.30336	82.933983	94.567474	84.039932	83.842072	88.774261	94.343155	95.054199	94.276855	89.708031	83.941162
83.990601	83.955116	82.96434	83.5858	98.57489	82.109116	83.929337	98.692566	83.631279	83.915268	83.863586	82.637512	82.092758	82.956963	83.78479	84.042183	82.481064	83.903259	82.53746	82.525513	83.098602	83.900085	81.796837	83.980202	100.0	84.289642	83.018661	84.592133	83.918549	82.253876	93.166092	82.049881	83.594131	83.908005	84.385345	83.905777	83.693832	81.996567	82.303299	83.775658	82.046097	83.93203	83.912262	83.978928	83.97699	84.036873	82.326172	83.628296	83.9552	81.80114	99.918518	82.396713	83.6922	84.034088	83.882156	82.126083	83.950813	83.668182	83.884644	83.729828	81.890884	81.764755	84.055595	98.673004	84.004379	82.061539	81.880417	83.981674	98.760864	84.000427	98.719872	83.972717	81.822433	81.973228	83.488335	83.738342	98.649231	84.355865	83.876976	83.149208	84.351738	84.161987	82.169807	84.19709	84.000671	98.703415	82.500435	83.825577	83.894104	84.086494	84.033905	83.500122	98.735344
93.450905	94.184624	83.686157	89.342148	83.988831	82.665901	93.428513	83.935333	88.312958	93.437927	94.111122	83.639923	82.627548	83.749649	84.675827	94.302475	84.570892	93.388817	83.683517	83.930634	84.113632	92.979355	82.247658	94.347931	84.289642	100.0	83.819901	93.651772	93.444061	83.279419	84.570564	82.564178	89.473991	99.893082	99.988785	98.793579	88.530273	82.499634	82.522873	93.384293	82.548645	93.378151	98.825623	93.425163	93.421234	94.149734	82.525696	89.462433	93.461411	82.547211	84.276077	84.587173	89.732529	93.403748	93.876244	82.603577	94.429649	89.713905	93.380463	89.68396	82.424637	82.136169	93.889763	84.09169	94.489342	83.265991	82.550591	93.460648	84.235901	93.403244	84.283478	94.48616	82.51236	82.56794	89.585602	88.569733	84.305481	99.977547	93.445686	84.161903	99.958939	88.718681	83.228851	82.913185	98.823837	84.317894	83.677765	88.585526	93.452209	94.165436	93.414047	89.556732	84.262993
83.849091	83.866394	99.22084	83.634895	83.045105	81.682922	83.84922	82.896202	83.433472	83.802612	83.863831	82.34639	82.410385	99.292542	84.2416	83.857513	82.275162	83.84935	82.427086	82.510674	82.807037	83.75209	81.039032	83.845551	83.018661	83.819901	100.0	84.427048	83.800301	82.740181	83.100883	82.105026	83.552673	83.86702	83.7957	83.857437	83.694038	81.358826	82.122513	83.837433	82.092377	83.757462	83.835594	83.760391	83.799377	83.879654	82.150665	83.579765	83.824615	81.585724	82.957123	82.288246	83.830673	83.725403	83.807037	81.554489	83.753052	83.797409	83.85508	83.809006	82.246155	81.128891	83.744583	83.015091	83.800461	81.955482	81.532082	83.748474	83.020668	83.853043	83.158607	83.761032	81.637054	81.838768	83.679588	83.802094	83.041046	83.811745	83.854187	82.750603	83.907333	84.01931	82.010841	82.113571	83.805832	83.019791	82.38208	83.906944	83.839249	83.9235	83.818558	83.540665	83.179092
93.726837	94.629478	84.144478	89.822601	84.243195	83.386719	93.774521	84.242737	88.575859	93.738899	94.582596	84.245972	82.972656	84.129539	85.012939	95.713562	84.649796	93.804016	83.94339	84.366699	84.706413	93.831787	82.388504	94.737762	84.592133	93.651772	84.427048	100.0	94.913536	83.697174	84.887344	82.958778	89.821823	93.71991	93.648979	93.712288	88.590256	82.696991	83.316177	94.435036	83.070465	93.732529	93.734329	95.031342	93.747818	94.378113	83.171783	89.766174	93.775635	82.607025	84.571579	84.639427	90.114784	94.981575	94.750656	83.040955	94.728134	90.09819	93.796623	90.126892	83.389397	82.283279	94.81971	84.307861	94.6623	83.538788	82.921921	94.986404	84.503418	93.727783	84.57148	94.677002	82.598328	83.090553	90.058624	88.874405	84.539062	93.634171	93.762505	84.686554	93.80397	89.008911	83.428734	83.129471	93.70871	84.437675	83.95665	88.863144	93.814117	94.334381	93.868492	89.807343	84.518021
94.137833	94.369408	83.774689	89.547272	83.931732	82.490494	94.109329	83.988647	88.4907	94.13559	94.502014	83.775543	82.507538	83.8395	84.769913	95.380287	84.530029	94.121674	83.747833	83.889786	84.169708	94.180115	82.216454	94.612854	83.918549	93.444061	83.800301	94.913536	100.0	83.284584	84.186035	82.353394	89.69046	93.481049	93.489075	93.450958	88.474487	82.61953	82.388229	95.771408	82.359734	94.095985	93.382645	99.140045	94.146423	94.207619	82.385933	89.810364	94.049164	82.517197	83.855087	84.461632	89.885696	99.123535	95.23394	82.48848	94.603653	89.89386	94.17791	89.857956	82.360504	82.206345	98.598656	84.034142	94.479942	83.393547	82.536011	99.131554	83.948578	94.112694	83.968773	94.562088	82.488304	82.468582	89.7491	88.823074	83.998032	93.462227	94.111481	83.713257	93.405701	88.779007	83.286957	83.006607	93.511581	83.986069	83.817749	88.865967	94.146378	94.153809	94.207687	89.79277	83.946289
83.240204	83.340759	82.834099	83.287704	82.195053	81.539413	83.262558	82.197014	83.234711	83.279251	83.161942	82.659981	81.252563	82.750641	86.27832	83.360512	82.094063	83.22049	82.162445	82.666321	83.058861	83.215797	80.956146	83.300461	82.253876	83.279419	82.740181	83.697174	83.284584	100.0	82.264694	81.261002	83.357712	83.341263	83.386826	83.372147	83.21727	81.148941	81.42672	83.237137	81.30999	83.253693	83.409149	83.285599	83.24646	83.222549	81.343735	83.444321	83.252975	81.297455	82.100563	82.099411	83.55423	83.282219	83.389221	81.251831	83.298134	83.53244	83.225815	83.58017	81.539528	81.030922	83.148621	82.172836	83.305908	81.987686	81.227127	83.203934	82.1465	83.226189	82.124756	83.369751	81.229172	81.921822	83.211151	83.331177	82.154816	83.346313	83.161949	82.674988	83.37413	83.319305	81.901733	81.537758	83.386276	82.180511	82.213829	83.381226	83.255341	83.329056	83.220764	83.323395	82.130692
84.06871	84.082306	83.078506	83.59446	93.006104	81.839226	84.102943	92.942245	83.630493	84.064598	84.013687	82.69783	81.933655	83.083206	83.881294	84.313736	82.287354	84.082542	82.603493	82.75824	83.104614	84.111954	81.902649	84.123199	93.166092	84.570564	83.100883	84.887344	84.186035	82.264694	100.0	82.342743	83.595901	84.124298	84.593796	84.192932	83.929688	82.0896	81.849335	84.091339	82.366104	84.12236	84.166412	84.195938	84.1091	84.145844	81.889137	83.653595	84.133392	81.782043	93.119308	82.410751	83.877159	84.207565	84.07132	81.877541	84.082527	83.927078	84.076256	83.904968	81.850471	81.903976	84.193642	92.964264	84.041275	82.228104	81.865417	84.138268	93.164688	84.056984	93.165253	84.044884	81.712616	81.841415	83.651474	84.036896	93.259552	84.515266	84.138062	83.177559	84.555634	84.364464	82.147354	84.406776	84.120895	93.175735	82.650566	84.012428	84.048447	84.198326	84.123718	83.630768	93.160339
82.371872	82.41655	81.50106	82.543945	82.198288	84.586716	82.371201	81.859955	82.383492	82.392899	82.293785	85.329453	98.723412	81.553665	82.269547	82.42041	82.179092	82.423981	83.870483	83.961021	85.037682	82.399025	82.211594	82.395523	82.049881	82.564178	82.105026	82.958778	82.353394	81.261002	82.342743	100.0	82.415146	82.44986	82.580048	82.498116	82.347656	82.375336	98.684006	82.384888	99.998642	82.297897	82.425049	82.402405	82.349213	82.499588	98.691277	82.53167	82.380112	99.082565	81.8909	82.129944	82.414261	82.441223	82.420731	84.158859	82.326569	82.437943	82.328484	82.449127	98.666245	82.198715	82.31321	81.868317	82.399445	83.657898	83.926529	82.360992	81.90802	82.393837	81.97699	82.376022	97.54631	96.530106	82.465912	82.491287	81.895706	82.573349	82.357605	84.334412	82.555641	82.597878	84.286476	80.995499	82.338928	81.873924	83.859253	82.404327	82.363609	82.662575	82.370781	82.444427	82.072647
89.329979	89.624268	83.61232	94.504173	83.542953	82.293594	89.387207	83.581635	89.712296	89.378448	89.623436	83.687019	82.452728	83.770775	84.425888	89.705894	84.393921	89.326195	83.762894	83.726364	84.061493	89.362762	82.04277	89.669327	83.594131	89.473991	83.552673	89.821823	89.69046	83.357712	83.595901	82.415146	100.0	89.586365	89.496765	89.571609	88.32412	82.27446	82.429169	89.528442	82.412445	89.365997	89.551254	89.649353	89.371841	89.515335	82.443588	98.839172	89.392349	82.45282	83.555023	84.369797	94.990082	89.635841	89.690231	82.278091	89.663559	94.961884	89.362823	94.994446	82.355667	81.959946	89.654419	83.602036	89.63488	83.325829	82.38533	89.661682	83.665718	89.326645	83.535141	89.596718	82.442589	82.270248	91.704727	88.540718	83.574722	89.493332	89.375015	83.718994	89.54155	88.427422	83.265083	82.672806	89.580452	83.637451	83.793648	88.531677	89.35495	89.485008	89.41011	96.087036	83.530075
93.628082	94.320953	83.742523	89.382187	83.846542	82.561958	93.592667	83.929993	88.372795	93.644318	94.402237	83.723099	82.579857	83.885605	84.8302	94.460007	84.575912	93.605728	83.729675	83.8647	84.229874	93.00148	82.236038	94.553879	83.908005	99.893082	83.86702	93.71991	93.481049	83.341263	84.124298	82.44986	89.586365	100.0	99.892273	98.898697	88.454948	82.552841	82.488647	93.478714	82.445557	93.552673	98.919617	93.515076	93.608994	94.345001	82.49617	89.547638	93.627014	82.543327	83.810257	84.600372	89.753838	93.504517	93.915817	82.554718	94.639427	89.764603	93.59523	89.721329	82.416168	82.134781	94.125458	83.96698	94.646164	83.3703	82.601921	93.502853	83.948311	93.616409	83.889923	94.628677	82.539856	82.507294	89.773987	88.65078	83.83168	99.883575	93.599464	83.780762	99.863678	88.602066	83.310463	82.968735	98.930649	83.860954	83.736252	88.67482	93.609016	94.341568	93.576225	89.545761	83.904251
93.445145	94.175323	83.687408	89.274361	83.967911	82.690308	93.447113	83.942108	88.358505	93.432465	94.166656	83.657166	82.670723	83.729164	84.749908	94.282814	84.466629	93.397774	83.670715	83.89872	84.192291	92.982391	82.183121	94.387756	84.385345	99.988785	83.7957	93.648979	93.489075	83.386826	84.593796	82.580048	89.496765	99.892273	100.0	98.782486	88.530243	82.518066	82.619606	93.452698	82.550659	93.373451	98.805573	93.461769	93.425972	94.200317	82.628052	89.473312	93.384995	82.552185	84.261169	84.52639	89.70134	93.454178	93.878197	82.651306	94.494576	89.710159	93.334564	89.716476	82.506744	82.13707	93.874847	84.109047	94.484406	83.368088	82.573776	93.505081	84.315308	93.431732	84.355881	94.469154	82.51622	82.555473	89.670288	88.629356	84.275299	99.988617	93.417282	84.150764	99.959328	88.735031	83.293869	82.913986	98.835251	84.343475	83.710098	88.637093	93.417862	94.156334	93.43145	89.590187	84.31485
93.691772	94.501183	83.836075	89.466148	83.91906	82.529091	93.67688	83.973663	88.452339	93.690796	94.302353	83.71077	82.495888	83.952652	84.675278	94.424355	84.572128	93.668503	83.654495	83.939949	84.177826	93.037598	82.222519	94.551346	83.905777	98.793579	83.857437	93.712288	93.450958	83.372147	84.192932	82.498116	89.571609	98.898697	98.782486	100.0	88.563751	82.619942	82.46347	93.424774	82.509323	93.621658	98.916107	93.474251	93.695824	94.324158	82.43425	89.585495	93.882034	82.569778	83.834412	84.564247	89.765999	93.48349	93.923462	82.528214	94.624458	89.728607	93.654175	89.740273	82.397484	82.133667	94.079742	84.005508	94.747719	83.326218	82.628769	93.442795	84.007141	93.638336	83.953011	94.620941	82.498291	82.547928	89.75415	88.72773	83.919067	98.778084	93.660522	83.949333	98.84745	88.60434	83.221268	82.863411	98.879318	84.015289	83.698875	88.682983	93.696701	94.540993	93.708786	89.550301	83.897285
88.437119	88.735085	83.680481	88.109039	83.737747	82.344833	88.389908	83.808807	88.428902	88.459717	88.626373	83.703438	82.569939	83.711624	84.414429	88.763245	84.409706	88.430176	83.635696	83.730377	84.042992	88.323494	82.11068	88.594025	83.693832	88.530273	83.694038	88.590256	88.474487	83.21727	83.929688	82.347656	88.32412	88.454948	88.530243	88.563751	100.0	82.516998	82.366104	88.40361	82.424469	88.380486	88.516724	88.497955	88.403168	88.513855	82.400604	88.287857	88.374802	82.418007	83.59668	84.663315	88.58252	88.519463	88.696335	82.404907	88.688019	88.611198	88.416336	88.600113	82.319572	82.176384	88.555206	83.743813	88.770828	83.288132	82.521927	88.523666	83.725815	88.408333	83.742935	88.680473	82.478668	82.423965	88.072159	93.999313	83.647133	88.531158	88.3741	83.632553	88.495056	93.969177	83.294083	82.853302	88.462509	83.728882	83.665527	94.010849	88.290451	88.588394	88.43399	88.341705	83.746887
82.500893	82.452049	81.384506	82.391304	82.129501	82.097961	82.537498	82.145981	82.406807	82.519218	82.317612	83.161469	82.45031	81.352036	82.298676	82.54425	82.257637	82.560272	83.290207	83.177689	83.496155	82.522072	88.82148	82.532242	81.996567	82.499634	81.358826	82.696991	82.61953	81.148941	82.0896	82.375336	82.27446	82.552841	82.518066	82.619942	82.516998	100.0	82.462692	82.445114	82.380753	82.482574	82.514053	82.586769	82.5177	82.561569	82.454575	82.352524	82.560722	82.488831	81.949448	82.323135	82.53949	82.603851	82.586304	82.162582	82.564354	82.542145	82.509949	82.539398	82.367226	88.851418	82.582596	82.125381	82.537888	82.743614	82.2146	82.552673	82.233765	82.574585	82.039757	82.533188	82.515656	82.512741	82.534721	82.713745	82.156616	82.533188	82.550385	83.218918	82.536812	82.632996	82.863983	81.268845	82.492401	82.179749	83.338272	82.763573	82.625107	82.610275	82.572647	82.377998	81.963669
82.462112	82.387108	81.570282	82.51149	82.056351	84.220848	82.48912	82.174149	82.391846	82.478043	82.392677	85.217331	98.509308	81.534515	82.198792	82.402092	82.223801	82.46328	83.852737	84.042023	84.703842	82.46402	82.198532	82.355759	82.303299	82.522873	82.122513	83.316177	82.388229	81.42672	81.849335	98.684006	82.429169	82.488647	82.619606	82.46347	82.366104	82.462692	100.0	82.447601	98.679977	82.378845	82.430397	82.486664	82.418785	82.56456	99.99707	82.481903	82.445755	98.688179	82.260674	82.095398	82.45314	82.485008	82.451294	84.141602	82.447533	82.449417	82.444862	82.460304	99.799362	82.207184	82.452759	82.317329	82.513908	83.801575	83.596375	82.469788	81.814728	82.519547	82.285446	82.531334	97.881996	96.512955	82.477386	82.388947	81.912827	82.603119	82.410927	84.042557	82.544098	82.464195	84.327011	81.098366	82.474174	82.18866	83.864105	82.348099	82.429428	82.644272	82.448257	82.423935	82.34259
94.417236	94.132805	83.795624	89.493042	83.749992	82.51416	94.441528	83.844627	88.254425	94.430557	94.129639	83.773048	82.552933	83.77623	84.9244	94.598785	84.522217	94.433723	83.782089	83.789719	84.181625	94.465515	82.226273	94.348137	83.775658	93.384293	83.837433	94.435036	95.771408	83.237137	84.091339	82.384888	89.528442	93.478714	93.452698	93.424774	88.40361	82.445114	82.447601	100.0	82.393501	94.376099	93.428192	95.715378	94.416321	94.100204	82.455276	89.573959	94.401993	82.406715	83.716125	84.592728	89.689911	95.711472	94.339203	82.557129	94.308289	89.733902	94.460587	89.71479	82.405136	82.221596	95.687408	83.762833	94.25486	83.387772	82.544006	95.686348	83.807205	94.403893	83.811569	94.312286	82.520737	82.416946	89.686676	88.736343	83.80896	93.437607	94.427841	83.798111	93.453308	88.542786	83.290421	82.867889	93.449371	83.770988	83.757462	88.739456	94.425903	94.064575	94.394989	89.467545	83.806
82.420242	82.4048	81.569901	82.494354	82.087708	84.597885	82.435608	81.799004	82.312767	82.45681	82.311829	85.324852	98.704994	81.523964	82.286903	82.443657	82.101387	82.398689	83.827698	83.967926	85.072601	82.407944	82.180832	82.358261	82.046097	82.548645	82.092377	83.070465	82.359734	81.30999	82.366104	99.998642	82.412445	82.445557	82.550659	82.509323	82.424469	82.380753	98.679977	82.393501	100.0	82.33551	82.431526	82.440605	82.379379	82.575073	98.6931	82.486252	82.459641	99.080185	81.944275	82.150864	82.432541	82.435089	82.339294	84.082748	82.346069	82.441902	82.382553	82.43438	98.67305	82.174286	82.368515	81.924026	82.377151	83.700165	83.964905	82.356415	81.909729	82.427444	81.886597	82.371452	97.552521	96.519821	82.400726	82.521957	81.861557	82.526703	82.418182	84.361702	82.560249	82.602348	84.309433	81.057556	82.384094	81.863251	83.80748	82.461517	82.325218	82.656578	82.375336	82.448456	81.991409
99.641624	94.145714	83.820503	89.316132	83.920212	82.438049	99.650467	83.97142	88.134804	99.628532	94.079361	83.625793	82.495895	83.824249	84.733231	94.408295	84.675461	99.620071	83.637749	83.734741	83.984924	99.200714	82.129807	94.276176	83.93203	93.378151	83.757462	93.732529	94.095985	83.253693	84.12236	82.297897	89.365997	93.552673	93.373451	93.621658	88.380486	82.482574	82.378845	94.376099	82.33551	100.0	93.659439	94.148071	99.639832	94.32811	82.353668	89.312469	99.596542	82.399841	83.850372	84.639	89.523689	94.123856	93.558624	82.505249	94.265305	89.558182	99.636841	89.542542	82.333397	82.081177	94.749603	83.990189	94.196732	83.243713	82.508026	94.140259	83.9673	99.640808	83.915863	94.229385	82.485718	82.390625	89.681534	88.69194	83.948212	93.377243	99.647491	83.683189	93.343613	88.546143	83.205536	82.741211	93.720016	83.911842	83.658356	88.730324	99.562996	94.220245	99.553833	89.320511	83.877487
