1522758.3	2676871.3	2898276.3	1054862.11	1169025.9	54571.45	1218177.5	284034.3	2609809.3	1940.3	53451.4	40318.3	2717324.3	2726118.3	2801031.3	2582831.3	2730915.3	1306175.6	2684468.3	2662065.3	285578.12	1333528.4	1690221.3	1648182.5	2653200.3	1887.6	67294.3	1907.4	45398.5	1984801.3	54571.47	1950.16	2305221.3	83656.9	58346.16	2721244.3	59299.27	2684469.3	1854574.8	66871.3	1038929.12	2203205.3	2072505.3	2282738.3	234612.4	68214.14	1901.15	73044.12	2005885.3	1906.17	92644.3	193462.5	2742136.3	403935.6	68570.35	38300.4	1413221.3	2496836.3	1915.4	2710756.3	2099584.3	264445.3	114686.5	164348.7	1885.4	1751294.3	1812480.3	1725411.3	1077946.3	2878388.11	1920.4	1882757.3	249586.4	54571.42	1160718.9	42881.4	54571.46	1932.7	1905.9	2094021.4	2202000.4	2705439.3	54571.11	2692234.3	1226757.9	67294.6	1893.7	2781734.3	116188.4	47716.12	2801030.3	100226.137	51201.9	67367.6	68203.16	1214101.3	2293571.4	54571.44	408015.13	2825844.3	2772432.3	2306165.3	1079985.11	35621.24	73044.9	68270.4	67267.5	2083284.3	2174846.3	1616117.8	67345.6	39478.4	1888.11	862751.12	2721243.3	146923.5	2203210.3	2838015.3	2750025.3	47760.6	2801029.3	48665.5	2495589.3	646637.3	553510.3	285570.6	2135430.3	2585716.3	1437453.6	2742130.3	1827580.3	83656.11	2750011.3	1855352.4	1577075.3	2714844.4	1967.6	2768068.3	2855836.3	67263.32	2721173.3	316280.3	1535768.3	665577.7	2742137.3	2748873.3	2136401.3	278992.5	455632.4	2594462.3	68202.83	1649184.3	132474.54	1442032.3	2109593.3	28894.3	33900.17	2305220.3	2751189.3	2721245.3	2865673.3	2175864.3	2049881.3	2840373.3	591167.6	227882.62	1888.43	67304.8	2184053.3	36818.16	424188.3	54571.48	2203204.3	1403539.3	33899.19	2692233.3	68209.3	476552.4	2607753.3	362257.4	2662397.3	2599401.3	1214242.5	66425.3	68175.4	2797636.3	202862.4	1912.57	2797167.3	436397.4	319947.4	66374.6	1969.8	2695266.3	1972846.3	68232.3	2768066.3	47763.39	2809700.4	371608.7	132473.7	1783515.3	58340.34	67296.3	2768069.3	54571.43	1355015.12	80860.3	1977088.4	173860.4	1616117.3	1890.28	2866715.3	1223523.8	2838850.3	2686304.3	2738410.3	1176198.4	1849967.7	1664033.3
100.0	81.6026	81.552658	80.718277	81.060471	81.23452	81.042831	81.361671	80.692101	81.146294	80.759056	80.634148	81.07412	81.085907	87.657715	81.028641	80.903214	80.723175	82.126198	81.066315	80.904221	80.921867	81.168236	86.925491	80.665276	81.171463	82.12011	81.276245	81.022308	79.787537	81.202515	81.585892	81.26915	80.090637	80.686928	80.997635	81.120575	80.031631	81.381752	80.927513	80.557831	81.503677	81.152451	80.950134	86.860107	80.862335	80.678429	81.168655	81.904205	81.306641	79.832001	81.063507	80.472977	80.374443	80.685966	81.526169	80.731766	80.783592	80.701187	79.320824	86.712494	80.877609	81.004326	80.84655	81.24762	81.107224	86.944885	80.788055	81.87323	78.47673	80.773056	81.02356	80.854416	82.300385	80.703621	81.171188	81.212982	81.292191	82.415779	82.217865	80.550201	81.063065	82.102943	80.647675	80.185181	81.848984	81.374817	80.873817	80.928513	80.787048	80.606079	81.172272	81.269127	82.267105	81.338181	81.018997	80.632065	85.39003	79.144028	81.029877	81.872543	80.876862	80.995041	80.561966	81.257469	80.824387	81.043159	81.174759	81.554962	82.057358	80.976746	81.749466	80.665726	81.437874	80.806946	81.128983	79.132698	81.12603	81.83902	80.80719	80.655029	79.193085	81.004547	80.980423	80.73703	81.093208	80.759674	81.368912	80.990433	80.08049	81.253387	80.618729	80.352859	78.798424	80.907295	81.288826	81.12114	81.360191	81.839455	81.897858	80.951317	81.630157	81.841423	81.103271	80.124603	81.809692	80.754089	81.077347	81.651337	80.928818	81.898361	81.711685	80.750885	80.889999	81.199821	81.333321	80.992813	86.841507	81.115112	80.701996	80.665619	79.128036	81.083191	81.836411	81.395638	81.130936	79.305519	81.126587	80.839233	87.059929	80.82724	82.090645	80.918564	80.79351	81.270081	81.185646	85.443832	79.891708	87.178635	82.208832	80.974136	80.366844	81.170822	81.074615	80.014175	80.682381	81.680206	80.78009	79.595421	81.544556	80.951157	87.623894	80.763779	81.025589	87.532211	81.275986	80.055557	80.880508	80.616135	79.979591	81.561096	81.157089	87.234184	81.567833	81.348145	87.461365	80.387177	81.178474	82.133667	81.135468	81.224319	81.126228	80.767624	80.67907	81.354805	80.770996	80.604843	79.208069	80.998581	81.793518
81.6026	100.0	82.291916	81.213394	81.937576	81.731316	81.206833	81.340599	81.072357	81.146164	81.17231	81.008789	81.979996	81.511559	81.749985	81.202301	81.43222	80.87262	83.038742	81.555885	81.135696	82.058228	82.268661	81.530533	81.158958	81.802391	82.336121	81.684921	81.341705	80.17028	81.812248	87.926468	81.660385	80.573395	80.888031	81.46981	81.641449	80.22084	81.843964	81.466736	80.877655	81.803543	81.464333	81.861076	81.617149	81.319138	81.735001	81.505981	82.44545	81.793396	80.368866	82.192726	80.824745	80.494308	80.889984	93.224823	81.382248	81.106964	81.236618	79.748169	81.307526	81.298363	81.422966	81.305466	81.557388	81.587753	81.655525	81.373596	82.174133	78.735405	81.070244	81.256348	81.133347	82.80304	80.930252	81.609863	81.821442	81.605316	83.352966	82.666748	80.837601	82.182861	82.551445	81.054626	80.625778	82.555054	82.333878	81.260834	81.431747	81.23481	81.076859	81.622803	81.166702	82.672058	81.819427	81.504593	80.970589	81.743355	79.192459	81.355988	82.480301	81.286781	81.424126	80.568108	81.555664	81.409592	81.433746	81.702553	82.690491	83.296982	81.279419	82.174683	80.845863	82.334343	81.287888	81.639786	79.441559	81.361816	82.56604	81.300705	81.139732	79.121796	81.332306	81.271606	80.932343	81.716232	81.07795	81.941612	81.457687	80.329361	81.698029	81.662384	80.575363	78.574524	81.252518	81.673965	81.617874	83.978882	82.583466	82.464081	81.282501	88.204529	84.205544	81.820198	80.708809	82.303314	81.2995	81.47229	82.486099	81.31723	82.436111	82.409103	80.918945	81.157013	81.686172	82.027298	81.258133	81.438095	81.327797	80.778015	81.074387	79.554604	81.599716	82.401237	82.089188	81.61293	79.697662	81.15303	81.376717	81.751907	81.261414	82.557449	81.417023	80.939499	81.315605	81.324867	81.612785	80.401672	81.618797	82.57811	81.468155	81.633568	81.640961	81.060303	80.484917	81.304489	82.526794	81.036438	80.112534	82.152985	81.525307	81.62175	81.283096	81.409515	81.64328	81.656166	80.439636	81.090103	80.917435	80.095306	81.814514	81.38829	81.562027	82.375969	81.757584	81.683792	80.788803	81.481499	83.291672	81.153137	81.692215	81.461548	80.915298	80.628403	81.750946	81.121872	80.820145	79.266663	81.431381	82.482323
81.552658	82.291916	100.0	81.251068	81.476952	81.590355	81.544327	81.397087	81.285713	81.263107	81.336716	81.237999	81.82914	81.806549	81.473434	81.564758	81.606827	80.984352	82.820404	81.665268	81.046143	81.362755	82.099724	81.644989	81.135231	82.030029	82.830101	81.945587	81.451599	80.403641	81.538712	82.231033	81.782303	80.38739	80.669891	81.126755	82.028778	80.784859	81.915535	81.414902	80.881241	81.746445	81.754242	81.481094	81.700256	81.397385	81.423309	81.791672	82.25782	81.599167	80.394104	81.550095	80.896713	81.108337	80.890968	82.208801	81.270935	81.165985	81.217651	79.702881	81.146759	81.620628	81.401054	81.492455	81.988571	81.960266	81.617081	81.540955	81.925156	79.146362	81.038162	81.340179	81.154633	82.656609	80.874771	81.767982	81.73204	81.86586	83.036636	83.316536	80.617599	81.581116	82.620895	80.933678	80.556282	82.216644	81.717804	81.162598	81.2995	81.562454	81.036758	81.704163	81.413666	82.836121	81.970726	81.555969	80.641609	81.616402	79.577324	81.55867	82.096542	81.199921	81.464417	81.021637	81.812141	81.486343	81.434952	81.625702	82.511017	82.759911	81.495445	82.63298	81.049286	81.9636	81.24913	81.702682	79.825089	81.41304	82.084557	81.180527	81.058578	79.379501	81.248215	81.257263	80.92894	81.934738	81.081818	84.507767	81.998291	80.429886	81.854195	81.433594	80.694016	78.749802	81.528137	82.199005	81.269058	82.232849	82.004517	82.055161	81.541328	82.260834	82.017288	82.053497	80.616379	82.219742	81.178619	81.70108	82.176102	81.102325	82.027458	82.066978	80.854248	81.620407	81.931198	81.747971	81.326828	81.661522	81.675629	80.584915	81.181702	79.579819	81.460014	82.222794	81.614594	81.345779	80.002159	81.229027	81.282036	81.750137	81.399414	82.597641	81.609718	80.743561	81.517014	81.613495	81.994942	80.521118	81.606941	82.800507	81.178787	81.241821	81.758423	81.396118	80.281837	81.029839	82.200714	80.726151	80.372818	92.113785	81.183273	81.43763	81.203224	81.611076	81.501427	81.730225	80.878433	81.035828	80.782234	80.32251	81.81929	81.594955	81.806885	81.733231	81.623596	81.452103	80.904205	81.708252	84.005096	81.349319	81.348915	81.707504	81.040817	81.233315	81.687241	81.266846	80.91394	79.607895	81.657646	82.154709
80.718277	81.213394	81.251068	100.0	80.647614	82.121201	81.037354	80.814651	92.453079	80.70665	80.965431	82.936028	80.915649	83.43895	80.779617	82.919662	84.016037	80.411423	81.53775	83.336945	80.728935	80.547836	80.905121	80.782211	90.334869	83.342499	81.410645	83.727753	83.251083	80.110718	82.290176	81.19207	83.603157	80.394577	80.333473	83.672989	83.516495	79.805542	82.290726	81.926651	80.248566	82.316788	84.295219	80.805618	81.010162	83.372864	80.545166	83.17543	81.254776	82.128685	79.990891	80.816132	81.184807	80.247528	80.48262	81.279129	84.112907	84.020233	84.2612	79.269485	80.410553	83.260834	83.926445	83.243416	83.830635	83.343765	80.941734	83.881409	81.527695	78.376663	80.595306	84.077225	83.960274	81.562538	80.481735	84.001495	82.174728	83.389572	81.688828	81.668365	80.410461	80.770706	81.348442	80.619537	80.372948	81.389732	80.88427	84.049278	84.049454	83.242905	89.82798	83.417122	80.601151	81.485565	83.961578	84.057106	80.499146	81.111862	79.02475	83.381882	81.212029	84.124268	84.188675	80.294876	82.997894	81.960678	81.916603	83.423233	81.145813	81.508286	83.174942	81.266083	81.264374	81.004173	83.885513	83.539581	79.284271	84.188904	81.267487	83.89122	89.877029	78.792526	84.154175	83.68985	80.578445	83.562363	83.575157	80.91922	83.549065	79.877045	83.798004	80.606445	80.388138	78.332855	83.296013	83.974876	82.064789	81.180443	81.373459	81.311157	83.060196	81.19873	81.433014	83.856903	80.222626	81.189552	81.768196	83.41684	81.188965	83.83815	81.274506	81.276474	80.362503	83.173447	83.622955	81.00296	82.746033	80.847725	82.909241	80.387154	90.172668	79.169373	83.982956	81.289001	80.966492	84.18914	79.378838	83.994415	83.473389	80.925613	90.200409	81.422348	83.394844	80.53228	84.110092	82.928879	80.758339	80.057556	80.802505	81.368042	83.67337	80.411011	83.455353	80.576462	80.2388	83.935097	81.279236	80.472275	80.666534	81.389862	82.066948	80.748871	83.859741	87.631348	80.848984	83.966286	82.456963	80.675446	83.584389	79.762711	82.279465	83.954483	80.815262	81.02047	82.435524	80.817856	82.364639	83.392288	81.692337	80.55584	82.094444	83.901932	80.48867	80.363914	82.247192	83.052292	80.417908	79.088531	83.035492	81.344879
81.060471	81.937576	81.476952	80.647614	100.0	81.149506	81.068878	81.069595	80.574478	80.777664	81.029228	80.393654	81.776245	80.921875	81.129166	80.768051	80.717072	80.473938	82.164749	81.050278	80.903679	81.310204	81.269272	81.044266	80.433624	81.063751	81.759247	81.072906	80.877449	79.923973	81.236763	82.038971	81.153725	80.493385	80.761436	81.049744	81.108192	79.791275	81.418701	80.972931	80.46611	81.442062	80.967361	81.503693	81.187714	80.554276	80.780212	81.031067	84.464958	81.443619	79.96022	81.739044	80.354996	80.172043	80.392662	81.987686	80.689514	80.673058	80.742065	79.242615	80.821945	80.634819	80.765808	80.566208	81.059738	81.01519	81.015854	80.839622	81.861328	78.531265	80.677155	80.648041	80.766556	81.894386	80.636024	80.927383	81.368729	81.101402	82.171646	81.950439	80.552933	81.851852	82.011635	80.577805	80.139389	84.628891	84.252701	80.778145	80.79776	80.932861	80.609283	81.181503	80.757141	81.887634	81.362	80.859802	80.588165	81.212952	78.947876	80.721329	84.67807	80.75943	80.859772	80.368126	81.019516	80.931915	80.879654	81.160889	81.593506	82.204453	80.94339	81.511124	80.64962	86.764519	80.960304	81.203049	79.097168	80.856407	84.635284	80.964691	80.467575	78.798355	80.831619	80.851181	80.537094	81.017715	80.627258	81.267303	81.000626	80.074471	81.168137	80.685928	80.263641	78.432869	80.711533	81.060226	81.320671	81.861534	84.666801	84.596741	80.820511	81.948639	82.376244	81.139008	80.127022	84.2957	80.795654	80.995575	84.328598	81.012222	84.737183	84.33667	80.441711	80.815781	81.113998	85.821274	80.630966	81.153099	80.713943	80.598251	80.556732	79.091095	81.198364	84.316635	89.803909	81.167633	79.431824	80.901352	80.850563	81.221672	80.704987	81.794472	80.784859	80.565819	80.949112	80.782455	80.963226	79.931129	81.080093	82.073471	81.076416	80.651871	80.913605	80.666512	79.936798	80.786568	84.249451	80.872429	79.657753	81.465263	81.319	81.118561	80.724129	80.764221	81.086914	80.984039	80.041023	80.727249	80.6297	80.020119	81.407654	80.867264	81.110054	84.995277	81.179306	81.178253	80.346664	80.776527	82.162895	80.770699	81.265289	80.854218	80.576172	80.380569	81.31501	80.629005	80.456696	79.060425	80.942543	84.549446
81.23452	81.731316	81.590355	82.121201	81.149506	100.0	81.577103	81.330482	82.031204	81.165497	81.415215	81.655624	81.330055	82.123314	81.209106	81.884033	82.19516	80.894699	82.185966	82.400208	81.092445	80.942932	81.15229	81.262878	82.06662	82.256454	81.875908	82.241119	82.175064	80.609093	93.599762	81.660614	82.454865	81.196899	80.768799	82.679688	82.297256	79.697868	87.577438	84.608353	80.372566	87.871689	82.550674	81.117508	81.356667	82.006187	80.578064	82.15712	81.974213	87.189102	80.27597	81.361656	81.35273	80.152786	80.785385	81.73481	82.336166	82.190811	82.101532	79.38179	81.087952	81.926468	82.184525	81.928299	82.399513	82.187317	81.401825	82.34053	82.254807	78.500671	80.935043	82.166969	82.00425	82.17215	80.769455	82.392975	94.072861	82.115463	82.344627	82.12291	80.78138	81.253937	81.963333	80.925674	80.477394	82.049782	81.600845	82.274292	82.275658	82.178444	81.905792	82.314011	81.087555	82.025528	82.516113	82.293915	80.874275	81.273056	78.977936	82.049904	82.022995	82.27298	82.419846	80.628204	81.995781	84.244041	84.49736	82.397713	81.366592	82.169754	81.899826	81.627922	81.463814	81.588806	82.688721	82.489883	79.543533	82.425415	82.026901	82.667816	81.965897	78.708923	82.471573	82.358116	80.988373	82.31546	81.778587	81.363663	82.19545	80.264008	82.549942	80.517494	80.513512	78.306641	81.885452	82.507751	87.70726	81.406265	81.927704	81.814087	81.923149	81.640282	82.08757	82.319649	80.244202	81.853455	84.141983	82.320183	81.833664	82.700104	81.951469	81.772736	80.804901	81.772537	82.373749	81.186462	81.776718	81.339119	81.855545	80.748871	81.87941	79.383881	82.877777	81.88063	81.446426	82.856323	79.801712	82.122528	82.02948	81.339149	82.124176	82.065292	81.926918	80.905403	82.328064	81.914322	81.332611	80.152328	81.240677	81.943871	82.64904	80.431366	82.234665	80.926453	80.203018	82.638062	81.89267	80.875534	80.138168	81.605698	85.557655	81.098831	82.306152	82.252907	81.273132	82.248215	81.076538	81.090881	82.167839	79.995239	87.819611	82.277878	81.323463	81.655319	83.245438	81.260841	81.218307	82.082764	82.276138	81.08345	87.782982	82.173859	80.943611	80.701218	87.668259	81.765182	80.754807	78.995438	82.101379	81.941864
81.042831	81.206833	81.544327	81.037354	81.068878	81.577103	100.0	81.022758	81.05014	80.937584	91.727264	80.938156	80.997452	81.553696	81.030968	81.398849	81.15416	80.74437	81.706711	81.74855	81.119659	80.606384	81.016861	80.978065	80.986374	81.873978	82.088203	81.834732	81.74382	80.992722	81.640671	81.274307	81.920113	81.130493	80.748016	81.050995	81.899292	80.398834	81.92424	81.369469	80.991867	81.701355	81.49617	81.05616	81.18808	81.210876	80.850464	81.924667	81.920135	81.817551	80.154282	81.04747	81.276077	80.955154	80.89621	81.337059	81.057526	80.928047	81.006935	79.440544	80.729179	81.253708	81.266609	81.108925	81.724548	81.87117	81.164627	81.351257	81.47625	78.945419	80.980324	81.078781	81.003677	81.569504	80.852402	81.575958	81.574997	81.865433	81.544975	82.053589	80.588654	81.01799	81.362762	80.919708	80.248909	82.03701	81.023697	81.149551	81.171837	81.89621	80.818436	82.109879	80.978523	81.575272	81.927704	81.278152	80.750717	81.007797	79.611298	81.363258	82.018867	81.098297	81.210159	80.834465	81.887947	81.319374	81.381569	81.899727	81.167656	81.497238	81.58242	81.433754	81.68779	81.570694	81.022858	81.870758	79.599556	81.290192	81.816658	81.086395	80.79097	79.061234	81.303375	81.364838	80.90094	81.920013	80.877769	81.302536	81.746468	80.303123	81.691513	80.745216	80.454277	78.7276	81.300049	81.849411	81.318329	81.507294	81.971893	81.994629	81.287567	81.238968	81.05748	81.816559	80.44043	82.066719	81.288719	81.72467	81.907265	80.987503	81.904526	81.965279	80.796677	81.280396	82.115974	81.542366	81.329926	81.141411	81.457214	80.690788	80.874954	79.80938	81.303749	82.023544	81.40976	81.187439	79.886093	81.255432	81.100113	81.358551	81.202705	81.49028	81.539871	80.693855	81.331802	81.468826	81.340004	79.933296	81.139717	81.539993	81.310509	80.660614	81.591438	81.075439	80.137421	80.898575	81.818054	80.84584	80.335098	81.710854	81.097878	80.872864	81.02681	81.389267	81.030434	81.577332	80.524391	80.931725	81.017944	80.207062	81.664986	81.366425	81.19989	81.205666	81.656982	81.098557	80.703384	81.472214	81.721481	81.033264	81.479958	81.569595	81.117989	80.736847	81.713974	81.25972	80.849228	79.74884	81.819397	82.010803
81.361671	81.340599	81.397087	80.814651	81.069595	81.330482	81.022758	100.0	80.75975	86.789062	81.198441	80.73819	81.071251	81.217133	81.192566	81.033829	80.816109	81.950806	81.525452	81.097763	82.119789	80.841202	81.037247	81.320381	80.689377	81.181091	81.546715	81.236908	81.026871	80.076096	81.297272	81.339111	81.197693	80.293335	81.865097	80.918243	81.237503	80.566589	81.639374	81.196426	81.461243	81.458344	81.084587	81.062775	81.322762	80.936287	80.824554	81.488716	81.637917	81.38533	81.495392	80.968445	80.677109	81.276154	81.86618	81.391098	80.895081	80.713928	80.815231	80.078819	80.858032	80.870865	81.016296	80.793533	81.318573	81.168388	81.31572	80.953552	81.529022	79.08342	81.806625	80.826981	80.652222	81.509834	81.853088	81.136917	81.448853	81.192276	81.697052	81.652138	81.63694	80.835999	81.295639	81.918518	81.975235	81.449203	81.119713	80.689713	80.930702	80.951324	80.588898	81.254288	84.984566	81.434113	81.385284	80.93779	81.914536	81.295593	79.595551	80.983818	81.59642	80.677643	80.992805	83.669479	81.523293	81.180367	81.107841	81.272171	81.218552	81.588516	80.849342	81.173218	80.813919	81.29525	80.749916	81.14682	79.97345	81.005905	81.50177	80.892639	80.647346	79.377609	80.842064	80.88649	82.028	81.170502	80.687683	81.195023	81.167915	81.369247	81.090836	80.674072	81.984558	78.941376	80.893097	81.331879	81.146408	81.316879	81.462845	81.630783	80.904938	81.334427	81.491211	81.236923	81.765442	81.42717	81.038788	81.021317	81.475861	80.820061	81.614151	81.416351	81.877289	81.104622	81.292618	81.27829	80.934402	81.455719	80.963058	81.714279	80.652405	79.986984	80.9907	81.485298	81.172424	81.040573	80.183937	80.993546	80.846573	81.392982	80.657173	81.29921	81.056816	82.054161	81.031639	81.15802	81.303642	81.526093	81.178429	81.473923	81.02359	80.549896	81.090347	84.752106	81.702988	80.871384	81.612976	81.95253	79.7575	81.51152	81.086868	81.227753	80.73439	80.880592	81.239532	81.034515	80.075897	82.23613	80.644119	81.167984	81.668152	80.947205	81.255692	81.174385	81.073822	81.231522	80.475761	81.076965	81.852264	85.790283	81.227554	81.143814	81.86454	83.626801	81.317001	80.742226	82.001083	79.760643	81.19902	81.567947
80.692101	81.072357	81.285713	92.453079	80.574478	82.031204	81.05014	80.75975	100.0	80.584908	80.85936	82.832115	80.905212	83.475922	80.770691	82.852875	83.97673	80.433029	81.569778	83.39679	80.618622	80.547913	80.843582	80.718285	89.885086	83.335144	81.450943	83.745743	83.27243	80.098633	82.005714	81.13736	83.619446	80.346191	80.348785	83.438148	83.428734	79.753647	82.235168	81.842659	80.418915	82.271477	84.220123	80.765045	80.961624	83.304008	80.545731	83.176239	81.260811	82.179642	79.957214	80.835686	81.16893	80.285629	80.38118	81.232742	84.04303	84.057991	84.106522	79.334198	80.445915	83.253662	83.845901	83.225571	83.723312	83.280304	80.852173	83.879692	81.386887	78.605743	80.517761	84.153488	83.733948	81.608505	80.410667	83.870804	82.088577	83.428543	81.669189	81.583542	80.343109	80.750061	81.256226	80.572968	80.238678	81.294373	80.761841	84.087273	83.902847	83.096039	89.126175	83.438873	80.778755	81.52272	83.951233	83.799545	80.445732	80.940506	79.035393	83.35408	81.148468	84.137955	84.115952	80.341766	82.933022	81.818062	81.847778	83.496521	81.145767	81.574036	83.252777	81.184868	81.222946	81.074516	83.689568	83.45929	79.233887	84.106415	81.264793	83.715607	89.127838	78.838913	84.175049	83.719971	80.50148	83.624588	83.86618	80.957573	83.367516	79.84919	83.787201	80.478516	80.375031	78.392761	83.276543	83.986755	81.933548	81.178223	81.225693	81.239197	83.029922	81.186386	81.21582	83.779007	80.337204	81.05899	81.715546	83.402969	81.139359	83.764267	81.244667	81.192673	80.424377	83.115799	83.57254	81.048401	82.814392	80.984276	82.8685	80.360847	89.536819	79.242119	83.923782	81.363159	80.971252	83.993744	79.449615	84.101189	83.442169	80.824677	89.78508	81.349365	83.296341	80.551361	83.929092	83.075424	80.825043	80.001343	80.73143	81.40329	83.569954	80.34687	83.501328	80.613281	79.980682	83.79509	81.298447	80.532135	80.748627	81.326096	81.860809	80.770523	83.805176	87.425499	80.796745	83.935318	82.524254	80.740463	83.446289	79.708862	82.24263	83.899643	80.860123	81.095749	82.328552	80.858101	82.266693	83.385666	81.720993	80.72348	82.062431	83.89801	80.550842	80.264557	82.082138	83.003174	80.350433	79.146423	83.222977	81.293274
81.146294	81.146164	81.263107	80.70665	80.777664	81.165497	80.937584	86.789062	80.584908	100.0	80.949585	80.62989	80.958939	81.083282	81.274498	81.002556	80.814835	82.114746	81.498688	80.947838	81.906738	80.733635	80.71254	81.253632	80.420258	80.990021	81.50779	81.105377	80.861099	79.973221	81.12326	81.260864	81.066071	80.021126	81.607452	80.772026	81.264511	80.570282	81.37487	80.935654	81.323822	81.367004	80.95723	80.857201	81.200729	80.739647	80.598495	81.31562	81.471642	81.291672	81.181015	80.761398	80.532623	81.113312	81.642517	81.111031	80.640991	80.585014	80.704102	79.794754	80.845474	80.779831	80.813828	80.781166	81.141701	81.129227	81.276283	80.747147	81.523193	78.879654	81.766312	80.740837	80.541382	81.658371	81.76091	81.007324	81.185806	81.002426	81.76638	81.725235	81.582138	80.686775	81.285538	81.897018	81.558426	81.449768	81.018799	80.66124	80.854713	80.865067	80.438324	80.985229	85.091843	81.462082	81.227402	80.723785	81.734924	81.188866	79.762009	80.920258	81.47287	80.726715	80.924278	83.507324	81.310425	81.046463	80.921547	81.093262	81.122482	81.584457	80.75473	81.155106	80.726776	81.241241	80.616188	81.092178	79.705261	80.931168	81.295563	80.590179	80.501541	79.317001	80.753082	80.731453	81.925354	81.076248	80.613045	80.962425	80.985283	81.167068	81.158279	80.512146	81.676941	78.924225	80.809143	81.270302	81.053902	81.035057	81.371452	81.583214	81.097809	81.243729	81.478882	81.22718	81.733765	81.400223	80.931091	81.013977	81.364746	80.653999	81.518158	81.379913	82.005768	80.810425	81.201363	81.075706	80.910904	81.215149	80.9319	81.533821	80.404816	79.804733	80.898895	81.309799	81.093018	80.832436	79.975868	80.928894	80.71048	81.295273	80.729156	81.340591	80.841461	81.875885	81.019035	80.982864	81.338852	81.294159	81.063072	81.404335	80.800087	80.374901	80.957718	84.820435	81.23848	80.56324	81.471085	81.708626	79.619247	81.250618	80.899948	81.218033	80.70327	80.878937	81.142868	81.008301	79.929504	81.956177	80.533501	81.039429	81.412033	80.837723	81.326019	81.116135	81.1073	81.077705	80.253754	81.004959	81.641418	86.219238	80.982285	81.052719	81.777328	83.543098	81.338043	80.741631	81.766403	79.696892	81.069878	81.441025
80.759056	81.17231	81.336716	80.965431	81.029228	81.415215	91.727264	81.198441	80.85936	80.949585	100.0	80.844452	80.810577	81.464539	80.788696	81.246376	81.031944	80.845123	81.434464	81.820374	80.974869	80.477142	80.901031	80.791229	80.882339	81.849213	81.792709	81.702843	81.638321	80.876663	81.396088	81.1772	81.699326	81.017563	80.636246	80.804153	81.678406	80.475861	81.716324	81.217201	80.822861	81.681175	81.364563	80.677948	80.868355	80.987228	80.745773	81.712204	81.784935	81.690506	80.080322	81.004364	80.972321	80.701355	80.742065	81.21376	80.979202	80.757614	80.957062	79.416718	80.516159	81.24823	81.130325	81.034943	81.550476	81.808289	80.89621	81.232346	81.338486	78.938126	80.880936	81.079239	80.852722	81.423775	80.856956	81.494049	81.476433	81.762848	81.507126	81.833084	80.453049	80.907623	81.230026	80.765556	80.316742	81.901764	81.117859	80.881744	81.023697	81.514999	80.807236	81.801308	80.918243	81.397751	81.86953	81.149269	80.493965	80.968567	79.493523	81.213196	81.776367	80.853233	81.147636	80.579483	81.73407	81.180313	81.152618	81.762589	81.103378	81.345329	81.501389	81.327316	81.454117	81.562187	80.762985	81.708923	79.37899	81.190842	81.671326	80.98201	80.69532	79.080811	81.081116	81.283661	80.674126	81.753601	80.794067	81.188126	81.625214	80.306702	81.462677	80.58773	80.344254	78.688995	81.07016	81.690323	81.260529	81.37326	81.769547	81.859375	81.139084	81.068527	80.797287	81.780563	80.316193	81.798973	81.05722	81.595741	81.729309	80.853546	81.728836	81.834824	80.741486	81.198601	81.98378	81.51445	81.200035	80.975998	81.276505	80.58075	80.852852	79.714203	81.144623	81.731323	81.172333	81.129654	79.928047	81.056854	80.987305	81.044754	80.99662	81.246399	81.371864	80.529755	81.271416	81.334343	81.019875	79.973106	80.844711	81.425301	81.028519	80.501953	81.467567	80.836365	80.096939	80.787186	81.639603	80.663177	80.212753	81.583191	80.982803	80.622482	80.899475	81.368973	80.861984	81.457527	80.370499	80.816574	80.788635	80.191666	81.531342	81.100296	80.910927	81.012299	81.602951	80.827309	80.742821	81.27211	81.695648	80.913071	81.346085	81.569763	80.930222	80.787086	81.508781	80.993942	80.807724	79.631744	81.636139	81.954247
80.634148	81.008789	81.237999	82.936028	80.393654	81.655624	80.938156	80.73819	82.832115	80.62989	80.844452	100.0	80.643852	83.408081	80.676895	83.159348	83.530197	80.501709	81.185883	83.10537	80.740356	80.779617	80.960274	80.684204	82.971985	83.241409	81.060959	83.477341	83.122665	79.972977	81.664047	80.966293	83.319016	80.412476	80.588242	83.450851	83.161926	79.881454	81.901581	81.64785	80.281738	81.974709	83.524376	80.944214	80.817581	83.436996	80.623978	83.140381	81.077652	81.797546	80.432976	80.689964	81.142395	80.308914	80.558777	80.981018	83.393494	83.106049	83.085228	79.246017	80.376404	83.320648	83.132797	83.234718	83.492828	83.026413	80.675003	83.323647	81.346741	78.605438	80.695068	83.226959	83.066032	81.112778	80.628548	83.55423	81.726028	83.177612	81.35067	81.222321	80.550713	80.692841	80.983215	80.567764	80.442413	81.172318	80.909988	83.17572	83.364769	82.840919	82.963776	83.220642	80.79007	81.052681	83.675713	83.423248	80.619766	80.948318	79.189606	83.304855	80.962631	83.163193	83.47464	80.514595	83.119499	81.733765	81.562759	83.26754	81.232628	81.392593	82.925316	80.984192	81.351181	81.034821	83.450211	83.155518	79.194893	83.408989	81.065292	82.718201	82.923828	78.918526	83.181152	83.582291	80.644882	83.412094	82.809097	80.902969	83.508926	79.786201	83.279938	80.500648	80.490829	78.622818	83.313164	83.661743	81.601402	80.950714	81.100365	81.109306	83.243378	81.012695	81.223022	83.8255	80.480072	80.974403	81.552261	83.224518	81.056442	83.416931	81.016266	80.945648	80.467705	83.067818	83.443802	80.732803	83.160278	80.702377	83.30246	80.65567	82.77301	79.294373	83.67482	81.091202	80.803162	84.241096	79.418915	83.157555	83.280899	80.697067	82.833466	80.962891	83.160477	80.529572	83.281593	83.361511	80.642967	80.422058	80.612434	81.258041	83.370667	80.359024	83.386108	80.713326	80.507645	82.879791	81.037979	80.589027	81.011703	81.038147	81.396324	80.75222	83.112305	83.080643	80.681	83.400734	81.513908	80.719299	82.893234	79.816986	81.959755	83.211708	80.713692	80.852486	81.754379	80.801804	82.494072	83.304611	81.478745	80.65361	81.589142	83.413223	80.499695	80.522079	81.7985	83.112701	80.650146	79.279854	83.560669	81.133667
81.07412	81.979996	81.82914	80.915649	81.776245	81.330055	80.997452	81.071251	80.905212	80.958939	80.810577	80.643852	100.0	81.00943	81.197083	80.840225	80.999893	80.597931	82.306198	81.105576	80.768112	84.271973	81.497528	81.148376	80.856781	81.307297	81.775314	81.188087	81.131317	80.332375	81.343987	82.152023	81.223061	80.511612	80.558014	81.096733	81.310974	79.711227	81.751259	81.173004	80.448822	81.58902	81.204285	83.787292	81.303619	80.863678	81.075912	81.277847	82.335678	81.506592	80.126862	83.221344	80.490021	80.272842	80.424423	82.028244	80.884628	80.766968	80.815742	79.433075	80.89299	80.802277	80.913925	80.693008	81.169647	81.196404	81.246895	80.929527	81.883842	78.660553	80.640671	80.908554	80.863815	82.03656	80.578247	81.167221	81.436699	81.201157	82.532532	82.264366	80.451782	83.145844	81.968018	80.530945	80.286827	82.377274	81.934944	81.007492	80.912384	80.954285	80.800217	81.127083	80.990997	81.949768	81.378799	81.055901	80.438187	81.127151	79.312347	80.921883	82.385818	80.897675	81.073967	80.537903	81.378693	81.074539	81.106689	81.213989	81.811447	82.617615	80.87812	81.501633	80.754669	82.24971	81.090645	81.300797	79.47052	81.045883	82.365326	81.150269	80.738144	78.589142	81.026886	81.025726	80.474869	81.18589	80.749283	81.35405	81.120407	80.151321	81.240669	81.052704	80.415588	78.204529	80.782974	81.282654	81.260056	81.850151	82.275299	82.370102	80.852333	82.136711	82.80101	81.215332	80.335312	82.260452	80.95018	81.067612	82.17926	81.136871	82.348389	82.29113	80.614548	80.867439	81.182098	81.915344	80.80719	81.117096	80.953918	80.496246	80.844803	79.159615	81.278214	82.142365	82.054077	81.262955	79.446503	81.071136	81.045868	81.28891	80.922478	81.985374	81.007149	80.613785	81.032898	81.043747	81.086975	80.02372	81.135658	81.905624	81.148163	81.023666	81.031845	80.870163	80.158852	81.018784	82.516762	80.765121	79.583664	81.820007	81.270798	81.221985	80.883347	81.022697	81.142189	81.179459	80.367302	80.753906	80.967621	80.075485	81.657547	80.931602	81.036789	82.11747	81.260315	81.334114	80.293015	80.865356	82.567291	80.853683	81.299347	81.076515	80.5541	80.498444	81.434898	80.750381	80.429451	79.186356	81.123352	82.334763
81.085907	81.511559	81.806549	83.43895	80.921875	82.123314	81.553696	81.217133	83.475922	81.083282	81.464539	83.408081	81.00943	100.0	81.2565	86.753448	84.898781	80.939423	81.774307	84.574966	81.181686	80.751007	81.283432	81.182182	83.299896	84.618576	81.877869	85.315292	84.461128	80.393646	82.13382	81.479218	84.844894	80.591446	80.745682	83.390266	84.588074	80.244247	82.616028	82.209167	80.62632	82.598381	85.079575	80.829575	81.203278	87.352448	80.748322	85.894669	81.50354	82.488968	80.307434	80.947075	81.507622	80.877747	80.944046	81.550087	84.799675	84.460419	84.568634	79.582047	80.803314	94.430473	84.580231	88.105652	85.841972	84.402435	81.314384	85.157745	81.707306	78.714905	81.10717	84.692863	84.486725	81.856155	80.862862	84.974197	82.190491	84.58667	81.981766	82.045731	80.630249	80.888306	81.675812	80.952324	80.582031	81.606979	81.149719	84.626343	84.868652	84.285248	83.337662	84.605835	81.298584	81.795883	84.891571	84.620377	80.782181	81.305695	79.432495	90.76326	81.429207	84.652061	85.003792	80.757927	85.755203	82.276169	82.087776	84.618408	81.525528	81.837784	83.972305	81.683388	81.63298	81.479141	83.588608	84.722374	79.642967	84.824127	81.342072	83.197502	83.275162	79.241714	84.801895	84.867126	80.935211	84.976357	84.14241	81.579811	84.92971	80.320381	84.851974	80.679688	80.753708	78.823769	90.898514	85.39566	82.133041	81.450745	81.452866	81.506577	89.425339	81.462723	81.498466	85.132599	80.576614	81.494453	82.189789	84.660248	81.438576	83.666519	81.393036	81.535934	81.007599	89.090317	84.896957	81.186951	86.723434	81.276855	87.14473	80.657501	83.209625	79.720367	83.809387	81.492996	81.300644	84.074211	80.077759	84.65625	84.373947	81.3078	83.540909	81.64138	84.366821	80.93251	84.72438	86.874641	81.322678	80.400955	81.089615	81.983307	83.41217	80.482727	87.596664	80.986603	80.428642	83.20784	81.715759	80.827042	81.497101	81.759979	81.89196	81.056175	84.610672	83.856995	81.164597	84.796066	82.947113	81.175453	84.240616	80.211273	82.403244	84.741829	81.204285	81.08754	82.623627	81.215027	86.355911	90.834259	82.104897	81.186783	82.141647	84.797256	81.107971	80.885193	82.460709	87.702606	81.021523	79.545227	85.048523	81.496994
87.657715	81.749985	81.473434	80.779617	81.129166	81.209106	81.030968	81.192566	80.770691	81.274498	80.788696	80.676895	81.197083	81.2565	100.0	81.192024	81.100136	80.739388	82.440552	81.073601	80.987053	80.897034	81.142586	88.457108	80.748505	81.268631	82.293289	81.419296	80.968582	79.97525	81.289856	81.636368	81.290695	80.186707	80.593613	81.18187	81.271637	80.110886	81.479218	80.983536	80.517197	81.554169	81.202034	81.042435	88.261612	80.915909	80.872375	81.408539	81.894028	81.400574	79.967354	81.074753	80.564941	80.5755	80.619865	81.764236	81.115135	80.965843	80.860901	79.318222	87.451279	81.00914	81.161743	80.998474	81.327347	81.152252	88.463814	80.990158	81.906776	78.442245	80.85051	81.070114	81.026733	82.556847	80.815033	81.200714	81.457924	81.320084	82.829773	82.435577	80.562057	80.932793	82.286858	80.856522	80.273026	81.883362	81.40152	81.029289	81.024033	80.995529	80.677322	81.257797	81.25209	82.381393	81.328201	81.07782	80.701096	85.801147	79.198868	81.179611	81.885498	81.148613	81.091835	80.641273	81.285202	81.04438	80.936584	81.260811	81.532364	82.162636	80.878021	81.88974	80.676003	81.524414	81.080887	81.294174	79.105835	81.154739	81.794327	81.075439	80.62822	79.174026	81.112137	81.050995	80.721237	81.217285	80.850693	81.261642	81.157959	80.197899	81.340393	80.672668	80.510895	78.906876	80.977142	81.515594	81.227295	81.485626	81.967751	82.046585	81.056877	81.763504	82.046806	81.337135	80.245087	81.830139	80.900208	81.266632	81.828613	81.092773	82.000748	81.79422	80.678268	81.004402	81.32048	81.423271	81.037544	87.105957	81.013779	80.634987	80.721405	79.201035	81.244171	81.860962	81.490982	81.354416	79.345673	81.197571	80.870605	88.264359	80.941589	82.202423	80.936737	80.825722	81.283615	81.200089	85.376877	80.070206	88.674286	82.451324	81.252907	80.536484	81.289375	81.002243	79.971275	80.821091	81.715034	80.81076	79.770187	81.628998	81.108757	89.114182	80.940811	81.010391	89.37664	81.349533	80.131096	81.007393	80.912521	80.164703	81.495468	81.185699	87.381165	81.583374	81.371155	89.113724	80.414154	81.159904	82.382927	81.212845	81.328201	81.261032	80.726509	80.562386	81.31266	80.96814	80.765564	79.192993	81.101036	81.849396
81.028641	81.202301	81.564758	82.919662	80.768051	81.884033	81.398849	81.033829	82.852875	81.002556	81.246376	83.159348	80.840225	86.753448	81.192024	100.0	84.106522	80.863281	81.530388	83.94825	81.258865	80.661636	81.030167	81.091782	82.939331	84.124535	81.80809	84.397797	84.121048	80.320618	81.855835	81.285492	84.210434	80.471725	80.781006	83.004814	84.070923	80.195709	82.382751	81.851959	80.556709	82.351189	84.25634	80.897614	81.196312	85.878387	80.761917	85.465378	81.475533	82.159248	80.398392	80.758476	81.475616	80.918839	80.843323	81.205414	84.057251	83.606865	83.89505	79.360649	80.776611	86.632095	83.979889	86.834175	84.720146	83.797806	81.210693	84.141556	81.746437	78.786362	81.014877	84.028549	83.763138	81.672714	80.883919	84.13472	81.953171	84.025253	81.650284	81.806023	80.686142	80.80896	81.412201	80.963562	80.507629	81.518585	81.022629	84.01725	84.031357	83.691841	82.749596	83.875229	81.218216	81.574875	84.315048	84.116272	80.709938	81.282074	79.368774	86.644577	81.458221	83.898788	84.239319	80.696136	85.585541	81.930748	81.948044	84.121758	81.366745	81.709625	83.436935	81.625931	81.674828	81.197769	82.987625	83.940186	79.467819	83.995087	81.383141	82.643234	82.780624	79.299271	84.052231	84.211777	81.020691	84.272537	83.47998	81.220261	84.206726	80.245636	84.167564	80.566971	80.578247	78.881615	86.771744	84.666901	81.787903	81.348816	81.348969	81.561996	86.442673	81.428909	81.264511	84.375435	80.589508	81.416245	81.975876	83.932144	81.363098	83.020668	81.426727	81.4617	80.750504	86.344437	84.13446	81.055351	94.658516	81.139496	90.022598	80.664299	82.820541	79.67485	83.217255	81.432877	80.956085	83.505424	79.768799	83.99231	83.653442	81.189781	82.907211	81.391281	83.686935	80.77774	84.010452	94.920326	81.200737	80.177475	81.106781	81.703804	83.001472	80.522751	86.306702	81.0961	80.33931	82.601624	81.796967	80.842918	81.278671	81.60038	81.594231	80.943527	83.879471	83.351555	81.057037	84.37001	82.469635	81.126526	83.629303	80.273834	82.341919	83.890793	81.172615	80.981812	82.365707	81.001007	84.89003	86.800049	81.856712	81.097649	81.873322	84.264595	81.038857	80.814102	82.040398	86.338303	81.039436	79.443146	84.603546	81.444626
80.903214	81.43222	81.606827	84.016037	80.717072	82.19516	81.15416	80.816109	83.97673	80.814835	81.031944	83.530197	80.999893	84.898781	81.100136	84.106522	100.0	80.789139	81.635193	84.858315	81.145401	80.801392	81.129288	80.898857	84.011429	84.614937	81.425568	86.14566	84.413422	80.021996	82.25293	81.610352	85.092072	80.521912	80.579895	83.822334	84.671387	80.011887	82.575089	82.290558	80.544983	82.541985	86.126183	80.834518	81.073662	84.831131	80.613968	84.010185	81.383774	82.430199	80.279739	80.937225	81.402863	80.642975	80.539474	81.409332	86.185287	85.919838	85.65596	79.47406	80.638275	84.834595	85.115746	84.892517	85.59272	84.604721	81.029846	85.224899	81.473892	78.735481	80.922287	85.18631	85.097549	81.678459	80.681961	91.082428	82.307861	84.721115	81.958771	81.742134	80.511032	80.916351	81.385574	80.734283	80.442085	81.415649	81.060883	85.192383	85.846085	84.462692	84.253273	84.855141	80.911133	81.557495	85.425537	85.661362	80.514374	81.069946	79.264252	84.841553	81.350395	85.256119	86.061417	80.566483	83.905243	82.119446	82.273941	84.944473	81.753006	82.017097	84.34201	81.399788	81.42482	81.060364	84.089897	84.921577	79.636002	85.71344	81.306992	83.826271	84.410782	78.820328	85.463341	85.279518	80.818207	85.357635	84.467636	81.390396	85.32869	80.140472	85.175461	80.494537	80.641724	78.494797	85.007339	86.468765	82.276443	81.362961	81.303246	81.415779	84.48053	81.511917	81.668999	85.717377	80.37236	81.291664	82.078285	85.090347	81.226486	84.220337	81.372414	81.265747	80.646271	84.577026	85.157875	80.942093	84.099533	80.960953	84.222382	80.646019	84.113846	79.582413	84.605759	81.293427	80.887558	84.561623	79.704567	85.000694	86.943909	80.958649	84.227478	81.397858	84.82782	80.728607	85.20401	84.307228	81.106812	80.436234	81.008224	81.529938	83.729424	80.368256	84.912079	80.805878	80.384941	83.915245	81.430344	80.792145	81.483261	81.594467	82.295776	80.92141	85.591225	84.401451	80.966042	85.499588	83.061691	80.999908	84.403366	80.066528	82.484741	85.610466	80.82267	81.086273	82.379639	80.962418	83.620384	85.012299	81.960808	80.832993	82.276627	84.952637	80.7099	80.550659	82.472214	84.609291	80.703545	79.336693	84.381424	81.393555
