858423.18	1325090.8	1855319.3	1325112.3	1325095.3	2911011.5	83627.3	858423.19	2876780.6	1355477.98	1038867.3	2782624.3	255045.56	2782633.3	2782611.3	754500.3	2782666.3	2926009.3	335659.3	244734.9	1355477.144	29448.119	375.229	241591.3	546899.3	1803665.3	1399419.3	2782664.3	1325115.7	375.252	1404768.8	1404367.6	709803.3	2035447.3	2171498.4	574934.3	1300039.6	1390131.5	167468.3	1325102.3	1325107.4	2782634.3	993502.5	1404888.3	2057741.8	1197460.4	29448.154	2817704.3	2913970.3	630921.8	1325120.3	1437360.5	1904807.3	2715960.3	1619232.5	83637.3	1325100.3	1521768.3	2904800.6	288000.8	2734909.5	114615.4	115808.6	2898149.3	1245469.3	189873.4	1274631.4	2782658.3	858422.3	190148.11	722472.8	1437360.9	722472.4	722472.6	2840472.3	1437360.11	113395.3	1437360.8	255045.4
100.0	84.820557	84.911415	85.045731	84.929672	84.880402	85.513611	85.135872	85.236511	85.214752	85.14119	85.388321	85.179886	85.114487	85.064941	85.122406	85.592949	85.661514	85.44043	85.665428	85.961548	85.800255	85.774849	85.318542	85.570702	85.618484	85.590263	85.273575	85.296265	85.614975	85.421638	85.449928	85.439888	85.540695	85.460182	85.447121	85.418808	85.54808	85.240692	85.285065	85.47554	85.167572	85.323296	85.491364	82.537163	82.658813	82.814667	82.668961	82.751602	82.712685	82.679871	82.673958	82.684425	82.724731	82.372696	82.856728	82.921097	79.631271	79.465012	81.417328	81.603149	81.672371	81.63176	81.590462	81.550903	81.580826	81.650635	81.767029	81.698746	82.053741	82.009888	81.724503	81.994484	81.062302	82.061447	81.523254	81.578171	80.45752	80.49884
84.820557	100.0	91.766029	90.899445	90.221878	90.017433	87.795082	88.757339	88.515106	88.580589	88.528534	86.892395	86.791794	86.640305	86.681549	86.721359	87.19487	87.383316	87.245201	87.445526	87.668213	87.436447	87.396515	87.335739	87.639191	87.744568	87.364838	86.804993	89.257332	87.474121	87.288078	87.236725	87.463013	87.619614	87.300117	87.354706	87.275253	87.297775	87.052765	86.926468	87.176514	86.710121	86.854118	87.164886	82.591042	82.566376	82.811302	82.603729	82.743011	82.529648	82.609451	82.552231	82.720749	82.700912	82.206955	82.943077	82.785583	79.666168	79.452721	81.42569	81.648109	81.708435	81.786957	81.504471	81.682236	81.43734	81.321533	81.439316	81.443237	81.706741	81.495743	81.488968	81.782974	80.854652	81.698441	81.387848	81.405746	80.269234	80.325294
84.911415	91.766029	100.0	88.954605	88.31781	88.258087	87.583801	88.59021	88.336288	88.521362	88.477173	86.735603	86.571846	86.484619	86.434563	86.591316	87.096436	87.175186	87.0849	87.314125	87.363815	87.060196	87.176224	87.215775	87.559097	87.450836	87.020737	86.550308	86.953514	87.043976	87.117256	87.184258	87.243652	87.229576	87.062294	87.161285	87.039383	86.9319	87.020676	86.921326	86.977745	86.434875	86.575195	86.83255	82.44104	82.421585	82.646683	82.511002	82.575119	82.426445	82.448906	82.3302	82.539856	82.446472	82.020981	82.797478	82.583939	79.568916	79.334587	81.254593	81.427032	81.493011	81.545776	81.287537	81.408386	81.134987	81.133438	81.231972	81.21962	81.489525	81.40403	81.294502	81.586624	80.681915	81.513382	81.046021	81.158157	80.131317	80.300049
85.045731	90.899445	88.954605	100.0	91.125046	91.038376	88.155235	89.246033	88.881668	89.004181	88.897324	87.163101	87.044182	86.870346	86.896454	86.944565	87.485397	87.519699	87.48436	87.757248	87.947357	87.690849	87.751595	87.697418	87.987595	87.936584	87.71447	86.982727	89.412239	87.583885	87.506096	87.39917	87.644218	87.683853	87.418823	87.487839	87.432236	87.513748	87.147018	87.160042	87.353714	86.890091	87.04454	87.334656	82.818771	82.625793	82.78717	82.806839	82.914871	82.621277	82.819946	82.660797	82.821907	82.839798	82.41935	83.013947	82.969116	79.962585	79.450272	81.500381	81.690712	81.826752	81.845139	81.594994	81.765244	81.436829	81.434265	81.560257	81.542259	81.80481	81.527802	81.548218	81.889221	80.904205	81.805511	81.328812	81.571075	80.375748	80.347137
84.929672	90.221878	88.31781	91.125046	100.0	93.130142	88.09819	89.669952	89.057037	89.014992	88.914337	87.016724	86.95697	86.794403	86.762924	86.872009	87.302521	87.523392	87.377136	87.647491	87.791214	87.6278	87.675827	87.633438	87.774055	87.84343	87.42894	86.856186	89.257233	87.329933	87.304413	87.294861	87.379883	87.462746	87.200134	87.362099	87.266373	87.216232	86.869446	86.807724	87.055618	86.567505	86.792007	87.147758	82.694473	82.623489	82.700806	82.657883	82.920212	82.65477	82.74575	82.590027	82.735382	82.775818	82.330032	82.854828	82.803391	79.708847	79.53019	81.415031	81.778236	81.714638	81.763687	81.543358	81.693726	81.464081	81.374039	81.433006	81.469604	81.783035	81.671661	81.53595	81.822586	80.929199	81.659843	81.353676	81.46228	80.329376	80.492294
84.880402	90.017433	88.258087	91.038376	93.130142	100.0	88.010727	89.536743	89.074028	88.97345	88.854218	86.922089	86.868256	86.725128	86.755226	86.727394	87.219048	87.503784	87.358185	87.527847	87.697899	87.476288	87.611374	87.606903	87.673836	87.717545	87.32431	86.863937	89.043564	87.293091	87.190826	87.19783	87.333778	87.405518	87.107559	87.179962	87.126251	87.086166	86.819901	86.700554	86.97702	86.525894	86.826385	87.086884	82.477287	82.358696	82.545578	82.432381	82.698151	82.458351	82.569229	82.479416	82.550552	82.602631	82.246803	82.733902	82.694527	79.702362	79.33448	81.333496	81.576141	81.633911	81.685722	81.429543	81.657143	81.296051	81.12088	81.315521	81.234848	81.569321	81.427292	81.386208	81.670181	80.759636	81.567734	81.19471	81.280197	80.257225	80.20845
85.513611	87.795082	87.583801	88.155235	88.09819	88.010727	100.0	88.443222	88.786781	88.729156	88.781952	87.782547	87.75679	87.634796	87.706955	87.721069	88.138206	88.34037	88.041367	88.264847	88.791641	88.40274	88.390999	88.332123	88.209106	88.274719	88.105255	87.390366	87.607582	88.016922	87.775223	87.77253	87.822334	87.843437	87.52755	87.727097	87.791733	87.750839	87.507919	87.656647	87.754265	87.464325	87.435852	87.6744	82.844604	82.836792	83.060509	82.99585	82.995789	82.823517	82.950104	82.849579	83.038055	82.930984	82.59964	83.144714	83.187645	79.845474	79.563416	81.580307	81.802567	81.868546	81.979935	81.788925	81.928467	81.722305	81.7659	81.692665	81.69413	82.050865	81.811592	81.764465	82.060341	81.265472	82.014114	81.623413	81.664993	80.474075	80.58493
85.135872	88.757339	88.59021	89.246033	89.669952	89.536743	88.443222	100.0	89.339699	89.372513	89.352722	87.285065	87.181549	87.10022	87.074051	87.17215	87.647652	87.776596	87.817978	88.042618	88.470444	88.329391	88.370468	87.967484	88.048584	88.11821	87.716949	87.057938	87.367813	88.133789	87.672951	87.586212	87.694046	87.744324	87.391586	87.568329	87.519493	87.340157	86.959366	87.129654	87.288864	86.885811	87.616524	87.556374	82.837791	82.676743	82.898621	82.775223	82.960388	82.699112	82.817627	82.766167	82.82312	82.966286	82.528732	83.023125	82.968338	79.937531	79.710289	81.36171	81.697708	81.818573	81.877655	81.630157	81.709137	81.544632	81.497131	81.574615	81.535378	81.84185	81.619469	81.600601	81.954361	80.852783	81.844116	81.443314	81.552536	80.436272	80.54747
85.236511	88.515106	88.336288	88.881668	89.057037	89.074028	88.786781	89.339699	100.0	91.302353	90.967079	87.637207	87.601112	87.393417	87.397865	87.442245	87.963409	88.117554	88.044464	88.281677	88.26017	88.243637	88.32476	88.422989	88.077286	88.073158	87.68428	87.278694	87.3806	87.764267	87.762238	87.752625	87.638062	87.683365	87.40123	87.561531	87.515076	87.384338	87.171761	87.229507	87.348457	87.023613	87.165253	87.46521	82.762291	82.710114	82.814651	82.786499	82.943329	82.750366	82.818886	82.664963	82.797089	82.921936	82.50724	83.07312	82.936737	79.917213	79.595688	81.448517	81.822311	81.880722	81.791862	81.660202	81.730286	81.526924	81.514526	81.579224	81.523521	81.925217	81.616035	81.63063	81.87114	80.939934	81.750961	81.428421	81.37439	80.452957	80.384323
85.214752	88.580589	88.521362	89.004181	89.014992	88.97345	88.729156	89.372513	91.302353	100.0	92.490479	87.658966	87.592636	87.451546	87.494019	87.53862	88.003998	88.216187	87.975021	88.247208	88.324036	88.340073	88.45726	88.301735	88.079193	88.160797	87.716576	87.359894	87.372696	87.864914	87.821632	87.791687	87.655556	87.763725	87.47229	87.641434	87.581894	87.361359	87.212067	87.16394	87.481346	87.07132	87.191193	87.558006	82.674744	82.703941	82.783348	82.751358	82.997162	82.668991	82.804642	82.739891	82.764313	82.836792	82.472229	83.018463	82.95108	79.760757	79.413177	81.312805	81.61161	81.763176	81.752464	81.492355	81.663269	81.465652	81.465881	81.566391	81.554947	81.740875	81.733749	81.65799	81.836082	80.91658	81.780472	81.343575	81.416702	80.358185	80.415558
85.14119	88.528534	88.477173	88.897324	88.914337	88.854218	88.781952	89.352722	90.967079	92.490479	100.0	87.697708	87.58387	87.483139	87.34967	87.469742	88.169846	88.203049	87.930893	88.138245	88.223083	88.144096	88.173126	88.281578	88.137543	88.015404	87.594368	87.438797	87.29071	87.770325	87.68808	87.674088	87.668457	87.756012	87.383087	87.563446	87.505753	87.347603	87.149719	87.162979	87.506332	87.064316	87.070251	87.514984	82.52623	82.519424	82.7659	82.659348	82.881378	82.612747	82.772453	82.626862	82.711945	82.761337	82.272522	82.945435	82.825119	79.683456	79.324371	81.34581	81.634155	81.664932	81.708794	81.507988	81.669678	81.413757	81.386658	81.497375	81.454788	81.695145	81.582253	81.539185	81.749802	80.871841	81.776604	81.472473	81.262497	80.235245	80.310715
85.388321	86.892395	86.735603	87.163101	87.016724	86.922089	87.782547	87.285065	87.637207	87.658966	87.697708	100.0	92.415222	92.232666	92.389114	92.434921	90.783127	89.895935	88.470123	88.730682	89.146675	89.063362	89.111473	88.597656	88.403633	88.412918	88.197784	88.663162	88.106773	88.787354	88.40657	88.47438	88.259811	88.337219	88.072746	88.238144	88.394257	87.98172	87.83992	88.016647	88.500793	88.074036	87.901909	88.192963	82.621918	82.683472	82.820793	82.777802	82.867142	82.690552	82.778275	82.597137	82.768738	82.763443	82.377678	82.906403	82.956207	79.773041	79.558067	81.438812	81.614029	81.699142	81.815125	81.482422	81.700439	81.635399	81.499741	81.598984	81.698151	81.934479	81.73204	81.65538	82.047668	80.930786	81.917252	81.406418	81.456451	80.209381	80.404335
85.179886	86.791794	86.571846	87.044182	86.95697	86.868256	87.75679	87.181549	87.601112	87.592636	87.58387	92.415222	100.0	94.144897	93.940323	94.228134	90.677826	89.986931	88.496361	88.774261	89.038757	88.801773	88.99662	88.684586	88.220573	88.391006	88.020767	88.309616	87.906593	88.591721	88.391563	88.671219	88.242287	88.349335	88.069077	88.312531	88.522736	87.860962	87.655197	87.944931	88.112396	87.810204	87.787369	88.169563	82.601662	82.632065	82.668602	82.671326	82.775879	82.601662	82.622078	82.683105	82.801819	82.634277	82.42572	82.916023	82.874649	79.748489	79.414398	81.401962	81.72226	81.787872	81.835121	81.596428	81.751854	81.572212	81.511429	81.739639	81.582726	81.855934	81.583488	81.594498	81.928055	80.920807	81.971725	81.529388	81.344269	80.353714	80.496994
85.114487	86.640305	86.484619	86.870346	86.794403	86.725128	87.634796	87.10022	87.393417	87.451546	87.483139	92.232666	94.144897	100.0	94.39299	94.148331	90.50325	89.737846	88.325974	88.547157	88.828094	88.721512	88.791214	88.486427	88.078705	88.239243	87.955002	88.123558	87.836548	88.279449	88.16748	88.295166	88.034241	88.112534	87.895966	88.107407	87.982849	87.698875	87.455086	87.73465	87.996536	87.603302	87.619247	87.982712	82.463852	82.509888	82.645645	82.603256	82.719254	82.602341	82.6521	82.651047	82.719711	82.670776	82.265808	82.900459	82.829956	79.664062	79.498032	81.326706	81.652145	81.680466	81.750427	81.600662	81.709641	81.487038	81.476364	81.612007	81.644562	81.797684	81.674866	81.589188	81.882828	80.914284	81.815475	81.428619	81.420975	80.287262	80.400818
85.064941	86.681549	86.434563	86.896454	86.762924	86.755226	87.706955	87.074051	87.397865	87.494019	87.34967	92.389114	93.940323	94.39299	100.0	94.742676	90.756317	89.858398	88.446297	88.628098	88.878265	88.659439	88.779312	88.638687	88.076729	88.324394	87.980682	88.21888	87.78656	88.360001	88.234879	88.412254	88.134659	88.182266	87.885185	88.124283	88.04821	87.670959	87.409683	87.687744	88.017303	87.875298	87.620224	88.019211	82.590096	82.554703	82.689606	82.731964	82.839958	82.560944	82.66095	82.667587	82.655853	82.681679	82.375237	82.870255	82.825638	79.696716	79.505402	81.476318	81.678513	81.592247	81.742966	81.5522	81.620964	81.422234	81.373428	82.16748	81.587723	81.780647	81.769234	81.611542	81.927979	80.900009	81.931778	81.485657	81.314949	80.24099	80.371597
85.122406	86.721359	86.591316	86.944565	86.872009	86.727394	87.721069	87.17215	87.442245	87.53862	87.469742	92.434921	94.228134	94.148331	94.742676	100.0	90.619705	89.940895	88.420288	88.600571	88.952225	88.771004	88.861984	88.62426	88.156174	88.36145	88.000748	88.266785	87.890244	88.444336	88.305374	88.451752	88.10994	88.180634	87.93692	88.124252	88.128601	87.774956	87.625778	87.84404	88.13205	87.746902	87.695717	88.082001	82.508263	82.647133	82.741714	82.801849	82.872513	82.685204	82.744835	82.636635	82.762421	82.698952	82.398903	83.026024	82.941788	79.733681	79.478653	81.390747	81.656418	81.662582	81.758545	81.634659	81.736923	81.554916	81.494293	81.749924	81.661469	81.894669	81.628525	81.696686	82.027275	80.846527	81.852859	81.472488	81.39431	80.467712	80.352417
85.592949	87.19487	87.096436	87.485397	87.302521	87.219048	88.138206	87.647652	87.963409	88.003998	88.169846	90.783127	90.677826	90.50325	90.756317	90.619705	100.0	89.949966	88.711845	89.00943	89.47049	89.382759	89.41243	89.315056	88.790138	88.703888	88.445152	88.431068	88.269386	89.020889	88.615799	88.715988	88.536484	88.486404	88.206696	88.534554	88.557175	88.227875	88.123611	88.284561	88.651154	88.064072	88.06974	88.418724	82.705986	82.774513	82.911911	82.869629	82.935104	82.71183	82.821045	82.693832	82.875732	82.856987	82.571381	83.058403	83.00737	79.759232	79.433022	81.620209	81.71315	81.803909	81.950317	81.695152	81.835144	81.72702	81.649879	81.696266	81.850647	81.993546	81.870621	81.952599	82.134872	81.090103	81.900757	81.484612	81.495331	80.471466	80.505234
85.661514	87.383316	87.175186	87.519699	87.523392	87.503784	88.34037	87.776596	88.117554	88.216187	88.203049	89.895935	89.986931	89.737846	89.858398	89.940895	89.949966	100.0	89.101212	89.361801	89.792603	89.482712	89.512146	89.138321	88.939178	88.878555	88.702034	88.533325	88.492584	89.068703	88.822548	88.975189	88.804222	88.791718	88.447433	88.629105	88.730377	88.433243	88.342133	88.43631	88.828583	88.351334	88.236557	88.59761	82.907394	82.842934	83.052551	82.982513	83.195007	82.976547	83.130661	82.919937	83.085266	83.053024	82.762466	83.219528	83.240402	79.800598	79.623665	81.699463	82.064651	82.018112	82.132385	81.927742	82.010635	81.800835	81.696236	81.957054	81.832275	82.029282	81.908569	81.958603	82.230843	81.143478	82.150986	81.772324	81.705711	80.544861	80.66629
85.44043	87.245201	87.0849	87.48436	87.377136	87.358185	88.041367	87.817978	88.044464	87.975021	87.930893	88.470123	88.496361	88.325974	88.446297	88.420288	88.711845	89.101212	100.0	94.103874	89.236534	89.341644	89.364426	88.993866	88.709969	88.769814	88.424271	87.933121	88.102951	88.647842	88.715286	88.870644	88.55397	88.620438	88.131516	88.375061	88.274475	88.137009	87.928894	88.096848	88.263107	87.792755	87.865578	88.110031	82.703148	82.757584	82.90937	82.952988	82.992477	82.797523	82.913452	82.850677	82.899384	82.988197	82.574974	83.10804	83.104828	79.749329	79.653473	81.610474	81.934967	82.015228	82.045868	81.83004	81.905388	81.605545	81.63237	81.8564	81.719574	81.823395	81.845139	81.750183	82.229744	81.074692	82.102966	81.555588	81.621902	80.45784	80.576904
85.665428	87.445526	87.314125	87.757248	87.647491	87.527847	88.264847	88.042618	88.281677	88.247208	88.138245	88.730682	88.774261	88.547157	88.628098	88.600571	89.00943	89.361801	94.103874	100.0	89.609718	89.544365	89.618454	89.302261	89.013962	89.017784	88.790619	88.240036	88.377007	88.831543	88.961304	89.028839	88.748383	88.818054	88.426132	88.68811	88.550797	88.284058	88.123367	88.40094	88.390549	87.959923	88.098259	88.372742	83.464577	82.95871	83.017113	83.084427	83.257797	83.016792	83.063103	82.960266	83.084351	83.065002	82.679482	83.266922	83.362404	79.891357	79.65773	81.571487	81.967316	82.016556	82.110489	81.82016	81.973221	81.788834	81.692398	82.013824	81.876137	82.110916	81.95887	81.875748	82.314728	81.140167	82.221542	81.685623	81.699539	80.578514	80.643372
85.961548	87.668213	87.363815	87.947357	87.791214	87.697899	88.791641	88.470444	88.26017	88.324036	88.223083	89.146675	89.038757	88.828094	88.878265	88.952225	89.47049	89.792603	89.236534	89.609718	100.0	90.939056	90.50441	89.444298	89.19809	89.767029	89.690826	88.871666	88.784752	90.491165	89.111465	89.135696	89.298126	89.214905	88.862396	89.016731	89.013107	88.876305	88.620712	88.778992	88.889191	88.603577	89.858681	88.836609	83.147186	83.242447	83.72876	83.221954	83.344986	83.033241	83.131439	83.166412	83.278351	83.38887	82.858459	83.4571	83.349098	80.072861	79.707809	81.833076	82.276802	82.278099	82.330826	82.056595	82.168312	81.910294	81.791092	82.045822	81.999557	82.244751	82.126137	81.978546	82.30806	81.228561	82.308868	81.840744	81.88372	80.62706	80.65802
85.800255	87.436447	87.060196	87.690849	87.6278	87.476288	88.40274	88.329391	88.243637	88.340073	88.144096	89.063362	88.801773	88.721512	88.659439	88.771004	89.382759	89.482712	89.341644	89.544365	90.939056	100.0	95.545074	89.211731	89.052948	89.188629	88.69297	88.420776	88.322098	90.158974	88.769646	88.72023	88.686157	88.827896	88.435349	88.653946	88.648956	88.136993	88.035461	88.147537	88.483322	88.108215	89.445587	88.506386	82.8964	82.903053	83.713821	83.03038	83.205048	82.92086	83.020325	82.979507	83.130806	83.09581	82.659645	83.144562	83.140961	79.867867	79.788528	81.769341	82.026604	81.918304	82.083099	81.995743	81.988197	81.666061	81.697372	81.824524	81.886353	82.062714	81.820328	81.775185	82.199738	81.102768	82.082245	81.555962	81.659943	80.436516	80.504501
85.774849	87.396515	87.176224	87.751595	87.675827	87.611374	88.390999	88.370468	88.32476	88.45726	88.173126	89.111473	88.99662	88.791214	88.779312	88.861984	89.41243	89.512146	89.364426	89.618454	90.50441	95.545074	100.0	89.413834	89.135742	89.222488	88.80571	88.433411	88.373367	90.031281	88.830322	88.835648	88.787796	88.905502	88.473511	88.612289	88.672394	88.388229	88.289978	88.270493	88.646538	88.229912	89.094315	88.722031	82.858185	82.916138	83.134087	82.939674	83.160545	82.946449	82.961426	83.047958	82.976852	82.99572	82.697525	83.112793	83.049408	79.992325	79.690979	81.675575	82.028244	81.959999	82.068314	81.837685	81.945114	81.695831	81.669205	81.828094	81.798645	82.105225	81.949875	81.786331	82.309036	81.10643	82.17038	81.667122	81.666168	80.637421	80.605141
85.318542	87.335739	87.215775	87.697418	87.633438	87.606903	88.332123	87.967484	88.422989	88.301735	88.281578	88.597656	88.684586	88.486427	88.638687	88.62426	89.315056	89.138321	88.993866	89.302261	89.444298	89.211731	89.413834	100.0	88.987854	89.066238	88.732208	87.953857	88.087814	88.615829	88.496811	88.527145	88.444855	88.483551	87.930115	88.31575	88.308098	88.025627	87.893112	88.006721	88.226303	87.725304	87.754082	88.061691	82.637291	82.678627	82.71257	82.721085	82.912964	82.683716	82.764236	82.642242	82.878159	82.806503	82.478813	83.001785	82.929527	79.704926	79.564117	81.428665	81.715729	81.755661	81.888916	81.627243	81.770767	81.564392	81.483383	81.671967	81.59758	81.940216	81.773331	81.785233	82.014572	80.966927	81.873337	81.295105	81.35791	80.311096	80.447525
85.570702	87.639191	87.559097	87.987595	87.774055	87.673836	88.209106	88.048584	88.077286	88.079193	88.137543	88.403633	88.220573	88.078705	88.076729	88.156174	88.790138	88.939178	88.709969	89.013962	89.19809	89.052948	89.135742	88.987854	100.0	89.621483	89.080399	88.392914	88.49791	88.820389	88.731659	88.732368	88.940521	89.079468	88.543198	88.771263	88.754593	88.644852	88.552322	89.198654	88.935944	88.058609	88.281471	88.861374	82.963181	82.979324	83.141571	83.057541	83.282379	83.108383	83.148407	83.051971	83.193382	83.158386	82.77726	83.396004	83.477036	79.91478	79.59024	81.726379	82.042641	82.106827	82.160988	81.951973	82.014702	81.676895	81.718437	81.679794	81.861023	82.013435	81.894638	81.757904	82.137543	81.050751	82.167435	81.602051	81.724609	80.426132	80.537811
85.618484	87.744568	87.450836	87.936584	87.84343	87.717545	88.274719	88.11821	88.073158	88.160797	88.015404	88.412918	88.391006	88.239243	88.324394	88.36145	88.703888	88.878555	88.769814	89.017784	89.767029	89.188629	89.222488	89.066238	89.621483	100.0	90.334473	88.510338	88.800941	89.115906	88.926086	88.905594	89.167816	89.380325	88.843399	89.128372	89.21595	89.033493	88.723824	88.70121	88.669952	88.214951	88.563454	88.776199	83.017464	83.03791	83.150986	83.116714	83.309998	83.130524	83.116333	83.134033	83.130981	83.292297	82.78717	83.368088	83.366341	79.935989	79.943214	81.800629	82.183258	82.151672	82.358154	82.056572	82.180336	81.772049	81.843643	81.939209	81.837418	82.194588	81.908211	81.831192	82.19223	81.207916	82.223785	81.67675	81.846954	80.471848	80.556259
85.590263	87.364838	87.020737	87.71447	87.42894	87.32431	88.105255	87.716949	87.68428	87.716576	87.594368	88.197784	88.020767	87.955002	87.980682	88.000748	88.445152	88.702034	88.424271	88.790619	89.690826	88.69297	88.80571	88.732208	89.080399	90.334473	100.0	88.236816	88.73497	88.849823	88.637871	88.639854	89.029663	89.037277	88.550812	88.731331	88.673042	88.98642	88.768158	88.506104	88.578827	88.016617	88.290497	88.477486	82.912971	82.800529	82.89856	82.899948	83.134483	82.907227	82.859924	82.835648	82.972115	83.085205	82.61969	83.130821	83.087799	79.92131	79.619438	81.74511	82.062019	82.093567	82.16922	81.949326	82.111099	81.67765	81.76178	81.788086	81.758728	82.059937	81.856522	81.816269	82.117287	81.012054	82.094917	81.518883	81.622635	80.43985	80.461639
85.273575	86.804993	86.550308	86.982727	86.856186	86.863937	87.390366	87.057938	87.278694	87.359894	87.438797	88.663162	88.309616	88.123558	88.21888	88.266785	88.431068	88.533325	87.933121	88.240036	88.871666	88.420776	88.433411	87.953857	88.392914	88.510338	88.236816	100.0	89.595001	90.260681	89.62867	89.745201	89.676437	89.672943	89.673782	90.467133	90.086288	88.603149	88.382675	88.710342	88.747887	88.361832	88.467438	88.746964	82.584793	82.497932	82.664139	82.650253	82.78183	82.522217	82.692451	82.503662	82.749405	82.632812	82.080338	82.694778	82.84996	79.67804	79.447182	81.536606	81.696243	81.759483	81.811951	81.630829	81.784729	81.521332	81.63549	81.610275	81.630249	81.90477	81.568672	81.582817	81.850952	80.981522	81.764923	81.357697	81.375282	80.3741	80.385284
85.296265	89.257332	86.953514	89.412239	89.257233	89.043564	87.607582	87.367813	87.3806	87.372696	87.29071	88.106773	87.906593	87.836548	87.78656	87.890244	88.269386	88.492584	88.102951	88.377007	88.784752	88.322098	88.373367	88.087814	88.49791	88.800941	88.73497	89.595001	100.0	90.174911	89.752029	89.793571	90.485077	90.375641	90.397141	90.127197	90.506622	89.385468	88.925919	89.028427	88.767212	88.27758	88.541985	88.772491	82.828941	82.678917	82.923553	82.863647	83.017197	82.681221	82.952728	82.799484	82.953011	82.940353	82.389725	83.038612	83.016167	80.005692	79.651779	81.764786	82.039154	82.034424	82.096848	81.919708	82.045143	81.593422	81.543289	81.648285	81.668228	81.986717	81.723602	81.643585	82.074615	80.98188	81.920914	81.564697	81.625366	80.420906	80.493675
85.614975	87.474121	87.043976	87.583885	87.329933	87.293091	88.016922	88.133789	87.764267	87.864914	87.770325	88.787354	88.591721	88.279449	88.360001	88.444336	89.020889	89.068703	88.647842	88.831543	90.491165	90.158974	90.031281	88.615829	88.820389	89.115906	88.849823	90.260681	90.174911	100.0	91.758736	91.987007	90.692413	90.785233	90.240005	90.666855	90.534538	89.062958	88.666718	89.103928	88.950516	88.579948	90.103455	89.189423	82.895798	82.847198	83.767227	82.96817	83.095871	82.828125	82.78791	82.778168	82.965935	83.015015	82.624062	83.190392	83.132111	79.959183	79.664925	81.7229	82.075287	82.044998	82.203796	81.920792	82.117554	81.725464	81.716202	81.870132	81.852715	82.101425	81.819786	81.730637	82.131554	81.188324	82.184784	81.565811	81.754028	80.50769	80.646515
85.421638	87.288078	87.117256	87.506096	87.304413	87.190826	87.775223	87.672951	87.762238	87.821632	87.68808	88.40657	88.391563	88.16748	88.234879	88.305374	88.615799	88.822548	88.715286	88.961304	89.111465	88.769646	88.830322	88.496811	88.731659	88.926086	88.637871	89.62867	89.752029	91.758736	100.0	93.856956	90.473694	90.374954	89.81102	90.507324	90.207153	88.943481	88.552414	88.907425	88.653397	88.209724	88.482903	88.707565	82.938362	82.932602	83.019928	82.976776	83.092743	82.924706	83.004974	82.868713	83.019531	83.092087	82.513138	83.131439	83.163437	80.077179	79.654724	81.733032	82.00959	82.034149	82.263985	81.952881	82.110008	81.721771	81.725487	81.858139	81.942123	82.018852	81.804016	81.844772	82.14122	81.189323	82.092232	81.570557	81.631699	80.474945	80.603317
85.449928	87.236725	87.184258	87.39917	87.294861	87.19783	87.77253	87.586212	87.752625	87.791687	87.674088	88.47438	88.671219	88.295166	88.412254	88.451752	88.715988	88.975189	88.870644	89.028839	89.135696	88.72023	88.835648	88.527145	88.732368	88.905594	88.639854	89.745201	89.793571	91.987007	93.856956	100.0	90.468933	90.352188	89.846054	90.371933	90.13459	88.998779	88.574982	89.000648	88.696548	88.335564	88.468353	88.785812	82.865028	82.945557	83.02137	83.009842	83.099533	82.975937	82.924683	82.889481	83.046021	82.983368	82.625046	83.154221	83.251495	79.930016	79.623909	81.629616	81.98027	81.957458	82.262596	81.867271	82.086136	81.706963	81.691895	81.854065	81.896042	82.095642	81.852165	81.854897	82.09301	81.0998	82.130402	81.571121	81.726944	80.492279	80.475983
85.439888	87.463013	87.243652	87.644218	87.379883	87.333778	87.822334	87.694046	87.638062	87.655556	87.668457	88.259811	88.242287	88.034241	88.134659	88.10994	88.536484	88.804222	88.55397	88.748383	89.298126	88.686157	88.787796	88.444855	88.940521	89.167816	89.029663	89.676437	90.485077	90.692413	90.473694	90.468933	100.0	93.593536	90.451385	90.719643	90.755867	89.241974	88.819435	89.121979	88.833473	88.340645	88.678223	88.87899	82.807823	82.850143	83.062988	83.045563	83.211578	83.023041	83.070114	82.90921	83.046036	83.008133	82.537888	83.337883	83.27301	80.048767	79.635818	81.870956	82.051407	82.150757	82.23468	81.987411	82.147232	81.749283	81.621002	81.821243	81.778076	81.998459	81.817474	81.740318	82.132034	81.105766	82.137436	81.540718	81.677902	80.548187	80.561722
85.540695	87.619614	87.229576	87.683853	87.462746	87.405518	87.843437	87.744324	87.683365	87.763725	87.756012	88.337219	88.349335	88.112534	88.182266	88.180634	88.486404	88.791718	88.620438	88.818054	89.214905	88.827896	88.905502	88.483551	89.079468	89.380325	89.037277	89.672943	90.375641	90.785233	90.374954	90.352188	93.593536	100.0	90.431053	90.708954	90.848549	89.226135	88.797073	89.09523	88.844368	88.320221	88.696518	88.831871	82.928917	82.98703	83.208466	83.159798	83.25827	83.10112	83.075653	83.070076	83.10701	83.207344	82.67041	83.242935	83.257919	79.981705	79.699844	81.868622	82.108253	82.219162	82.20787	81.988464	82.227547	81.814278	81.848343	81.92144	81.79306	82.217949	81.950302	81.797424	82.193466	81.148872	82.123932	81.639954	81.815231	80.512695	80.537079
85.460182	87.300117	87.062294	87.418823	87.200134	87.107559	87.52755	87.391586	87.40123	87.47229	87.383087	88.072746	88.069077	87.895966	87.885185	87.93692	88.206696	88.447433	88.131516	88.426132	88.862396	88.435349	88.473511	87.930115	88.543198	88.843399	88.550812	89.673782	90.397141	90.240005	89.81102	89.846054	90.451385	90.431053	100.0	90.469284	91.329346	89.366714	88.826263	89.434494	88.912865	88.481087	88.782333	88.972809	82.889435	82.957283	83.153099	83.084251	83.177773	83.043381	83.092148	82.976059	83.117966	83.125778	82.595642	83.250267	83.261696	80.21003	79.768562	81.888123	82.301407	82.11557	82.404755	82.021286	82.300827	81.894211	81.898499	81.869553	81.905396	82.146675	81.904884	81.838882	82.239349	81.150528	82.279053	81.758652	81.773926	80.573563	80.595673
85.447121	87.354706	87.161285	87.487839	87.362099	87.179962	87.727097	87.568329	87.561531	87.641434	87.563446	88.238144	88.312531	88.107407	88.124283	88.124252	88.534554	88.629105	88.375061	88.68811	89.016731	88.653946	88.612289	88.31575	88.771263	89.128372	88.731331	90.467133	90.127197	90.666855	90.507324	90.371933	90.719643	90.708954	90.469284	100.0	91.888939	89.161652	88.711914	88.955223	88.845245	88.405624	88.721207	88.809258	82.788727	82.756844	83.000832	82.942841	83.06044	82.944794	82.862907	82.821182	82.997589	82.999275	82.468765	83.047699	83.112434	79.926376	79.787537	81.78006	82.126526	82.086426	82.214294	81.893211	82.07959	81.679535	81.697411	81.801437	81.83165	82.048462	81.801079	81.795349	82.175644	81.042641	82.123741	81.54245	81.557907	80.468346	80.540665
85.418808	87.275253	87.039383	87.432236	87.266373	87.126251	87.791733	87.519493	87.515076	87.581894	87.505753	88.394257	88.522736	87.982849	88.04821	88.128601	88.557175	88.730377	88.274475	88.550797	89.013107	88.648956	88.672394	88.308098	88.754593	89.21595	88.673042	90.086288	90.506622	90.534538	90.207153	90.13459	90.755867	90.848549	91.329346	91.888939	100.0	89.103981	88.628174	88.826859	88.841904	88.327591	88.67733	88.927925	82.861023	82.935715	83.029358	82.950012	83.113983	82.900848	82.985313	82.869995	82.933472	82.936287	82.526619	83.15564	83.162125	80.039978	79.681137	81.806122	82.128006	82.13176	82.247406	81.861221	82.047852	81.76947	81.825806	81.990448	81.822044	82.121704	81.848831	81.846825	82.247589	81.154922	82.118027	81.627892	81.682121	80.584656	80.593605
85.54808	87.297775	86.9319	87.513748	87.216232	87.086166	87.750839	87.340157	87.384338	87.361359	87.347603	87.98172	87.860962	87.698875	87.670959	87.774956	88.227875	88.433243	88.137009	88.284058	88.876305	88.136993	88.388229	88.025627	88.644852	89.033493	88.98642	88.603149	89.385468	89.062958	88.943481	88.998779	89.241974	89.226135	89.366714	89.161652	89.103981	100.0	90.04007	89.978203	88.811111	88.494171	88.854584	89.09079	82.995071	82.817703	83.09761	82.958427	83.163528	82.934799	83.167297	82.919037	83.170288	83.016144	82.516579	83.18647	83.259598	80.093964	79.631012	81.949203	82.125114	82.187805	82.18689	82.123871	82.219543	81.780731	81.877426	81.89077	82.006927	82.128983	81.896881	81.726974	82.197083	81.129822	82.149399	81.638168	81.793015	80.532104	80.553986
85.240692	87.052765	87.020676	87.147018	86.869446	86.819901	87.507919	86.959366	87.171761	87.212067	87.149719	87.83992	87.655197	87.455086	87.409683	87.625778	88.123611	88.342133	87.928894	88.123367	88.620712	88.035461	88.289978	87.893112	88.552322	88.723824	88.768158	88.382675	88.925919	88.666718	88.552414	88.574982	88.819435	88.797073	88.826263	88.711914	88.628174	90.04007	100.0	90.040344	89.35009	88.374878	88.385544	88.578247	82.70932	82.6772	82.868225	82.79673	82.973053	82.724854	82.748833	82.627426	82.828064	82.847237	82.290955	82.931427	82.885742	79.834358	79.534889	81.654778	81.790131	81.943283	82.128235	81.796692	81.93515	81.643959	81.664825	81.649445	81.844627	81.828255	81.680374	81.489395	81.946014	80.999893	81.869263	81.323868	81.521591	80.383987	80.409317
85.285065	86.926468	86.921326	87.160042	86.807724	86.700554	87.656647	87.129654	87.229507	87.16394	87.162979	88.016647	87.944931	87.73465	87.687744	87.84404	88.284561	88.43631	88.096848	88.40094	88.778992	88.147537	88.270493	88.006721	89.198654	88.70121	88.506104	88.710342	89.028427	89.103928	88.907425	89.000648	89.121979	89.09523	89.434494	88.955223	88.826859	89.978203	90.040344	100.0	89.119308	88.479324	88.58638	88.896446	82.735397	82.673523	83.043884	82.974289	83.044434	82.815903	82.867508	82.756927	82.894447	82.94725	82.484268	83.03466	82.979805	80.008255	79.614548	81.787155	82.063896	82.133369	82.160141	81.928429	82.066063	81.632431	81.596817	81.720688	81.772034	81.944473	81.765762	81.591827	82.020905	80.992966	81.941376	81.570053	81.578171	80.415695	80.465088
85.47554	87.176514	86.977745	87.353714	87.055618	86.97702	87.754265	87.288864	87.348457	87.481346	87.506332	88.500793	88.112396	87.996536	88.017303	88.13205	88.651154	88.828583	88.263107	88.390549	88.889191	88.483322	88.646538	88.226303	88.935944	88.669952	88.578827	88.747887	88.767212	88.950516	88.653397	88.696548	88.833473	88.844368	88.912865	88.845245	88.841904	88.811111	89.35009	89.119308	100.0	91.242004	89.482666	90.11525	82.842255	82.715759	83.134827	82.978935	83.028839	82.790741	82.911499	82.768402	82.945023	82.95256	82.417374	83.025467	83.134277	79.97406	79.512558	81.562973	81.837601	81.953674	81.958031	81.818138	81.963806	81.597496	81.642326	81.614433	81.764313	81.906265	81.825409	81.589676	82.038651	80.975357	81.963913	81.490242	81.60527	80.439514	80.357162
85.167572	86.710121	86.434875	86.890091	86.567505	86.525894	87.464325	86.885811	87.023613	87.07132	87.064316	88.074036	87.810204	87.603302	87.875298	87.746902	88.064072	88.351334	87.792755	87.959923	88.603577	88.108215	88.229912	87.725304	88.058609	88.214951	88.016617	88.361832	88.27758	88.579948	88.209724	88.335564	88.340645	88.320221	88.481087	88.405624	88.327591	88.494171	88.374878	88.479324	91.242004	100.0	89.023407	89.556564	82.502686	82.50975	82.742188	82.762848	82.835754	82.602066	82.474258	82.593758	82.665314	82.664886	82.194778	82.823746	82.870239	79.882416	79.246002	81.431412	81.600571	81.73085	81.746025	81.531952	81.669502	81.534592	81.486649	82.231339	81.661591	81.856979	81.582695	81.365952	81.763519	80.89624	81.798454	81.293564	81.488724	80.334145	80.311157
85.323296	86.854118	86.575195	87.04454	86.792007	86.826385	87.435852	87.616524	87.165253	87.191193	87.070251	87.901909	87.787369	87.619247	87.620224	87.695717	88.06974	88.236557	87.865578	88.098259	89.858681	89.445587	89.094315	87.754082	88.281471	88.563454	88.290497	88.467438	88.541985	90.103455	88.482903	88.468353	88.678223	88.696518	88.782333	88.721207	88.67733	88.854584	88.385544	88.58638	89.482666	89.023407	100.0	91.126953	82.676575	82.58007	83.420471	82.784454	82.921814	82.694252	82.622337	82.730576	82.87265	82.770157	82.363037	82.874924	82.954292	79.840027	79.759567	81.613968	81.859406	81.888596	81.995499	81.718964	81.987907	81.604324	81.580688	81.758102	81.814011	82.008369	81.728722	81.559158	81.904327	81.034332	81.876343	81.433304	81.544128	80.390152	80.486221
85.491364	87.164886	86.83255	87.334656	87.147758	87.086884	87.6744	87.556374	87.46521	87.558006	87.514984	88.192963	88.169563	87.982712	88.019211	88.082001	88.418724	88.59761	88.110031	88.372742	88.836609	88.506386	88.722031	88.061691	88.861374	88.776199	88.477486	88.746964	88.772491	89.189423	88.707565	88.785812	88.87899	88.831871	88.972809	88.809258	88.927925	89.09079	88.578247	88.896446	90.11525	89.556564	91.126953	100.0	82.811958	82.783081	83.001846	83.009521	83.040985	82.897827	82.943237	82.935699	83.093109	82.954971	82.485733	83.04892	83.156479	79.989487	79.633575	81.72863	82.011932	81.950546	82.060844	81.823578	82.019196	81.803436	81.854965	81.782623	81.776802	82.084297	81.732147	81.717636	82.145599	80.965607	82.029655	81.545288	81.601295	80.428009	80.560524
82.537163	82.591042	82.44104	82.818771	82.694473	82.477287	82.844604	82.837791	82.762291	82.674744	82.52623	82.621918	82.601662	82.463852	82.590096	82.508263	82.705986	82.907394	82.703148	83.464577	83.147186	82.8964	82.858185	82.637291	82.963181	83.017464	82.912971	82.584793	82.828941	82.895798	82.938362	82.865028	82.807823	82.928917	82.889435	82.788727	82.861023	82.995071	82.70932	82.735397	82.842255	82.502686	82.676575	82.811958	100.0	89.670258	89.932083	89.983093	90.274582	89.880096	90.054581	90.057098	90.424019	90.675827	86.584137	87.635269	87.79377	80.137512	79.869682	81.709747	81.871582	81.999832	82.043846	81.775681	81.956215	82.61969	82.59346	82.697052	82.71431	82.995422	82.717117	82.927826	83.291267	81.583702	82.764053	82.076843	81.731476	80.838844	81.178375
82.658813	82.566376	82.421585	82.625793	82.623489	82.358696	82.836792	82.676743	82.710114	82.703941	82.519424	82.683472	82.632065	82.509888	82.554703	82.647133	82.774513	82.842934	82.757584	82.95871	83.242447	82.903053	82.916138	82.678627	82.979324	83.03791	82.800529	82.497932	82.678917	82.847198	82.932602	82.945557	82.850143	82.98703	82.957283	82.756844	82.935715	82.817703	82.6772	82.673523	82.715759	82.50975	82.58007	82.783081	89.670258	100.0	90.303848	90.238586	90.721313	89.874924	90.353287	90.848549	90.446373	90.031357	87.094124	87.946175	88.021233	79.974594	79.789291	81.589569	81.713142	81.800636	81.791763	81.72628	81.823479	82.775497	82.635254	82.851723	82.827591	83.136543	82.894585	82.924118	83.363525	81.730942	82.842361	82.018578	81.64418	80.734985	81.188141
82.814667	82.811302	82.646683	82.78717	82.700806	82.545578	83.060509	82.898621	82.814651	82.783348	82.7659	82.820793	82.668602	82.645645	82.689606	82.741714	82.911911	83.052551	82.90937	83.017113	83.72876	83.713821	83.134087	82.71257	83.141571	83.150986	82.89856	82.664139	82.923553	83.767227	83.019928	83.02137	83.062988	83.208466	83.153099	83.000832	83.029358	83.09761	82.868225	83.043884	83.134827	82.742188	83.420471	83.001846	89.932083	90.303848	100.0	94.481285	91.357605	90.254013	91.32914	91.055588	91.193451	90.429199	86.999649	87.978439	88.717873	80.143295	79.851089	81.801476	81.950775	82.132187	82.04509	81.928268	82.024734	82.660172	82.686707	82.771057	82.9879	83.151741	82.959442	83.026077	83.44873	81.785645	82.95726	82.211174	81.736588	80.958961	81.269279
82.668961	82.603729	82.511002	82.806839	82.657883	82.432381	82.99585	82.775223	82.786499	82.751358	82.659348	82.777802	82.671326	82.603256	82.731964	82.801849	82.869629	82.982513	82.952988	83.084427	83.221954	83.03038	82.939674	82.721085	83.057541	83.116714	82.899948	82.650253	82.863647	82.96817	82.976776	83.009842	83.045563	83.159798	83.084251	82.942841	82.950012	82.958427	82.79673	82.974289	82.978935	82.762848	82.784454	83.009521	89.983093	90.238586	94.481285	100.0	91.275536	90.63916	90.764557	91.048248	91.107979	90.540833	86.980667	87.832779	88.046402	80.029648	79.852844	81.763306	81.988602	82.039368	81.976997	81.80703	82.009148	82.65361	82.747124	82.725258	82.87661	83.165344	82.921341	82.875412	83.493576	81.740852	82.87851	82.129639	81.639587	80.883881	81.166229
82.751602	82.743011	82.575119	82.914871	82.920212	82.698151	82.995789	82.960388	82.943329	82.997162	82.881378	82.867142	82.775879	82.719254	82.839958	82.872513	82.935104	83.195007	82.992477	83.257797	83.344986	83.205048	83.160545	82.912964	83.282379	83.309998	83.134483	82.78183	83.017197	83.095871	83.092743	83.099533	83.211578	83.25827	83.177773	83.06044	83.113983	83.163528	82.973053	83.044434	83.028839	82.835754	82.921814	83.040985	90.274582	90.721313	91.357605	91.275536	100.0	91.551651	92.064987	91.785309	91.711449	90.958984	87.106873	88.062485	88.503143	80.27713	79.837151	81.86203	82.048714	82.144714	82.18615	81.949539	82.051407	82.938553	82.759277	83.003548	83.024323	83.151489	82.984406	83.176208	83.571503	81.837021	82.950935	82.278793	81.837402	80.779053	81.283363
82.712685	82.529648	82.426445	82.621277	82.65477	82.458351	82.823517	82.699112	82.750366	82.668991	82.612747	82.690552	82.601662	82.602341	82.560944	82.685204	82.71183	82.976547	82.797523	83.016792	83.033241	82.92086	82.946449	82.683716	83.108383	83.130524	82.907227	82.522217	82.681221	82.828125	82.924706	82.975937	83.023041	83.10112	83.043381	82.944794	82.900848	82.934799	82.724854	82.815903	82.790741	82.602066	82.694252	82.897827	89.880096	89.874924	90.254013	90.63916	91.551651	100.0	92.113808	92.400589	90.8255	90.874847	86.788956	87.719147	87.730919	80.085312	79.894592	81.663116	81.954147	81.965576	81.957108	81.888199	81.932846	82.578979	82.544739	82.700165	82.802155	83.005814	82.741638	82.97406	83.313736	81.655792	82.829605	82.152618	81.860931	80.693069	81.156792
