858422.3	1355477.98	1404768.8	2782624.3	1904807.3	375.233	993502.5	1325112.3	574934.3	722472.7	288000.8	754500.3	2782664.3	2057741.8	376.36	1325090.8	1437360.8	2913970.3	1404864.3	2840473.3	709803.3	1325107.4	1043588.3	189873.4	2782666.3	1325114.3	1325115.7	2171497.4	167468.3	722472.8	858423.18	1420727.4	255045.4	83637.3	1437360.11	1325102.3	83627.3	1325111.3	546899.3	1325120.3	1038867.3	1325095.3	2926009.3	1274631.4	1619232.5	190148.11	2898149.3	114615.4	1245469.3	1404367.7	255045.57	2817703.3	630921.8	115808.6	2782658.3	1437360.9	1437360.5	376.104	2734909.5	244734.18	722472.6	1855319.3	375.247	1521768.3	1325100.3	2782634.3	2911010.5	1803665.3	1404888.3	1399419.3	2904800.6	375.229	2035447.3	224911.5	241591.3	113395.3	29448.151	2876780.6	1197460.4
100.0	81.554947	81.942123	81.698151	82.838486	81.853088	81.814011	81.542259	81.83165	84.682877	80.705933	81.661469	81.630249	82.71431	81.613998	81.443237	80.716797	83.024323	81.692413	83.192917	81.778076	81.764313	81.696518	88.377853	81.850647	81.870766	81.668228	81.931686	81.844627	83.309372	81.698746	82.014267	81.497482	83.000206	82.205368	81.772034	81.69413	81.533409	81.861023	82.794792	81.454788	81.469604	81.832275	88.16806	83.031288	91.840034	80.932175	80.918793	80.868134	81.913055	81.635803	82.952698	82.802155	80.845299	88.358978	83.75528	82.801163	82.990372	80.887215	81.88356	82.057907	81.21962	81.842896	79.691208	83.160675	81.661591	81.260353	81.837418	81.776802	81.758728	79.688965	81.798645	81.79306	81.932823	81.59758	81.02478	83.000244	81.523521	82.827591
81.554947	100.0	87.821632	87.658966	82.764313	88.31044	87.191193	89.004181	87.641434	81.921646	81.312805	87.53862	87.359894	82.674744	87.659637	88.580589	80.358185	82.997162	87.961555	81.688217	87.655556	87.481346	87.602722	81.465652	88.003998	87.616661	87.372696	87.488007	87.212067	81.733749	85.214752	87.422485	80.415558	83.018463	81.343575	87.16394	88.729156	89.400429	88.079193	82.804642	92.490479	89.014992	88.216187	81.465881	82.472229	81.740875	81.492355	81.763176	81.663269	87.787735	87.363739	82.711105	82.668991	81.752464	81.566391	81.65799	82.739891	82.820015	81.61161	88.216278	80.91658	88.521362	87.866577	79.760757	82.95108	87.07132	88.99202	88.160797	87.558006	87.716576	79.413177	88.45726	87.763725	88.370178	88.301735	81.416702	82.800858	91.302353	82.703941
81.942123	87.821632	100.0	88.40657	83.019531	88.773613	88.482903	87.506096	90.507324	82.097366	81.733032	88.305374	89.62867	82.938362	88.407822	87.288078	80.474945	83.092743	88.714661	81.928421	90.473694	88.653397	88.280205	81.721771	88.615799	90.157944	89.752029	89.840919	88.552414	81.804016	85.421638	88.981476	80.603317	83.131439	81.570557	88.907425	87.775223	87.597809	88.731659	83.004974	87.68808	87.304413	88.822548	81.725487	82.513138	82.018852	81.952881	82.034149	82.110008	93.87941	88.162048	82.904739	82.924706	82.263985	81.858139	81.844772	82.868713	83.124603	82.00959	88.922592	81.189323	87.117256	91.765213	80.077179	83.163437	88.209724	87.127533	88.926086	88.707565	88.637871	79.654724	88.830322	90.374954	89.111725	88.496811	81.631699	83.032761	87.762238	82.932602
81.698151	87.658966	88.40657	100.0	82.768738	89.039169	87.901909	87.163101	88.238144	81.941147	81.438812	92.434921	88.663162	82.621918	92.374161	86.892395	80.209381	82.867142	88.546539	81.749146	88.259811	88.500793	92.497643	81.635399	90.783127	88.370811	88.106773	88.118767	87.83992	81.73204	85.388321	87.976234	80.404335	82.906403	81.406418	88.016647	87.782547	87.296738	88.403633	82.778275	87.697708	87.016724	89.895935	81.499741	82.377678	81.934479	81.482422	81.699142	81.700439	88.426018	92.348801	82.744003	82.690552	81.815125	81.598984	81.65538	82.597137	82.768463	81.614029	88.74173	80.930786	86.735603	88.780724	79.773041	82.956207	88.074036	86.957245	88.412918	88.192963	88.197784	79.558067	89.111473	88.337219	89.171936	88.597656	81.456451	82.759064	87.637207	82.683472
82.838486	82.764313	83.019531	82.768738	100.0	83.00914	82.87265	82.821907	82.997589	83.392883	81.834969	82.762421	82.749405	90.424019	82.748566	82.720749	80.907852	91.711449	82.867676	82.731598	83.046036	82.945023	82.722679	82.719284	82.875732	82.883286	82.953011	83.181488	82.828064	82.886665	82.684425	83.17363	81.226974	88.055206	82.172348	82.894447	83.038055	82.850288	83.193382	91.262115	82.711945	82.735382	83.085266	82.649521	87.114288	83.216202	81.874443	82.052475	82.018539	83.029678	82.654984	91.11705	90.8255	82.244492	82.840317	83.041885	91.323586	91.314827	81.985687	83.105141	81.750984	82.539856	82.911774	80.088928	88.230927	82.665314	82.622681	83.130981	83.093109	82.972115	79.88945	82.976852	83.10701	83.219521	82.878159	81.83197	91.157288	82.797089	90.446373
81.853088	88.31044	88.773613	89.039169	83.00914	100.0	89.50087	87.794937	88.701233	82.179535	81.747787	88.917511	88.426552	82.857872	88.910667	87.501984	80.572304	83.185356	89.236938	82.047928	88.783081	88.583572	89.037689	81.64534	89.3965	88.61953	88.334457	88.515793	88.119751	81.922966	85.78746	88.247086	80.492195	83.11248	81.597229	88.191643	88.38076	87.91394	89.253082	82.961205	88.233612	87.681252	89.558411	81.681725	82.6689	82.09549	81.918579	81.989288	81.977119	88.755676	88.818939	83.028709	82.944183	82.124313	81.890579	81.819092	82.985474	83.139862	81.985855	89.621933	81.15799	87.152267	90.309319	79.969269	83.152382	88.204185	87.588745	89.226158	88.622475	88.802078	79.77787	95.643547	88.861176	90.917252	89.342545	81.65123	83.662415	88.341721	82.854828
81.814011	87.191193	88.482903	87.901909	82.87265	89.50087	100.0	87.04454	88.721207	81.890503	81.613968	87.695717	88.467438	82.676575	87.704773	86.854118	80.390152	82.921814	87.888573	81.815041	88.678223	89.482666	87.778351	81.604324	88.06974	88.672043	88.541985	88.835182	88.385544	81.728722	85.323296	88.847519	80.486221	82.874924	81.433304	88.58638	87.435852	87.126381	88.281471	82.622337	87.070251	86.792007	88.236557	81.580688	82.363037	82.008369	81.718964	81.888596	81.987907	88.486397	87.532059	82.709602	82.694252	81.995499	81.758102	81.559158	82.730576	82.863396	81.859406	88.022644	81.034332	86.575195	90.122925	79.840027	82.954292	89.023407	86.759933	88.563454	91.126953	88.290497	79.759567	89.094315	88.696518	89.842667	87.754082	81.544128	83.490738	87.165253	82.58007
81.542259	89.004181	87.506096	87.163101	82.821907	87.794937	87.04454	100.0	87.487839	81.871231	81.500381	86.944565	86.982727	82.818771	87.021683	90.899445	80.375748	82.914871	87.433594	81.7052	87.644218	87.353714	87.125793	81.436829	87.485397	89.468216	89.412239	87.392212	87.147018	81.527802	85.045731	87.46286	80.347137	83.013947	81.328812	87.160042	88.155235	90.987907	87.987595	82.819946	88.897324	91.125046	87.519699	81.434265	82.41935	81.80481	81.594994	81.826752	81.765244	87.409637	86.904701	82.892067	82.621277	81.845139	81.560257	81.548218	82.660797	82.878487	81.690712	87.758904	80.904205	88.954605	87.576004	79.962585	82.969116	86.890091	91.046951	87.936584	87.334656	87.71447	79.450272	87.751595	87.683853	87.984108	87.697418	81.571075	82.762772	88.881668	82.625793
81.83165	87.641434	90.507324	88.238144	82.997589	88.701233	88.721207	87.487839	100.0	82.130127	81.78006	88.124252	90.467133	82.788727	88.212341	87.354706	80.468346	83.06044	88.342041	81.951782	90.719643	88.845245	88.240059	81.679535	88.534554	91.706909	90.127197	90.422012	88.711914	81.801079	85.447121	89.166718	80.540665	83.047699	81.54245	88.955223	87.727097	87.533516	88.771263	82.862907	87.563446	87.362099	88.629105	81.697411	82.468765	82.048462	81.893211	82.086426	82.07959	90.398384	88.025421	82.925095	82.944794	82.214294	81.801437	81.795349	82.821182	83.019714	82.126526	88.722893	81.042641	87.161285	90.618965	79.926376	83.112434	88.405624	87.211601	89.128372	88.809258	88.731331	79.787537	88.612289	90.708954	88.996002	88.31575	81.557907	82.955048	87.561531	82.756844
84.682877	81.921646	82.097366	81.941147	83.392883	82.179535	81.890503	81.871231	82.130127	100.0	80.993469	82.003342	81.837845	83.30986	81.918167	81.754066	81.228584	83.578232	82.148849	84.011688	82.104164	82.026527	81.987778	84.700287	82.155457	82.139198	82.059921	82.120567	81.919662	83.94722	81.928543	82.110268	82.297455	83.455109	83.261749	81.986809	82.000458	81.923012	82.131042	83.410454	81.780899	81.821823	82.272034	84.580811	83.389938	84.793846	81.171906	81.270584	81.371475	82.129211	81.889053	83.38266	83.326675	81.363525	85.151169	85.296951	83.501572	83.435211	81.246956	82.260605	82.792709	81.616661	82.135986	80.027779	83.429092	81.782394	81.758041	82.207535	82.128601	82.137985	80.130554	82.294067	82.144333	82.313278	82.028732	81.201645	83.452065	81.887329	83.431412
80.705933	81.312805	81.733032	81.438812	81.834969	81.747787	81.613968	81.500381	81.78006	80.993469	100.0	81.390747	81.536606	81.709747	81.498093	81.42569	79.886139	81.86203	81.615967	81.183578	81.870956	81.562973	81.498878	80.619362	81.620209	81.757118	81.764786	81.887299	81.654778	80.713196	81.417328	81.862869	79.997269	81.854004	80.722954	81.787155	81.580307	81.310623	81.726379	81.687553	81.34581	81.415031	81.699463	80.680862	81.240631	80.879196	86.862289	87.311752	87.466583	81.666595	81.355865	81.72464	81.663116	87.432648	80.81694	80.79129	81.633545	81.791092	87.396034	81.561905	80.294846	81.254593	81.730362	79.798203	81.793022	81.431412	81.332443	81.800629	81.72863	81.74511	79.471977	81.675575	81.868622	81.794128	81.428665	80.990814	81.77504	81.448517	81.589569
81.661469	87.53862	88.305374	92.434921	82.762421	88.917511	87.695717	86.944565	88.124252	82.003342	81.390747	100.0	88.266785	82.508263	94.573051	86.721359	80.467712	82.872513	88.435089	81.792587	88.10994	88.13205	95.312592	81.554916	90.619705	88.065964	87.890244	87.966705	87.625778	81.628525	85.122406	87.780258	80.352417	83.026024	81.472488	87.84404	87.721069	87.13797	88.156174	82.744835	87.469742	86.872009	89.940895	81.494293	82.398903	81.894669	81.634659	81.662582	81.736923	88.439484	94.123337	82.757301	82.685204	81.758545	81.749924	81.696686	82.636635	82.748833	81.656418	88.614113	80.846527	86.591316	88.434555	79.733681	82.941788	87.746902	86.774521	88.36145	88.082001	88.000748	79.478653	88.861984	88.180634	88.953278	88.62426	81.39431	82.753876	87.442245	82.647133
81.630249	87.359894	89.62867	88.663162	82.749405	88.426552	88.467438	86.982727	90.467133	81.837845	81.536606	88.266785	100.0	82.584793	88.246597	86.804993	80.3741	82.78183	87.975967	81.642029	89.676437	88.747887	88.229095	81.521332	88.431068	89.999939	89.595001	89.645874	88.382675	81.568672	85.273575	88.613037	80.385284	82.694778	81.357697	88.710342	87.390366	87.11573	88.392914	82.692451	87.438797	86.856186	88.533325	81.63549	82.080338	81.90477	81.630829	81.759483	81.784729	89.736839	88.161041	82.625473	82.522217	81.811951	81.610275	81.582817	82.503662	82.638199	81.696243	88.233818	80.981522	86.550308	90.268967	79.67804	82.84996	88.361832	86.72467	88.510338	88.746964	88.236816	79.447182	88.433411	89.672943	88.847298	87.953857	81.375282	82.713959	87.278694	82.497932
82.71431	82.674744	82.938362	82.621918	90.424019	82.857872	82.676575	82.818771	82.788727	83.30986	81.709747	82.508263	82.584793	100.0	82.58194	82.591042	80.838844	90.274582	82.702744	82.631287	82.807823	82.842255	82.595085	82.61969	82.705986	82.88533	82.828941	82.994003	82.70932	82.717117	82.537163	82.986313	81.178375	87.635269	82.076843	82.735397	82.844604	82.816734	82.963181	90.054581	82.52623	82.694473	82.907394	82.59346	86.584137	82.995422	81.775681	81.999832	81.956215	82.832535	82.511383	90.039719	89.880096	82.043846	82.697052	82.927826	90.057098	90.823578	81.871582	83.538193	81.583702	82.44104	82.874741	80.137512	87.79377	82.502686	82.435455	83.017464	82.811958	82.912971	79.869682	82.858185	82.928917	83.120033	82.637291	81.731476	89.917374	82.762291	89.670258
81.613998	87.659637	88.407822	92.374161	82.748566	88.910667	87.704773	87.021683	88.212341	81.918167	81.498093	94.573051	88.246597	82.58194	100.0	86.807999	80.32547	82.765686	88.409622	81.721436	88.222168	88.220329	94.290756	81.494583	90.604057	88.137878	87.969223	87.983673	87.730499	81.638718	85.188812	87.860596	80.435089	82.911835	81.455299	87.92382	87.705826	87.296806	88.165665	82.649681	87.613953	87.030663	89.899284	81.441292	82.372185	81.777039	81.602127	81.630035	81.747223	88.492264	94.34967	82.63887	82.6091	81.766533	81.466888	81.669495	82.71376	82.715553	81.662788	88.641609	80.908218	86.645699	88.60099	79.769211	82.863235	87.815491	86.848778	88.341385	88.043625	88.074707	79.470184	88.902115	88.224075	88.947891	88.627068	81.357353	82.736984	87.608185	82.617126
81.443237	88.580589	87.288078	86.892395	82.720749	87.501984	86.854118	90.899445	87.354706	81.754066	81.42569	86.721359	86.804993	82.591042	86.807999	100.0	80.269234	82.743011	87.18541	81.593124	87.463013	87.176514	86.813309	81.43734	87.19487	89.320366	89.257332	87.602203	87.052765	81.495743	84.820557	87.288879	80.325294	82.943077	81.387848	86.926468	87.795082	90.65773	87.639191	82.609451	88.528534	90.221878	87.383316	81.321533	82.206955	81.706741	81.504471	81.708435	81.682236	87.314301	86.66037	82.776245	82.529648	81.786957	81.439316	81.488968	82.552231	82.815979	81.648109	87.492554	80.854652	91.766029	87.448746	79.666168	82.785583	86.710121	90.272247	87.744568	87.164886	87.364838	79.452721	87.396515	87.619614	87.638855	87.335739	81.405746	82.699677	88.515106	82.566376
80.716797	80.358185	80.474945	80.209381	80.907852	80.572304	80.390152	80.375748	80.468346	81.228584	79.886139	80.467712	80.3741	80.838844	80.32547	80.269234	100.0	80.779053	80.590286	81.217651	80.548187	80.439514	80.317581	80.616806	80.471466	80.456894	80.420906	80.605713	80.383987	80.839218	80.45752	80.516617	80.874298	80.784744	81.152206	80.415695	80.474075	80.398636	80.426132	80.846481	80.235245	80.329376	80.544861	80.521851	80.778412	80.668274	80.00322	79.886887	79.995872	80.499565	80.271378	80.946381	80.693069	79.977829	80.710678	81.001884	80.858505	80.916	79.90699	80.525696	80.868103	80.131317	80.497711	79.108429	80.873749	80.334145	80.302338	80.471848	80.428009	80.43985	79.261917	80.637421	80.512695	80.694084	80.311096	80.10276	80.97937	80.452957	80.734985
83.024323	82.997162	83.092743	82.867142	91.711449	83.185356	82.921814	82.914871	83.06044	83.578232	81.86203	82.872513	82.78183	90.274582	82.765686	82.743011	80.779053	100.0	82.98082	82.895523	83.211578	83.028839	82.821655	82.938553	82.935104	83.151321	83.017197	83.239571	82.973053	82.984406	82.751602	83.196121	81.283363	88.062485	82.278793	83.044434	82.995789	82.994888	83.282379	92.064987	82.881378	82.920212	83.195007	82.759277	87.106873	83.151489	81.949539	82.144714	82.051407	83.081482	82.756409	91.333267	91.551651	82.18615	83.003548	83.176208	91.785309	91.111771	82.048714	83.155441	81.837021	82.575119	83.082947	80.27713	88.503143	82.835754	82.694748	83.309998	83.040985	83.134483	79.837151	83.160545	83.25827	83.24321	82.912964	81.837402	91.383919	82.943329	90.721313
81.692413	87.961555	88.714661	88.546539	82.867676	89.236938	87.888573	87.433594	88.342041	82.148849	81.615967	88.435089	87.975967	82.702744	88.409622	87.18541	80.590286	82.98082	100.0	82.074051	88.595474	88.232986	88.445747	81.714676	88.691269	88.32637	88.107986	88.145439	87.908569	81.874146	85.441895	88.126205	80.445236	83.158783	81.59861	88.115898	88.061859	87.767456	88.674149	82.912964	87.875412	87.404465	89.084244	81.617386	82.568504	81.968369	81.783966	82.03537	81.934494	88.77803	88.324615	82.945267	82.829803	82.093018	81.713638	81.775925	82.871941	82.958755	81.914627	94.103279	81.088501	86.983658	88.655388	79.862923	83.117744	87.797943	87.296127	88.721741	88.143616	88.428169	79.681686	89.383118	88.573433	89.24585	89.001999	81.539642	82.882469	88.007538	82.756699
83.192917	81.688217	81.928421	81.749146	82.731598	82.047928	81.815041	81.7052	81.951782	84.011688	81.183578	81.792587	81.642029	82.631287	81.721436	81.593124	81.217651	82.895523	82.074051	100.0	82.023666	81.873779	81.870178	83.344765	81.849701	82.001198	81.859856	82.179512	81.773727	84.031219	81.940567	82.154701	83.264908	82.831818	84.819084	81.844116	81.814484	81.716377	82.031509	82.640152	81.702454	81.582794	82.110901	83.292244	82.728424	83.364304	81.39537	81.337135	81.46756	81.90506	81.692924	82.762962	82.718445	81.399689	83.543152	84.254715	82.708191	82.907349	81.376472	82.119476	84.205353	81.393433	81.995895	80.265793	82.973495	81.712296	81.511154	82.131104	82.04464	81.917007	80.34169	82.023712	82.052979	82.162674	81.746574	81.285141	82.851791	81.701546	82.682365
81.778076	87.655556	90.473694	88.259811	83.046036	88.783081	88.678223	87.644218	90.719643	82.104164	81.870956	88.10994	89.676437	82.807823	88.222168	87.463013	80.548187	83.211578	88.595474	82.023666	100.0	88.833473	88.217484	81.749283	88.536484	90.773788	90.485077	90.432236	88.819435	81.817474	85.439888	89.250854	80.561722	83.337883	81.540718	89.121979	87.822334	87.595291	88.940521	83.070114	87.668457	87.379883	88.804222	81.621002	82.537888	81.998459	81.987411	82.150757	82.147232	90.509018	88.045761	83.131538	83.023041	82.23468	81.821243	81.740318	82.90921	82.9916	82.051407	88.739929	81.105766	87.243652	90.69606	80.048767	83.27301	88.340645	87.306213	89.167816	88.87899	89.029663	79.635818	88.787796	93.593536	89.295532	88.444855	81.677902	83.085068	87.638062	82.850143
81.764313	87.481346	88.653397	88.500793	82.945023	88.583572	89.482666	87.353714	88.845245	82.026527	81.562973	88.13205	88.747887	82.842255	88.220329	87.176514	80.439514	83.028839	88.232986	81.873779	88.833473	100.0	88.285858	81.597496	88.651154	88.741364	88.767212	88.888824	89.35009	81.825409	85.47554	88.823807	80.357162	83.025467	81.490242	89.119308	87.754265	87.321991	88.935944	82.911499	87.506332	87.055618	88.828583	81.642326	82.417374	81.906265	81.818138	81.953674	81.963806	88.758583	87.924194	82.968292	82.790741	81.958031	81.614433	81.589676	82.768402	83.020508	81.837601	88.404793	80.975357	86.977745	88.966248	79.97406	83.134277	91.242004	87.009506	88.669952	90.11525	88.578827	79.512558	88.646538	88.844368	88.98439	88.226303	81.60527	83.045944	87.348457	82.715759
81.696518	87.602722	88.280205	92.497643	82.722679	89.037689	87.778351	87.125793	88.240059	81.987778	81.498878	95.312592	88.229095	82.595085	94.290756	86.813309	80.317581	82.821655	88.445747	81.870178	88.217484	88.285858	100.0	81.527168	90.817612	88.170319	88.101166	87.950623	87.719162	81.640228	85.196579	87.900818	80.388763	82.937042	81.562607	87.993134	87.72818	87.256767	88.338226	82.691345	87.627884	86.899689	89.927948	81.511002	82.456757	81.835983	81.62175	81.750084	81.778336	88.437515	94.471756	82.815628	82.680412	81.786591	81.623611	81.660492	82.701218	82.801025	81.763794	88.667023	80.887535	86.670898	88.679703	79.838989	82.895271	87.927643	86.860535	88.355232	88.089966	88.153656	79.646988	89.037643	88.227852	89.090065	88.642357	81.40329	82.818344	87.58226	82.662666
88.377853	81.465652	81.721771	81.635399	82.719284	81.64534	81.604324	81.436829	81.679535	84.700287	80.619362	81.554916	81.521332	82.61969	81.494583	81.43734	80.616806	82.938553	81.714676	83.344765	81.749283	81.597496	81.527168	100.0	81.72702	81.851334	81.593422	81.876106	81.643959	83.230087	81.580826	81.776848	81.41568	82.758194	82.376862	81.632431	81.722305	81.568909	81.676895	82.64801	81.413757	81.464081	81.800835	91.792755	82.636894	88.268219	80.769775	80.802582	80.790405	81.750427	81.441559	82.714821	82.578979	80.7733	87.837738	83.784775	82.796051	82.710632	80.82135	81.78717	82.066971	81.134987	81.715775	79.525269	82.898026	81.534592	81.318832	81.772049	81.803436	81.67765	79.706261	81.695831	81.814278	81.859421	81.564392	80.960709	82.673309	81.526924	82.775497
81.850647	88.003998	88.615799	90.783127	82.875732	89.3965	88.06974	87.485397	88.534554	82.155457	81.620209	90.619705	88.431068	82.705986	90.604057	87.19487	80.471466	82.935104	88.691269	81.849701	88.536484	88.651154	90.817612	81.72702	100.0	88.548813	88.269386	88.262993	88.123611	81.870621	85.592949	88.192085	80.505234	83.058403	81.484612	88.284561	88.138206	87.62352	88.790138	82.821045	88.169846	87.302521	89.949966	81.649879	82.571381	81.993546	81.695152	81.803909	81.835144	88.684456	90.455139	82.836365	82.71183	81.950317	81.696266	81.952599	82.693832	82.859276	81.71315	89.040512	81.090103	87.096436	89.001236	79.759232	83.00737	88.064072	87.242577	88.703888	88.418724	88.445152	79.433022	89.41243	88.486404	89.489609	89.315056	81.495331	82.92717	87.963409	82.774513
81.870766	87.616661	90.157944	88.370811	82.883286	88.61953	88.672043	89.468216	91.706909	82.139198	81.757118	88.065964	89.999939	82.88533	88.137878	89.320366	80.456894	83.151321	88.32637	82.001198	90.773788	88.741364	88.170319	81.851334	88.548813	100.0	92.038986	91.324265	88.64061	81.861092	85.354172	89.104401	80.513275	83.123543	81.695053	88.806091	87.682472	89.605286	88.776642	82.961624	87.518509	89.346786	88.646393	81.760017	82.523178	81.978973	81.795898	81.987457	81.979309	90.208817	87.874702	82.97953	82.802124	82.15538	81.81543	81.829353	82.823502	82.98703	82.081635	88.612717	81.068596	86.982849	90.504318	79.966629	83.090324	88.187836	89.065048	89.06559	88.907661	88.691956	79.664375	88.632187	90.786041	88.952103	88.27475	81.701294	83.029724	87.506561	82.825806
81.668228	87.372696	89.752029	88.106773	82.953011	88.334457	88.541985	89.412239	90.127197	82.059921	81.764786	87.890244	89.595001	82.828941	87.969223	89.257332	80.420906	83.017197	88.107986	81.859856	90.485077	88.767212	88.101166	81.593422	88.269386	92.038986	100.0	90.478699	88.925919	81.723602	85.296265	89.431381	80.493675	83.038612	81.564697	89.028427	87.607582	89.424179	88.49791	82.952728	87.29071	89.257233	88.492584	81.543289	82.389725	81.986717	81.919708	82.034424	82.045143	89.784012	87.759972	82.929855	82.681221	82.096848	81.648285	81.643585	82.799484	82.904022	82.039154	88.379776	80.98188	86.953514	90.141479	80.005692	83.016167	88.27758	88.971428	88.800941	88.772491	88.73497	79.651779	88.373367	90.375641	88.844101	88.087814	81.625366	82.931488	87.3806	82.678917
81.931686	87.488007	89.840919	88.118767	83.181488	88.515793	88.835182	87.392212	90.422012	82.120567	81.887299	87.966705	89.645874	82.994003	87.983673	87.602203	80.605713	83.239571	88.145439	82.179512	90.432236	88.888824	87.950623	81.876106	88.262993	91.324265	90.478699	100.0	88.819763	81.930679	85.41713	89.398155	80.639328	83.27552	81.756065	89.47113	87.551865	87.479538	88.603645	83.224518	87.476608	87.203033	88.546677	81.886185	82.623268	82.178711	81.984253	82.238457	82.218361	89.984436	87.794426	83.206795	82.997215	82.38588	81.867981	81.802475	83.091095	83.20166	82.25119	88.42627	81.194611	87.1091	90.134018	80.216187	83.34137	88.450836	87.397842	88.865906	88.951797	88.624023	79.695084	88.511299	90.40831	88.879303	88.05748	81.782875	83.240784	87.397858	83.022278
81.844627	87.212067	88.552414	87.83992	82.828064	88.119751	88.385544	87.147018	88.711914	81.919662	81.654778	87.625778	88.382675	82.70932	87.730499	87.052765	80.383987	82.973053	87.908569	81.773727	88.819435	89.35009	87.719162	81.643959	88.123611	88.64061	88.925919	88.819763	100.0	81.680374	85.240692	90.01442	80.409317	82.931427	81.323868	90.040344	87.507919	87.202484	88.552322	82.748833	87.149719	86.869446	88.342133	81.664825	82.290955	81.828255	81.796692	81.943283	81.93515	88.620239	87.382431	82.768585	82.724854	82.128235	81.649445	81.489395	82.627426	82.878487	81.790131	88.157898	80.999893	87.020676	88.680893	79.834358	82.885742	88.374878	86.87529	88.723824	88.578247	88.768158	79.534889	88.289978	88.797073	88.715118	87.893112	81.521591	82.863548	87.171761	82.6772
83.309372	81.733749	81.804016	81.73204	82.886665	81.922966	81.728722	81.527802	81.801079	83.94722	80.713196	81.628525	81.568672	82.717117	81.638718	81.495743	80.839218	82.984406	81.874146	84.031219	81.817474	81.825409	81.640228	83.230087	81.870621	81.861092	81.723602	81.930679	81.680374	100.0	82.009888	81.916489	82.21933	82.92421	83.047577	81.765762	81.811592	81.660774	81.894638	82.913239	81.582253	81.671661	81.908569	83.220398	82.80777	83.485718	80.775993	80.871506	80.996155	81.785721	81.746567	82.870621	82.741638	80.976959	83.533249	84.285858	82.824036	82.911194	80.863113	81.888931	83.11129	81.40403	81.838745	79.551376	83.084503	81.582695	81.404404	81.908211	81.732147	81.856522	79.588173	81.949875	81.950302	82.17308	81.773331	81.181877	82.948395	81.616035	82.894585
81.698746	85.214752	85.421638	85.388321	82.684425	85.78746	85.323296	85.045731	85.447121	81.928543	81.417328	85.122406	85.273575	82.537163	85.188812	84.820557	80.45752	82.751602	85.441895	81.940567	85.439888	85.47554	85.196579	81.580826	85.592949	85.354172	85.296265	85.41713	85.240692	82.009888	100.0	85.54071	80.49884	82.856728	81.523254	85.285065	85.513611	85.074234	85.570702	82.679871	85.14119	84.929672	85.661514	81.650635	82.372696	82.053741	81.590462	81.672371	81.550903	85.418388	85.089874	82.70575	82.712685	81.63176	81.767029	81.724503	82.673958	82.717178	81.603149	85.697556	81.062302	84.911415	85.587578	79.631271	82.921097	85.167572	84.867355	85.618484	85.491364	85.590263	79.465012	85.774849	85.540695	85.974457	85.318542	81.578171	82.778214	85.236511	82.658813
82.014267	87.422485	88.981476	87.976234	83.17363	88.247086	88.847519	87.46286	89.166718	82.110268	81.862869	87.780258	88.613037	82.986313	87.860596	87.288879	80.516617	83.196121	88.126205	82.154701	89.250854	88.823807	87.900818	81.776848	88.192085	89.104401	89.431381	89.398155	90.01442	81.916489	85.54071	100.0	80.599045	83.168198	81.63427	89.992523	87.772675	87.396088	88.596504	83.146278	87.35701	87.239616	88.431656	81.85701	82.550926	82.153488	82.079536	82.248932	82.165466	89.025887	87.581299	82.918045	82.943497	82.184021	81.885406	81.762482	82.88353	83.059105	82.153084	88.259018	81.205475	86.92659	89.081703	80.098633	83.231613	88.468605	87.148331	88.99881	89.083084	89.025681	79.608795	88.371819	89.216209	88.912537	88.015419	81.783096	83.119614	87.369675	82.83992
81.497482	80.415558	80.603317	80.404335	81.226974	80.492195	80.486221	80.347137	80.540665	82.297455	79.997269	80.352417	80.385284	81.178375	80.435089	80.325294	80.874298	81.283363	80.445236	83.264908	80.561722	80.357162	80.388763	81.41568	80.505234	80.513275	80.493675	80.639328	80.409317	82.21933	80.49884	80.599045	100.0	81.332809	82.782852	80.465088	80.58493	80.474213	80.537811	81.21608	80.310715	80.492294	80.66629	81.438049	81.23674	81.551743	80.150375	79.989838	80.103333	80.480507	80.437569	81.242805	81.156792	79.92926	81.691658	82.64389	81.359329	81.200729	79.942337	80.624207	82.682495	80.300049	80.613777	79.255142	81.245712	80.311157	80.225113	80.556259	80.560524	80.461639	79.45388	80.605141	80.537079	80.648155	80.447525	80.282753	81.271957	80.384323	81.188141
83.000206	83.018463	83.131439	82.906403	88.055206	83.11248	82.874924	83.013947	83.047699	83.455109	81.854004	83.026024	82.694778	87.635269	82.911835	82.943077	80.784744	88.062485	83.158783	82.831818	83.337883	83.025467	82.937042	82.758194	83.058403	83.123543	83.038612	83.27552	82.931427	82.92421	82.856728	83.168198	81.332809	100.0	82.211357	83.03466	83.144714	83.029343	83.396004	87.92379	82.945435	82.854828	83.219528	82.845604	87.062134	83.280098	81.890915	82.131172	82.103752	83.082016	82.871986	87.903534	87.719147	82.161354	82.921051	83.114914	87.769363	87.873077	81.990265	83.279449	81.848351	82.797478	83.154449	80.147339	88.3293	82.823746	82.992043	83.368088	83.04892	83.130821	79.739822	83.112793	83.242935	83.290726	83.001785	81.966232	87.904404	83.07312	87.946175
82.205368	81.343575	81.570557	81.406418	82.172348	81.597229	81.433304	81.328812	81.54245	83.261749	80.722954	81.472488	81.357697	82.076843	81.455299	81.387848	81.152206	82.278793	81.59861	84.819084	81.540718	81.490242	81.562607	82.376862	81.484612	81.695053	81.564697	81.756065	81.323868	83.047577	81.523254	81.63427	82.782852	82.211357	100.0	81.570053	81.623413	81.437439	81.602051	82.163513	81.472473	81.353676	81.772324	82.255707	82.199326	82.396217	80.923386	80.954758	81.083359	81.594269	81.469269	82.167725	82.152618	81.080971	82.416878	83.649719	82.129585	82.168922	80.90889	81.634872	84.292892	81.046021	81.63269	79.808144	82.221527	81.293564	81.190598	81.67675	81.545288	81.518883	79.636612	81.667122	81.639954	81.836105	81.295105	81.149033	82.224457	81.428421	82.018578
81.772034	87.16394	88.907425	88.016647	82.894447	88.191643	88.58638	87.160042	88.955223	81.986809	81.787155	87.84404	88.710342	82.735397	87.92382	86.926468	80.415695	83.044434	88.115898	81.844116	89.121979	89.119308	87.993134	81.632431	88.284561	88.806091	89.028427	89.47113	90.040344	81.765762	85.285065	89.992523	80.465088	83.03466	81.570053	100.0	87.656647	87.099602	89.198654	82.867508	87.162979	86.807724	88.43631	81.596817	82.484268	81.944473	81.928429	82.133369	82.066063	89.0056	87.710991	82.929001	82.815903	82.160141	81.720688	81.591827	82.756927	82.940033	82.063896	88.420792	80.992966	86.921326	89.109619	80.008255	82.979805	88.479324	86.688675	88.70121	88.896446	88.506104	79.614548	88.270493	89.09523	88.781464	88.006721	81.578171	83.017601	87.229507	82.673523
81.69413	88.729156	87.775223	87.782547	83.038055	88.38076	87.435852	88.155235	87.727097	82.000458	81.580307	87.721069	87.390366	82.844604	87.705826	87.795082	80.474075	82.995789	88.061859	81.814484	87.822334	87.754265	87.72818	81.722305	88.138206	87.682472	87.607582	87.551865	87.507919	81.811592	85.513611	87.772675	80.58493	83.144714	81.623413	87.656647	100.0	88.393913	88.209106	82.950104	88.781952	88.09819	88.34037	81.7659	82.59964	82.050865	81.788925	81.868546	81.928467	87.783188	87.58783	82.926392	82.823517	81.979935	81.692665	81.764465	82.849579	83.0327	81.802567	88.196724	81.265472	87.583801	88.055031	79.845474	83.187645	87.464325	88.056412	88.274719	87.6744	88.105255	79.563416	88.390999	87.843437	88.756943	88.332123	81.664993	83.003036	88.786781	82.836792
81.533409	89.400429	87.597809	87.296738	82.850288	87.91394	87.126381	90.987907	87.533516	81.923012	81.310623	87.13797	87.11573	82.816734	87.296806	90.65773	80.398636	82.994888	87.767456	81.716377	87.595291	87.321991	87.256767	81.568909	87.62352	89.605286	89.424179	87.479538	87.202484	81.660774	85.074234	87.396088	80.474213	83.029343	81.437439	87.099602	88.393913	100.0	88.084038	82.850327	89.305374	91.322937	87.712509	81.429291	82.49025	81.819153	81.541153	81.797119	81.708748	87.657585	87.063019	82.855171	82.724762	81.83432	81.559708	81.575111	82.77063	82.974426	81.746994	88.001907	80.927795	88.733261	87.601044	79.905159	82.936646	86.863258	91.100693	88.051849	87.56665	87.688019	79.626328	87.938705	87.731911	87.976715	87.965134	81.490738	82.78801	89.425751	82.649872
81.861023	88.079193	88.731659	88.403633	83.193382	89.253082	88.281471	87.987595	88.771263	82.131042	81.726379	88.156174	88.392914	82.963181	88.165665	87.639191	80.426132	83.282379	88.674149	82.031509	88.940521	88.935944	88.338226	81.676895	88.790138	88.776642	88.49791	88.603645	88.552322	81.894638	85.570702	88.596504	80.537811	83.396004	81.602051	89.198654	88.209106	88.084038	100.0	83.148407	88.137543	87.774055	88.939178	81.718437	82.77726	82.013435	81.951973	82.106827	82.014702	88.757835	88.088776	83.123291	83.108383	82.160988	81.679794	81.757904	83.051971	83.240746	82.042641	89.023766	81.050751	87.559097	88.845985	79.91478	83.477036	88.058609	87.657471	89.621483	88.861374	89.080399	79.59024	89.135742	89.079468	89.189941	88.987854	81.724609	83.08287	88.077286	82.979324
82.794792	82.804642	83.004974	82.778275	91.262115	82.961205	82.622337	82.819946	82.862907	83.410454	81.687553	82.744835	82.692451	90.054581	82.649681	82.609451	80.846481	92.064987	82.912964	82.640152	83.070114	82.911499	82.691345	82.64801	82.821045	82.961624	82.952728	83.224518	82.748833	82.913239	82.679871	83.146278	81.21608	87.92379	82.163513	82.867508	82.950104	82.850327	83.148407	100.0	82.772453	82.74575	83.130661	82.609512	87.010757	83.013382	81.981949	81.929291	81.977837	82.978027	82.562752	90.82663	92.113808	82.032722	82.820343	82.904099	92.631538	91.215988	81.968964	83.065414	81.630508	82.448906	82.795364	80.22477	88.454453	82.474258	82.639328	83.116333	82.943237	82.859924	79.783783	82.961426	83.075653	83.104095	82.764236	81.701843	91.458839	82.818886	90.353287
81.454788	92.490479	87.68808	87.697708	82.711945	88.233612	87.070251	88.897324	87.563446	81.780899	81.34581	87.469742	87.438797	82.52623	87.613953	88.528534	80.235245	82.881378	87.875412	81.702454	87.668457	87.506332	87.627884	81.413757	88.169846	87.518509	87.29071	87.476608	87.149719	81.582253	85.14119	87.35701	80.310715	82.945435	81.472473	87.162979	88.781952	89.305374	88.137543	82.772453	100.0	88.914337	88.203049	81.386658	82.272522	81.695145	81.507988	81.664932	81.669678	87.70401	87.363884	82.740219	82.612747	81.708794	81.497375	81.539185	82.626862	82.761536	81.634155	88.152603	80.871841	88.477173	87.791992	79.683456	82.825119	87.064316	88.86174	88.015404	87.514984	87.594368	79.324371	88.173126	87.756012	88.255157	88.281578	81.262497	82.863434	90.967079	82.519424
81.469604	89.014992	87.304413	87.016724	82.735382	87.681252	86.792007	91.125046	87.362099	81.821823	81.415031	86.872009	86.856186	82.694473	87.030663	90.221878	80.329376	82.920212	87.404465	81.582794	87.379883	87.055618	86.899689	81.464081	87.302521	89.346786	89.257233	87.203033	86.869446	81.671661	84.929672	87.239616	80.492294	82.854828	81.353676	86.807724	88.09819	91.322937	87.774055	82.74575	88.914337	100.0	87.523392	81.374039	82.330032	81.783035	81.543358	81.714638	81.693726	87.353607	86.752167	82.773422	82.65477	81.763687	81.433006	81.53595	82.590027	82.805267	81.778236	87.636093	80.929199	88.31781	87.355286	79.708847	82.803391	86.567505	93.146919	87.84343	87.147758	87.42894	79.53019	87.675827	87.462746	87.81221	87.633438	81.46228	82.680939	89.057037	82.623489
81.832275	88.216187	88.822548	89.895935	83.085266	89.558411	88.236557	87.519699	88.629105	82.272034	81.699463	89.940895	88.533325	82.907394	89.899284	87.383316	80.544861	83.195007	89.084244	82.110901	88.804222	88.828583	89.927948	81.800835	89.949966	88.646393	88.492584	88.546677	88.342133	81.908569	85.661514	88.431656	80.66629	83.219528	81.772324	88.43631	88.34037	87.712509	88.939178	83.130661	88.203049	87.523392	100.0	81.696236	82.762466	82.029282	81.927742	82.018112	82.010635	88.96537	89.709976	83.049377	82.976547	82.132385	81.957054	81.958603	82.919937	83.106232	82.064651	89.336426	81.143478	87.175186	89.108551	79.800598	83.240402	88.351334	87.47863	88.878555	88.59761	88.702034	79.623665	89.512146	88.791718	89.794724	89.138321	81.705711	83.166245	88.117554	82.842934
88.16806	81.465881	81.725487	81.499741	82.649521	81.681725	81.580688	81.434265	81.697411	84.580811	80.680862	81.494293	81.63549	82.59346	81.441292	81.321533	80.521851	82.759277	81.617386	83.292244	81.621002	81.642326	81.511002	91.792755	81.649879	81.760017	81.543289	81.886185	81.664825	83.220398	81.650635	81.85701	81.438049	82.845604	82.255707	81.596817	81.7659	81.429291	81.718437	82.609512	81.386658	81.374039	81.696236	100.0	82.701614	88.155441	80.78653	80.837059	80.87999	81.679947	81.475296	82.725868	82.544739	80.857269	87.686325	83.59774	82.69165	82.825401	80.75235	81.704109	82.077576	81.133438	81.742416	79.698357	82.836716	81.486649	81.20385	81.843643	81.854965	81.76178	79.632271	81.669205	81.848343	81.876785	81.483383	80.92804	82.669983	81.514526	82.635254
83.031288	82.472229	82.513138	82.377678	87.114288	82.6689	82.363037	82.41935	82.468765	83.389938	81.240631	82.398903	82.080338	86.584137	82.372185	82.206955	80.778412	87.106873	82.568504	82.728424	82.537888	82.417374	82.456757	82.636894	82.571381	82.523178	82.389725	82.623268	82.290955	82.80777	82.372696	82.550926	81.23674	87.062134	82.199326	82.484268	82.59964	82.49025	82.77726	87.010757	82.272522	82.330032	82.762466	82.701614	100.0	83.119186	81.509735	81.568817	81.51712	82.515572	82.283997	87.055847	86.788956	81.584488	82.958542	83.244652	87.043831	86.922096	81.41127	82.702774	81.740982	82.020981	82.613678	80.037476	87.065018	82.194778	82.239944	82.78717	82.485733	82.61969	79.707809	82.697525	82.67041	82.797218	82.478813	81.505249	87.028358	82.50724	87.094124
91.840034	81.740875	82.018852	81.934479	83.216202	82.09549	82.008369	81.80481	82.048462	84.793846	80.879196	81.894669	81.90477	82.995422	81.777039	81.706741	80.668274	83.151489	81.968369	83.364304	81.998459	81.906265	81.835983	88.268219	81.993546	81.978973	81.986717	82.178711	81.828255	83.485718	82.053741	82.153488	81.551743	83.280098	82.396217	81.944473	82.050865	81.819153	82.013435	83.013382	81.695145	81.783035	82.029282	88.155441	83.119186	100.0	80.950943	81.216309	81.243774	82.086777	81.81337	83.142685	83.005814	81.129868	87.980789	83.925629	83.083466	83.14093	81.141418	82.087677	82.197639	81.489525	82.152985	79.733917	83.295876	81.856979	81.576874	82.194588	82.084297	82.059937	79.889038	82.105225	82.217949	82.126244	81.940216	81.153099	83.196136	81.925217	83.136543
80.932175	81.492355	81.952881	81.482422	81.874443	81.918579	81.718964	81.594994	81.893211	81.171906	86.862289	81.634659	81.630829	81.775681	81.602127	81.504471	80.00322	81.949539	81.783966	81.39537	81.987411	81.818138	81.62175	80.769775	81.695152	81.795898	81.919708	81.984253	81.796692	80.775993	81.590462	82.079536	80.150375	81.890915	80.923386	81.928429	81.788925	81.541153	81.951973	81.981949	81.507988	81.543358	81.927742	80.78653	81.509735	80.950943	100.0	86.869415	88.816978	81.97081	81.577423	81.862061	81.888199	87.138351	80.930328	80.878296	81.795609	81.951935	87.476471	81.783905	80.416367	81.287537	81.876511	79.814537	81.945496	81.531952	81.399529	82.056572	81.823578	81.949326	79.447922	81.837685	81.988464	82.014122	81.627243	80.988297	81.920853	81.660202	81.72628
80.918793	81.763176	82.034149	81.699142	82.052475	81.989288	81.888596	81.826752	82.086426	81.270584	87.311752	81.662582	81.759483	81.999832	81.630035	81.708435	79.886887	82.144714	82.03537	81.337135	82.150757	81.953674	81.750084	80.802582	81.803909	81.987457	82.034424	82.238457	81.943283	80.871506	81.672371	82.248932	79.989838	82.131172	80.954758	82.133369	81.868546	81.797119	82.106827	81.929291	81.664932	81.714638	82.018112	80.837059	81.568817	81.216309	86.869415	100.0	87.713379	82.019333	81.745041	81.998306	81.965576	89.396255	80.936028	80.875961	81.918686	82.060669	88.584656	81.994629	80.377258	81.493011	82.117981	79.955719	82.145203	81.73085	81.596855	82.151672	81.950546	82.093567	79.552277	81.959999	82.219162	82.233261	81.755661	81.070732	82.131409	81.880722	81.800636
80.868134	81.663269	82.110008	81.700439	82.018539	81.977119	81.987907	81.765244	82.07959	81.371475	87.466583	81.736923	81.784729	81.956215	81.747223	81.682236	79.995872	82.051407	81.934494	81.46756	82.147232	81.963806	81.778336	80.790405	81.835144	81.979309	82.045143	82.218361	81.93515	80.996155	81.550903	82.165466	80.103333	82.103752	81.083359	82.066063	81.928467	81.708748	82.014702	81.977837	81.669678	81.693726	82.010635	80.87999	81.51712	81.243774	88.816978	87.713379	100.0	82.092384	81.625038	81.935608	81.932846	88.086632	80.929932	80.961639	81.872765	82.170242	88.607529	82.041946	80.531593	81.408386	82.122192	79.934509	82.101372	81.669502	81.591499	82.180336	82.019196	82.111099	79.471924	81.945114	82.227547	82.179428	81.770767	81.052696	82.042236	81.730286	81.823479
81.913055	87.787735	93.87941	88.426018	83.029678	88.755676	88.486397	87.409637	90.398384	82.129211	81.666595	88.439484	89.736839	82.832535	88.492264	87.314301	80.499565	83.081482	88.77803	81.90506	90.509018	88.758583	88.437515	81.750427	88.684456	90.208817	89.784012	89.984436	88.620239	81.785721	85.418388	89.025887	80.480507	83.082016	81.594269	89.0056	87.783188	87.657585	88.757835	82.978027	87.70401	87.353607	88.96537	81.679947	82.515572	82.086777	81.97081	82.019333	82.092384	100.0	88.359055	82.923538	82.978294	82.221725	81.782478	81.743561	82.873268	83.016754	82.000206	88.972321	81.074425	87.105621	92.00631	79.952209	83.170822	88.282745	87.169495	88.930466	88.737747	88.632782	79.709595	88.816696	90.408257	89.112946	88.478897	81.676071	82.984283	87.711655	82.88501
