1312183.9	2018689.3	240521.3	1841654.4	1736312.3	2171756.3	391.9	1907415.3	1907413.3	1368430.4	424182.3	2940618.4	1432050.3	1566260.3	1335060.3	386.162	396.21	386.182	398.72	1736428.3	2067451.4	386.180	754762.3	384.393	1841653.4	2726076.3	216596.11	2731112.3	2817706.3	398.14	754523.3	2587071.3	2613770.3	384.94	698761.4	2806346.3	754522.3	1571470.3	1703960.3	1986026.4	398.4	1500301.3	1500304.3	908946.3	1418105.3	136098.3	1335060.80	2583231.6	29449.42	2731096.3	1138194.8	1764276.3	754521.3	2028343.3	2819993.3	887144.4	387.284	2603277.3	2182425.3	1120688.3	395491.3	1538158.11	1703970.3	386.7	754764.3	1855304.3	1736563.3	2937795.4	990285.3	384.1007	2267833.3	1703971.3	1138189.13	2819999.3	2895568.3	1041147.3	2183981.3	1138190.4	1752526.3	451876.4	384.21	1368417.4	1532558.3	348824.51	2795216.3	1736592.3	1736473.3	538025.6	984260.6	1736380.3	379684.3	293958.16	2919917.3	1825933.3	2035449.3	50338.8	1144306.3	1523429.3	1328306.3	484088.4	2849093.3	398.16	2813827.4	2613771.3	1736577.3	363754.4	384.18	1981173.3	1736344.3	1378077.3	2845820.10	1079460.3	386.178	1523420.3	1566263.3	384.1004	1223565.8	2364272.4	936136.8
100.0	80.536865	78.852234	79.550537	78.072449	79.130432	78.560532	78.630051	78.711868	78.7491	78.641418	0.0	80.495499	82.755936	78.630829	80.544724	80.38028	80.301834	87.689537	78.636414	78.689262	80.248413	80.41655	80.378174	82.837868	78.961258	80.414383	80.292313	78.600784	0.0	80.431046	79.410156	80.410904	80.351204	82.947266	78.781631	80.592072	78.95874	80.405518	78.79567	82.715675	78.902328	79.505371	78.79451	79.65448	78.513191	0.0	80.338203	80.003433	80.315392	80.293755	79.571381	80.434189	82.7108	79.393814	78.190483	80.315308	78.658028	79.689995	78.91481	80.374077	80.471252	80.624268	80.179169	80.404121	78.429588	78.38797	78.735077	79.441666	80.259659	78.632568	80.60524	80.091881	79.384476	78.887444	87.328102	78.584785	80.30722	78.516907	77.828949	80.281548	77.736908	78.903839	79.5588	82.694031	79.485947	77.624947	79.358521	77.519882	78.915314	78.883957	84.786789	78.729996	80.301071	80.521362	79.749039	84.90686	78.836411	80.431168	79.977867	80.057487	82.958389	78.83049	79.593445	78.614838	83.098206	80.42157	80.296249	78.15609	78.820839	78.847237	79.442017	80.483841	78.477791	78.193321	80.286789	80.3386	83.443405	80.478256
80.536865	100.0	79.436768	81.146942	78.263115	80.097321	79.114319	79.153946	79.373642	79.387672	78.975754	0.0	87.828781	80.565125	79.21978	89.053238	87.768654	91.462631	80.948853	79.453712	79.385437	91.688843	89.150757	91.236176	80.635963	79.726624	91.027794	87.634872	79.289642	0.0	90.854919	80.983215	82.983467	91.394241	80.764877	79.409912	89.022751	79.629242	87.629364	79.605743	80.745514	79.838715	80.806404	79.403549	81.575073	79.085434	0.0	91.157196	81.896729	89.4646	87.722733	81.040131	91.197876	80.562485	79.854645	78.671951	90.594742	79.324402	80.708313	79.880386	91.028358	89.089485	89.136765	91.118195	89.07077	78.964874	78.531387	79.234268	80.902931	91.426125	79.109344	89.160889	87.063156	79.865112	79.779343	80.68811	79.45192	87.661057	79.116676	78.233116	90.758728	77.952988	79.675827	81.20742	80.671127	81.01796	77.965759	81.445259	77.802246	79.755417	79.67215	81.01165	79.231888	91.13916	88.265999	81.906326	81.232353	79.41156	87.273636	79.989388	83.269852	80.771851	79.593002	81.113007	79.108047	80.784851	90.707947	87.104286	78.963501	79.201508	79.574966	81.749641	91.201645	79.015572	78.856964	91.627563	88.002075	80.921371	90.881485
78.852234	79.436768	100.0	79.118637	78.377625	79.332397	78.827873	79.65715	80.068619	80.14621	78.838348	77.996658	79.266968	78.905685	79.24025	79.25209	79.273651	79.266335	79.09082	78.790115	80.140007	79.293434	79.227493	79.443268	79.079819	80.15802	79.222244	79.162201	79.194283	0.0	79.292053	78.844742	79.671692	79.144188	79.184418	80.19455	79.217773	92.114929	79.320953	80.187088	79.140427	78.963913	78.901939	79.253502	78.648895	79.069763	0.0	79.295975	79.453949	79.153824	79.220352	78.826584	79.214729	79.074127	78.564545	78.860184	79.279449	80.032585	79.770462	79.381912	79.295021	79.203979	79.382401	79.07225	79.271759	78.855698	78.796982	79.057175	78.938622	79.318634	79.040268	79.361526	79.041183	78.61467	79.013596	78.993942	78.780334	79.282806	78.879761	78.490097	79.338623	78.022308	79.120552	79.043381	78.973892	79.123001	78.557121	78.507339	77.890465	79.142738	79.640427	79.142746	79.863319	79.146233	79.221931	78.896164	79.299545	80.221283	79.117073	78.485474	79.304138	79.252869	87.004639	79.114014	79.050591	79.101532	79.148636	79.188263	78.454132	79.071075	80.279114	78.612366	79.252388	79.672226	78.587616	79.362411	79.340134	79.057205	79.245239
79.550537	81.146942	79.118637	100.0	78.449959	79.301559	78.580765	78.929039	79.205299	79.217178	78.759552	0.0	81.062218	79.843849	78.851166	81.214325	81.0644	81.040604	79.779694	78.973862	79.286118	81.004181	81.049187	81.005142	79.904274	79.191292	81.106506	80.874512	78.782806	0.0	81.019821	82.642464	82.023964	81.115143	79.920776	79.101913	81.003784	79.363556	81.0466	79.269371	79.938538	78.96196	82.505295	79.178421	80.648529	78.88118	0.0	81.091393	83.597267	81.012634	80.936676	82.414139	80.962601	79.888046	79.142502	78.366646	80.920319	78.946915	79.814865	78.880417	81.065384	81.183273	81.26265	80.99836	81.145157	78.676682	78.696892	79.016541	82.661385	81.008865	78.767532	81.254761	80.656822	79.078888	79.070953	79.784882	78.807915	80.971458	78.839882	78.142906	80.992065	78.087265	78.821465	82.327942	79.762604	83.605461	78.01709	80.571091	77.889587	79.178986	79.038872	80.032204	79.084137	81.017044	81.206322	80.822929	79.990891	79.288223	80.82814	79.426292	80.811523	79.803085	79.151642	84.077248	78.737457	79.90316	80.910507	80.783379	78.330856	79.012245	79.12088	80.881927	81.015518	78.889984	78.5224	81.016457	81.118248	80.207825	81.084427
78.072449	78.263115	78.377625	78.449959	100.0	78.304108	78.338013	78.182755	78.471237	78.527	80.296021	79.423492	78.143829	78.164108	77.936333	78.296837	78.365242	78.288635	78.089905	78.363564	78.602028	78.193741	78.358429	78.169441	78.452438	78.743713	78.087952	78.084976	80.422058	0.0	78.128326	78.1418	78.799759	78.064758	78.390854	78.566277	78.310791	78.50975	78.169533	78.578094	78.170639	78.033165	78.083069	77.700325	77.820114	78.14415	0.0	78.127274	78.651291	78.23703	78.025139	78.081535	78.169205	78.125847	78.058319	78.340073	77.969231	78.398598	78.497177	78.343964	78.290733	78.308128	78.387436	77.970352	78.25634	80.509819	80.813477	78.457932	77.959435	78.118858	80.554932	78.358704	78.26918	77.918274	78.339302	78.190109	78.134903	78.187256	80.479195	78.347603	78.224052	83.252129	78.054245	78.182968	78.305496	78.353394	78.266129	77.888763	82.874001	78.275703	78.665764	78.192963	78.441238	78.197845	78.178101	77.848007	78.468277	78.481438	78.106743	77.903938	78.386414	78.19516	78.362915	78.519478	80.402496	78.217751	78.112091	78.06752	78.13961	80.588097	78.574173	77.739532	78.22229	78.278412	78.230156	78.001175	78.142685	78.25444	78.21328
79.130432	80.097321	79.332397	79.301559	78.304108	100.0	78.778076	79.266983	79.125443	79.281242	79.011902	77.72168	79.960144	79.219193	80.130356	80.019615	79.90947	79.867294	79.307281	78.789902	79.398605	79.748184	79.945786	79.948013	79.114136	79.629791	80.07737	79.887184	79.249573	0.0	79.982285	79.073524	80.045158	79.88623	79.319366	79.414536	79.827194	79.594582	79.951797	79.552658	79.339706	79.162224	78.983757	79.268066	79.069397	79.799461	0.0	80.045319	79.76268	79.741257	79.811584	78.976128	79.838478	79.209435	78.86467	78.444397	79.853607	79.363197	80.304016	81.384644	79.768669	80.011658	79.922684	79.922348	79.874893	78.827682	78.372231	81.774353	79.092422	79.725128	79.069267	79.932701	80.037727	78.793274	78.973022	79.161453	78.988777	79.914848	79.1353	78.25856	79.940216	77.958313	83.192795	79.080994	79.333267	79.236969	78.212898	78.915955	77.785995	79.27124	80.312294	79.356506	79.298416	79.802231	80.077927	79.184875	79.495712	79.18544	79.774803	78.647438	79.823227	79.293137	79.573944	79.225708	79.014404	79.375572	79.990326	79.71434	78.457184	79.219177	79.194946	79.086624	79.881958	79.124939	78.496986	79.980827	80.036118	79.354233	80.012543
78.560532	79.114319	78.827873	78.580765	78.338013	78.778076	100.0	78.67128	78.702454	79.178101	78.500977	0.0	79.028702	78.755096	79.021233	79.224602	79.138016	79.003387	78.773071	79.564392	79.077011	79.154724	79.247498	79.067429	78.692719	79.470428	79.304657	79.023376	78.598038	0.0	79.085358	78.480148	79.381195	79.097244	78.714828	78.929825	79.206451	79.078735	79.147964	78.979271	78.824265	79.933762	78.25676	79.366013	78.453247	78.615555	0.0	79.044128	79.246803	79.030396	78.964645	78.438797	79.0746	78.821297	78.494781	78.451729	79.144638	78.95063	79.344727	79.336922	78.999092	79.137253	79.298096	78.931572	79.122391	78.459427	78.506409	78.54409	78.496384	79.082596	79.091003	79.313286	78.850769	78.700264	79.987015	78.603821	92.802933	79.188126	78.489906	78.16777	79.04995	77.714066	78.671135	78.531685	78.73101	78.763733	78.01339	78.29361	77.655403	79.865318	79.300476	78.941994	78.733383	79.070251	79.131279	78.68866	78.919983	78.79393	78.921013	78.467056	78.820297	78.835426	78.938789	78.866402	78.562325	78.640701	79.230316	78.881088	85.182198	78.654869	79.199051	78.174164	78.994537	78.790733	89.703827	79.024521	78.985451	78.969284	79.03923
78.630051	79.153946	79.65715	78.929039	78.182755	79.266983	78.67128	100.0	79.949173	80.12796	78.799911	0.0	79.184586	78.909027	79.106255	79.184204	79.239304	78.984268	78.937935	78.707619	80.176407	78.951904	79.184219	78.892807	78.992569	80.512703	79.125816	79.021667	78.90921	0.0	79.121216	78.457733	79.494675	79.110291	78.896225	80.049896	79.089058	79.862862	79.25563	80.30925	78.950348	78.926407	78.630646	79.014671	78.546509	78.82254	0.0	79.089104	79.242386	78.831139	79.109085	78.608505	79.007507	78.823624	78.390289	79.07608	79.000603	79.986176	79.599854	78.927643	79.083832	79.142166	79.20829	78.977524	79.087631	78.697838	78.623749	79.164391	78.518265	79.022781	78.870026	79.207619	78.962631	78.405388	78.959267	78.843483	79.063675	79.092163	78.771515	78.324493	79.040009	77.886108	78.811462	78.669662	78.891541	78.880173	78.367325	78.345001	77.883026	79.115166	79.765495	78.943634	79.930473	79.011696	79.123093	78.60656	79.017502	80.130722	79.008087	78.447632	78.897369	78.866951	79.80954	78.789734	78.658646	78.878601	79.096573	79.010635	78.542862	78.948669	80.144135	78.483521	79.064346	79.706398	78.602051	78.967209	78.999802	78.907333	79.033966
78.711868	79.373642	80.068619	79.205299	78.471237	79.125443	78.702454	79.949173	100.0	91.369171	78.680222	77.696442	79.27095	79.017532	79.125153	79.441254	79.23954	79.204613	78.862198	78.924553	87.316254	79.249435	79.29245	79.283051	78.97403	80.258545	79.267731	79.270439	79.039688	0.0	79.236176	78.855026	79.754181	79.185715	79.010811	81.291267	79.218987	80.265137	79.305923	83.940376	78.93222	78.944855	78.805862	78.989449	78.53537	79.060318	0.0	79.417625	79.564011	79.16687	79.171288	78.816681	79.294586	78.946152	78.631287	79.037674	79.151901	86.346069	79.525375	79.158218	79.269577	79.42498	79.363876	79.216606	79.424271	78.647835	78.846977	79.186127	78.964142	79.270721	78.838173	79.383865	78.88208	78.514717	79.169914	78.891838	78.791046	79.154678	78.850136	78.400452	79.278183	78.04203	78.846466	78.824539	78.957825	79.041725	78.43837	78.363144	77.863831	79.292809	80.1707	78.987701	85.041771	79.231247	79.092278	78.606888	79.043335	93.165924	79.094963	78.487518	79.128021	78.990944	80.207504	79.096008	78.888489	79.031555	79.231415	78.97406	78.540054	78.94413	81.570251	78.614288	79.298203	82.552643	78.623932	79.272301	79.133392	79.05616	79.243752
78.7491	79.387672	80.14621	79.217178	78.527	79.281242	79.178101	80.12796	91.369171	100.0	78.974991	0.0	79.29744	79.077698	79.415695	79.318176	79.376968	79.253967	79.094803	79.008926	86.732132	79.193558	79.330154	79.481339	79.195724	80.241379	79.436707	79.335106	79.061806	0.0	79.277184	78.918808	79.623077	79.37262	79.166191	81.311691	79.230965	80.435135	79.45636	83.868248	79.136597	78.886002	79.081223	79.206696	78.877136	78.968369	0.0	79.401001	79.873947	79.182526	79.113892	78.974091	79.478989	79.06192	78.820648	79.381668	79.263878	85.986153	79.728165	79.510895	79.379288	79.398186	79.417915	79.143959	79.388718	78.783813	78.870544	79.25148	78.931305	79.325012	79.380676	79.459251	79.058823	78.75354	79.101425	79.077309	79.180939	79.197754	79.034073	78.911316	79.268066	77.980087	78.943878	78.922325	79.154709	79.052338	78.690552	78.704346	77.994873	79.249359	80.356659	78.961487	84.977638	79.326355	79.29335	78.859543	79.083748	91.745842	79.36377	78.601135	79.103455	79.108757	80.656235	79.194382	79.174896	79.081665	79.341019	79.174789	78.816772	79.146553	81.830154	78.689438	79.436554	82.35215	78.807419	79.311554	79.300781	79.17382	79.341255
78.641418	78.975754	78.838348	78.759552	80.296021	79.011902	78.500977	78.799911	78.680222	78.974991	100.0	79.143349	78.926926	78.789795	78.583115	78.963242	79.007004	78.763397	78.662445	78.531693	78.870171	78.765236	78.922462	78.903976	78.683372	78.890564	79.00618	78.829155	88.458633	0.0	78.879997	78.439758	79.234993	78.864166	78.924652	79.054497	78.857712	78.932571	78.778465	79.092743	78.634262	78.360046	78.389702	78.447113	78.256378	78.625603	0.0	78.993164	79.006683	78.79541	78.827347	78.454025	78.81385	78.656837	78.11721	78.423004	78.736961	78.727829	79.199326	79.021744	78.804337	78.806351	79.039963	78.902359	78.962097	85.915176	80.234741	78.793739	78.280922	78.708504	86.917313	79.043625	78.590607	78.175476	78.365211	78.611694	78.567963	78.801575	88.637085	78.285828	78.859085	79.52829	78.608597	78.471268	78.911163	78.45192	78.310356	78.391113	79.54837	78.739967	79.290771	78.815865	78.781433	78.800903	78.987762	78.389122	78.922783	78.888809	78.646011	78.020065	78.810143	78.811348	78.761002	78.647369	87.249596	78.70739	78.863831	78.725235	78.221718	87.987991	79.042633	78.309479	78.830185	78.520172	78.356453	78.774887	78.830322	78.66864	78.792114
0.0	0.0	77.996658	0.0	79.423492	77.72168	0.0	0.0	77.696442	0.0	79.143349	100.0	0.0	0.0	0.0	77.586166	0.0	0.0	0.0	0.0	77.901245	77.492645	0.0	0.0	0.0	77.847183	0.0	0.0	79.21907	0.0	0.0	0.0	78.117363	0.0	0.0	77.855316	0.0	77.989136	0.0	77.866455	0.0	0.0	0.0	0.0	0.0	0.0	0.0	0.0	78.006012	0.0	0.0	0.0	77.431862	0.0	0.0	0.0	0.0	0.0	78.066803	0.0	0.0	77.627991	0.0	0.0	0.0	79.178497	78.98204	77.867889	0.0	0.0	79.251244	0.0	0.0	0.0	0.0	0.0	0.0	0.0	79.206604	0.0	77.648735	79.005547	0.0	0.0	0.0	0.0	0.0	0.0	79.120255	0.0	77.95639	0.0	77.792648	0.0	0.0	0.0	77.707687	77.831795	0.0	0.0	77.777527	0.0	0.0	0.0	79.248947	0.0	0.0	0.0	0.0	79.201218	77.941818	0.0	77.402313	77.824051	0.0	77.495964	0.0	0.0	0.0
80.495499	87.828781	79.266968	81.062218	78.143829	79.960144	79.028702	79.184586	79.27095	79.29744	78.926926	0.0	100.0	80.512924	79.303337	88.864883	91.621628	87.631157	80.973541	79.288696	79.244629	87.585999	88.214249	87.742264	80.5812	79.724701	87.793419	88.171188	79.21151	0.0	87.735115	80.790497	82.693039	87.700592	81.089699	79.18132	88.000488	79.361046	88.924286	79.5401	80.66713	79.574089	80.672401	79.407982	82.159698	79.011909	0.0	87.811829	81.884438	87.862236	88.2015	80.871002	87.691849	80.587799	79.603172	78.683716	87.455276	79.286591	80.641205	79.855225	87.557808	88.566147	88.873543	87.578018	88.376991	78.837532	78.842545	79.155045	80.888687	87.546509	79.088821	88.85527	87.766052	79.634743	79.700951	81.35643	79.246704	90.824158	79.106766	78.04512	87.617249	77.79895	79.48217	80.991692	80.608261	80.849319	77.936829	81.41629	77.39328	79.559692	79.665779	80.761902	79.213196	87.653732	93.009254	81.583374	80.990692	79.454422	89.510712	79.807976	83.079338	80.67083	79.475677	81.035652	79.009308	81.506149	87.599632	88.010521	78.951523	79.254028	79.450943	81.500153	87.670334	78.950432	78.741959	87.695099	87.413994	81.624069	87.786224
82.755936	80.565125	78.905685	79.843849	78.164108	79.219193	78.755096	78.909027	79.017532	79.077698	78.789795	0.0	80.512924	100.0	78.798676	80.556854	80.536072	80.483978	83.117737	78.861069	79.047806	80.450317	80.392525	80.449837	84.732246	79.216393	80.41346	80.407318	78.851883	0.0	80.484169	79.42157	80.684357	80.405579	94.789825	78.911484	80.454666	79.175514	80.462738	78.965668	87.222443	78.910782	79.531609	78.973434	79.532333	78.768105	0.0	80.51413	80.183914	80.279686	80.35096	79.690674	80.463959	90.289047	79.405121	78.396149	80.305611	78.91507	79.948654	79.010117	80.376167	80.657356	80.661697	80.351273	80.613022	78.646957	78.588234	78.880264	79.586655	80.381927	78.837967	80.649841	80.078377	79.270981	79.050247	82.838348	78.77652	80.45961	78.901283	77.981155	80.390915	77.914642	78.756012	79.629181	89.80191	79.797531	77.96933	79.482246	77.74559	79.120995	79.004211	82.97168	79.023605	80.378952	80.590729	79.592049	83.2836	78.986008	80.439972	79.86554	80.489037	88.066742	78.907234	79.660873	78.638123	85.864868	80.339432	80.218742	78.453232	79.018639	78.981819	79.48996	80.40593	78.811874	78.422485	80.52037	80.545624	87.18515	80.302948
78.630829	79.21978	79.24025	78.851166	77.936333	80.130356	79.021233	79.106255	79.125153	79.415695	78.583115	0.0	79.303337	78.798676	100.0	79.39856	79.313324	79.24865	78.924072	78.447083	79.478012	79.217575	79.176842	79.217789	78.801208	79.210808	79.11644	79.231186	78.743843	0.0	79.035797	78.823547	79.34491	79.33873	79.075523	79.019608	79.190475	79.332748	79.189842	79.088425	78.726883	78.760132	78.852608	79.333923	78.894653	83.486526	0.0	79.125549	79.452354	79.07048	79.104431	78.693924	79.186699	78.8461	78.514832	78.242867	79.056473	79.217529	79.754997	80.365685	79.221779	79.168503	79.487564	79.194588	79.309563	78.605492	78.360489	80.046738	78.669952	79.189873	78.694008	79.467545	79.191147	78.332779	78.575066	78.696243	78.982864	79.253372	78.444046	78.874878	79.096405	77.756866	79.954666	78.836746	78.858978	78.867355	78.326851	78.83429	77.696701	78.907089	80.141342	78.71727	79.083084	79.079025	79.39856	79.002945	78.890198	79.22084	79.084549	78.328522	79.043396	79.058716	79.897186	78.875183	79.355469	78.912956	79.211319	79.23233	78.661758	78.780289	79.25042	78.74678	79.178307	78.846832	78.472511	79.205238	79.162399	78.926254	79.216286
80.544724	89.053238	79.25209	81.214325	78.296837	80.019615	79.224602	79.184204	79.441254	79.318176	78.963242	77.586166	88.864883	80.556854	79.39856	100.0	89.418671	88.819061	81.086128	79.382523	79.427734	88.728127	90.421875	88.906143	80.64695	79.914398	88.912682	87.625885	79.207947	0.0	88.815201	80.892029	82.820847	88.900391	80.804337	79.434158	90.321396	79.370087	88.32608	79.671677	80.784332	79.742378	80.760979	79.531708	81.901108	78.944931	0.0	88.810989	82.167221	90.323563	87.525848	80.997421	88.932121	80.510208	79.800919	78.719437	88.663139	79.501144	80.787689	79.810295	88.850616	92.354469	95.999664	88.816139	91.739182	78.843903	78.564743	79.212181	80.939407	88.766266	79.184677	96.004593	86.89296	79.735916	79.506165	81.156723	79.460327	88.354416	79.176849	77.925941	88.675659	77.931549	79.503998	81.131821	80.690292	81.14949	77.743164	82.168106	77.635887	79.794525	79.628571	80.929565	79.291252	88.850929	89.358109	81.603821	81.106094	79.408981	87.766052	80.037125	83.053589	80.76458	79.751984	81.030167	79.185066	81.24614	88.670975	87.131256	78.945816	79.32576	79.518097	81.511017	88.873222	79.034271	78.767563	88.841614	87.966095	81.539536	88.842644
80.38028	87.768654	79.273651	81.0644	78.365242	79.90947	79.138016	79.239304	79.23954	79.376968	79.007004	0.0	91.621628	80.536072	79.313324	89.418671	100.0	87.49514	81.063698	79.145477	79.306419	87.438919	88.107086	87.481056	80.453651	79.753433	87.552322	88.246895	79.164223	0.0	87.582962	80.79464	82.683273	87.64241	80.749496	79.39653	88.009521	79.434433	90.340454	79.410522	80.670647	79.596489	80.836182	79.541626	81.536133	79.161072	0.0	87.594513	81.916161	87.819763	88.062637	81.178207	87.524826	80.519958	79.839294	78.600258	87.346909	79.357132	80.703781	79.697754	87.497337	88.889023	89.884628	87.552444	88.504417	78.934456	78.56868	79.363342	80.83165	87.460938	79.107117	89.881439	87.544205	79.797569	79.650085	80.794525	79.257782	92.020004	79.04644	78.070053	87.428352	77.916824	79.56282	80.952873	80.54969	81.009827	77.916718	82.859665	77.633377	79.645775	79.560196	81.053299	79.354332	87.538872	92.466339	81.545204	81.116737	79.394493	89.602837	79.813004	83.145569	80.84317	79.555504	81.078125	78.946136	80.895279	87.387527	87.884644	78.853668	79.39183	79.466843	81.373451	87.518372	78.935089	78.810616	87.531685	88.256371	81.008804	87.627617
80.301834	91.462631	79.266335	81.040604	78.288635	79.867294	79.003387	78.984268	79.204613	79.253967	78.763397	0.0	87.631157	80.483978	79.24865	88.819061	87.49514	100.0	80.733719	79.139496	79.255646	98.165894	88.938835	93.234116	80.501122	79.615501	92.691223	87.169006	78.985245	0.0	92.366547	80.852753	82.602936	94.387054	80.503281	79.222687	88.758133	79.424469	87.350609	79.43174	80.460907	79.775589	80.661934	79.250931	81.534309	79.026344	0.0	92.822128	81.792572	89.247383	87.405785	81.065628	93.193161	80.357254	79.783264	78.483398	92.263031	79.167992	80.474426	79.638748	92.750641	88.782318	88.856079	93.546829	88.789108	78.768044	78.463959	78.939072	80.744415	97.913414	78.955933	88.8508	86.714371	79.751373	79.660782	80.603897	79.281006	87.260399	78.942123	78.120224	92.201599	77.779572	79.49588	81.191147	80.445114	80.97744	77.866837	81.324448	77.577332	79.342804	79.558823	80.981934	79.076828	93.686859	88.044624	81.91037	81.046021	79.3526	87.004875	79.992081	83.016487	80.406509	79.519669	80.94545	78.890228	80.699707	92.206902	86.823372	78.769714	79.035645	79.275497	81.782646	93.19413	78.820511	78.5867	94.883896	87.762619	80.802216	92.322601
87.689537	80.948853	79.09082	79.779694	78.089905	79.307281	78.773071	78.937935	78.862198	79.094803	78.662445	0.0	80.973541	83.117737	78.924072	81.086128	81.063698	80.733719	100.0	78.79068	79.037231	80.738609	80.848663	80.693954	83.340233	79.324371	80.833389	80.803299	78.944672	0.0	80.781815	79.687355	80.951782	80.782814	83.77356	79.022423	80.935303	79.18013	80.738235	79.042168	83.290848	79.307846	79.507484	79.20285	79.784241	78.809982	0.0	80.859253	80.391953	80.773163	80.729004	79.908096	80.756851	83.297913	79.708878	78.49971	80.600098	78.927818	80.098434	79.186455	80.751236	81.01001	81.109528	80.689499	80.931808	78.757278	78.454109	78.684738	79.819901	80.671684	79.064499	81.102943	80.282501	79.575211	78.989616	89.631836	78.874512	80.748108	78.86293	78.12883	80.807144	77.984833	79.272812	79.777206	83.219925	79.779785	78.016525	79.703964	77.627518	79.132233	79.321091	85.161659	78.874802	80.853607	81.014862	79.897003	85.491661	79.049622	81.068047	80.084244	80.406128	83.545807	79.128479	79.767128	78.71637	84.003799	80.836838	80.527153	78.44619	78.91626	79.198685	79.789291	80.772507	78.69014	78.4832	80.73336	80.75618	84.347176	80.845322
78.636414	79.453712	78.790115	78.973862	78.363564	78.789902	79.564392	78.707619	78.924553	79.008926	78.531693	0.0	79.288696	78.861069	78.447083	79.382523	79.145477	79.139496	78.79068	100.0	79.116669	79.340073	79.322632	79.237747	78.976257	79.391464	79.366669	79.312973	78.722733	0.0	79.18586	78.644394	79.481369	79.171654	79.031784	79.248428	79.252525	78.896561	79.090775	79.250259	78.9133	82.959274	78.638649	79.178802	78.529045	78.297424	0.0	79.132202	79.360847	79.352051	79.126022	78.590988	79.033058	78.852112	78.649948	78.449615	78.978745	79.015198	79.56601	78.744553	79.216034	79.386681	79.324287	79.244034	79.425865	78.586258	78.42424	78.380768	78.584137	79.197182	78.700371	79.321121	79.094658	78.599411	87.047417	78.843674	79.810257	79.31337	78.63118	77.936111	79.368629	77.926682	78.367989	79.021072	78.828522	78.881805	77.629623	78.530838	77.893349	83.059631	78.719566	79.057098	78.991776	79.234283	79.24749	78.658646	78.994492	79.010155	78.996246	78.438843	78.889847	79.057655	78.687553	78.73069	78.735497	78.878098	79.418465	78.844475	79.415878	78.796623	79.238541	78.520645	78.987495	78.854965	79.292534	79.211876	79.115341	78.89389	79.357681
78.689262	79.385437	80.140007	79.286118	78.602028	79.398605	79.077011	80.176407	87.316254	86.732132	78.870171	77.901245	79.244629	79.047806	79.478012	79.427734	79.306419	79.255646	79.037231	79.116669	100.0	79.179749	79.231079	79.333488	78.96447	80.272514	79.330078	79.268265	79.105392	0.0	79.188263	79.031265	79.851639	79.176605	79.252151	81.499352	79.267105	80.374756	79.324081	84.411743	79.16275	79.158806	79.079041	79.25853	78.671478	78.890533	0.0	79.263306	79.833008	79.150452	79.302658	78.84996	79.319733	78.986031	78.8368	79.053085	79.20639	87.271408	79.703407	79.236938	79.265884	79.33596	79.461655	79.249084	79.330269	78.764633	78.93689	79.268967	79.045189	79.177467	79.009399	79.435905	78.990402	78.679367	79.30172	79.022141	79.196396	79.250748	79.059151	79.063644	79.146515	78.202057	78.994965	78.845261	79.033913	79.149467	78.711334	78.57959	78.029434	79.303452	80.714798	78.979355	85.994492	79.301216	79.299728	78.765152	79.222572	87.206772	79.118637	78.620438	79.106689	79.051514	80.618378	79.382324	79.00148	79.26297	79.243423	79.075119	78.544518	79.124992	82.069122	78.861404	79.363663	82.878761	78.861877	79.210068	79.328888	79.169083	79.255135
80.248413	91.688843	79.293434	81.004181	78.193741	79.748184	79.154724	78.951904	79.249435	79.193558	78.765236	77.492645	87.585999	80.450317	79.217575	88.728127	87.438919	98.165894	80.738609	79.340073	79.179749	100.0	88.957977	93.267204	80.519539	79.596939	92.65361	87.210579	78.959641	0.0	92.322395	80.780518	82.604553	94.407227	80.532745	79.110596	88.741455	79.422989	87.373978	79.432518	80.454124	79.797119	80.633743	79.261353	81.66465	79.071259	0.0	92.809174	81.773041	89.438339	87.431984	80.985237	93.299957	80.288589	79.693863	78.500107	92.277161	79.324303	80.467453	79.636398	92.849434	88.739326	88.814598	93.401901	88.756523	78.770828	78.56955	78.977417	80.710678	98.373886	79.017807	88.803162	86.78096	79.734367	79.85701	80.616516	79.373901	87.303085	78.890633	78.049179	92.24308	77.747437	79.433746	81.451935	80.381134	80.987694	77.864426	81.363945	77.727623	79.403824	79.533264	80.846878	78.990433	93.489449	87.993225	81.881691	80.968079	79.351852	86.971527	80.003098	82.986115	80.353561	79.451324	80.842674	78.912743	80.767479	92.227448	86.781784	78.62323	78.986565	79.27626	81.80719	93.297119	78.931885	78.627151	94.884094	87.701599	80.644257	92.293167
80.41655	89.150757	79.227493	81.049187	78.358429	79.945786	79.247498	79.184219	79.29245	79.330154	78.922462	0.0	88.214249	80.392525	79.176842	90.421875	88.107086	88.938835	80.848663	79.322632	79.231079	88.957977	100.0	89.070686	80.633202	79.69899	89.027588	87.705399	79.174438	0.0	89.017349	80.992241	82.835823	89.173294	80.633125	79.42804	92.351013	79.495117	87.902504	79.475204	80.673157	79.805244	80.667404	79.302338	81.269814	78.828293	0.0	89.090858	81.865685	90.0476	87.609192	80.940521	89.099365	80.471092	79.611778	78.714111	88.862274	79.26825	80.613342	79.69899	88.900146	90.992355	90.51799	89.088707	90.994186	78.922348	78.679016	79.269424	80.942368	89.035782	79.302483	90.543076	86.882126	79.681793	79.717819	80.72702	79.329117	87.759453	79.040764	77.905197	88.895927	77.939758	79.484329	81.047607	80.456772	81.024483	77.826302	81.201538	77.632271	79.532768	79.436844	80.845863	79.119171	89.032524	88.427444	81.490387	81.079987	79.409996	87.506973	79.737274	83.093384	80.524063	79.499832	81.062355	78.964951	80.760056	88.895828	87.312225	78.892914	79.201843	79.290596	81.618546	89.08725	78.894547	78.704178	89.058868	87.716629	80.870117	88.963928
80.378174	91.236176	79.443268	81.005142	78.169441	79.948013	79.067429	78.892807	79.283051	79.481339	78.903976	0.0	87.742264	80.449837	79.217789	88.906143	87.481056	93.234116	80.693954	79.237747	79.333488	93.267204	89.070686	100.0	80.505684	79.742966	93.729828	87.328705	79.060974	0.0	92.849167	80.800758	82.659248	93.941574	80.601196	79.41066	88.879593	79.583138	87.423157	79.658096	80.569962	79.68132	80.672699	79.317749	81.659225	79.040939	0.0	93.534042	81.767319	89.495712	87.707794	81.041336	97.894653	80.458939	79.722	78.595116	94.012238	79.347755	80.584435	79.747139	93.446617	88.869072	88.908798	93.592239	88.938393	78.824402	78.669601	79.016678	80.780495	93.223145	78.998322	88.89077	86.868332	79.667526	79.540504	80.694321	79.373596	87.467178	79.083099	78.055893	92.820053	77.856995	79.585495	81.419861	80.521667	80.845825	77.838326	81.361328	77.591583	79.492065	79.598755	80.894447	79.282295	93.057449	88.021881	82.185913	81.010971	79.224731	87.09549	80.05394	83.058067	80.541901	79.586876	81.106033	78.974426	80.739975	92.728821	86.895355	78.717453	79.061996	79.385048	81.780273	98.00415	79.13681	78.751419	93.963135	87.753242	80.784889	93.057121
82.837868	80.635963	79.079819	79.904274	78.452438	79.114136	78.692719	78.992569	78.97403	79.195724	78.683372	0.0	80.5812	84.732246	78.801208	80.64695	80.453651	80.501122	83.340233	78.976257	78.96447	80.519539	80.633202	80.505684	100.0	79.305222	80.613235	80.559959	79.075127	0.0	80.554199	79.656982	80.790421	80.410744	84.947067	79.062531	80.613945	79.153732	80.508339	79.121033	85.279297	78.949356	79.523773	78.838142	79.570923	78.71447	0.0	80.638641	80.291885	80.461212	80.429932	79.725342	80.406998	84.763649	79.590401	78.47998	80.363235	79.151588	79.925674	79.152863	80.496307	80.648445	80.674286	80.41954	80.65345	78.666412	78.498589	78.830048	79.50885	80.506851	78.844833	80.686684	80.127579	79.520538	79.071426	83.040527	79.003235	80.566437	78.908539	77.999878	80.570618	77.953972	78.812851	79.730652	84.809387	79.82016	77.971893	79.509903	77.720978	79.201912	79.152184	83.687271	78.964554	80.43486	80.592758	79.64798	83.926376	79.116089	80.408394	79.94519	80.38739	85.019043	79.016129	79.85112	78.769531	85.664734	80.648926	80.340797	78.460358	78.861816	79.052414	79.620132	80.479881	78.913803	78.596504	80.510529	80.514099	85.654129	80.573334
78.961258	79.726624	80.15802	79.191292	78.743713	79.629791	79.470428	80.512703	80.258545	80.241379	78.890564	77.847183	79.724701	79.216393	79.210808	79.914398	79.753433	79.615501	79.324371	79.391464	80.272514	79.596939	79.69899	79.742966	79.305222	100.0	79.736221	79.679001	79.161011	0.0	79.722214	78.850731	79.813988	79.670395	79.134888	80.832108	79.763657	80.597748	79.781998	80.656021	79.278412	79.459366	78.762978	79.227829	78.705963	78.907059	0.0	79.686165	79.66777	79.703613	79.495491	78.644653	79.725487	79.297241	79.466293	79.816193	79.58448	80.522583	80.29435	79.686615	79.684692	79.911636	79.879745	79.942154	79.900543	79.008423	78.677155	79.085052	78.813591	79.59082	79.207947	79.854782	79.231186	79.288345	79.648544	79.111069	79.431602	79.52829	79.133095	78.292511	79.67215	78.284653	79.289635	78.848862	79.210464	79.039337	78.435638	78.566666	78.27478	79.59491	79.974533	79.438377	79.981857	79.673798	79.879478	78.876709	79.572418	80.298363	79.558357	78.777924	79.26825	79.298111	80.480858	79.167175	79.176147	79.187347	79.676727	79.397202	78.77475	79.244476	81.483826	78.75634	79.747345	79.978592	79.02887	79.630875	79.486565	79.337029	79.621414
80.414383	91.027794	79.222244	81.106506	78.087952	80.07737	79.304657	79.125816	79.267731	79.436707	79.00618	0.0	87.793419	80.41346	79.11644	88.912682	87.552322	92.691223	80.833389	79.366669	79.330078	92.65361	89.027588	93.729828	80.613235	79.736221	100.0	87.407104	79.207291	0.0	94.316315	80.864487	82.866287	93.279236	80.656616	79.118851	88.768967	79.520523	87.541763	79.47612	80.536987	79.668114	80.724518	79.448547	81.626114	79.002518	0.0	94.581245	81.988586	89.442123	87.611328	81.011803	93.6259	80.388603	79.735672	78.560966	92.792862	79.296555	80.602234	79.666443	94.031517	88.922821	88.96431	93.838104	88.947937	78.918625	78.627502	79.116501	80.955452	92.736099	79.099052	88.951248	86.818405	79.623131	79.624741	80.504623	79.400284	87.436859	79.203873	78.157883	94.162865	77.700554	79.577576	81.34819	80.599907	81.089745	77.93132	81.48497	77.686668	79.501633	79.601364	80.927773	79.316071	94.0979	88.214439	82.142609	81.118973	79.350388	87.112198	79.856842	83.158226	80.531616	79.42263	81.107666	78.955185	80.60537	94.198303	86.963654	78.820419	79.138557	79.453842	81.837021	93.588364	78.965134	78.768913	93.206299	87.749641	80.822754	94.439354
80.292313	87.634872	79.162201	80.874512	78.084976	79.887184	79.023376	79.021667	79.270439	79.335106	78.829155	0.0	88.171188	80.407318	79.231186	87.625885	88.246895	87.169006	80.803299	79.312973	79.268265	87.210579	87.705399	87.328705	80.559959	79.679001	87.407104	100.0	79.099579	0.0	87.298637	80.775734	82.406509	87.467316	80.537682	79.199936	87.777618	79.396706	92.849274	79.341171	80.440521	79.522308	80.617577	79.403427	81.360512	78.873566	0.0	87.489014	81.698303	87.302811	89.630188	80.928185	87.295639	80.319313	79.607819	78.501923	87.215942	79.192093	80.303436	79.667694	87.096649	87.596771	87.623596	87.224548	87.575378	78.837189	78.564529	79.045601	80.771172	87.239845	79.069229	87.622238	90.212967	79.529648	79.505516	80.592384	79.214737	89.039963	78.942596	77.91893	87.497864	77.635109	79.382019	80.8218	80.339752	80.992752	77.767471	81.148758	77.693459	79.401054	79.422302	80.554688	79.078598	87.26152	88.483368	81.615356	80.855309	79.143021	91.464813	79.64415	82.978767	80.53334	79.429474	80.843964	79.003113	80.782715	87.516022	92.373825	78.627365	79.177902	79.227386	81.433067	87.273109	78.754242	78.594711	87.398071	87.432022	80.723541	87.514961
78.600784	79.289642	79.194283	78.782806	80.422058	79.249573	78.598038	78.90921	79.039688	79.061806	88.458633	79.21907	79.21151	78.851883	78.743843	79.207947	79.164223	78.985245	78.944672	78.722733	79.105392	78.959641	79.174438	79.060974	79.075127	79.161011	79.207291	79.099579	100.0	0.0	79.190262	78.507141	79.446518	79.005325	78.996811	79.287766	79.122307	79.245399	79.123726	79.307312	78.915237	78.680756	78.675995	78.677513	78.566444	78.552582	0.0	79.167496	79.231415	79.040207	78.880493	78.634193	78.981415	78.878189	78.411095	78.665894	79.081589	78.926247	79.472137	79.326782	79.099976	79.293892	79.234497	79.006683	79.302673	88.052658	80.570175	78.830643	78.34938	78.965698	89.036697	79.29882	78.934593	78.41861	78.789116	78.778198	78.595978	79.195679	90.703865	78.330727	79.220139	79.690063	78.928177	78.496857	79.07811	78.71814	78.378098	78.323814	79.891579	78.867905	79.58313	79.029869	78.888947	79.145844	79.353607	78.599747	79.059273	79.028381	79.082748	78.30014	79.17572	79.045631	79.290451	78.757202	89.114044	79.009407	79.245544	79.078644	78.386864	89.717918	79.272331	78.491905	79.093422	78.723984	78.357079	79.016037	79.083923	79.034866	79.111649
0.0	0.0	0.0	0.0	0.0	0.0	0.0	0.0	0.0	0.0	0.0	0.0	0.0	0.0	0.0	0.0	0.0	0.0	0.0	0.0	0.0	0.0	0.0	0.0	0.0	0.0	0.0	0.0	0.0	100.0	0.0	0.0	0.0	0.0	0.0	0.0	0.0	0.0	0.0	0.0	0.0	0.0	0.0	0.0	0.0	0.0	0.0	0.0	0.0	0.0	0.0	0.0	0.0	0.0	0.0	0.0	0.0	0.0	0.0	0.0	0.0	0.0	0.0	0.0	0.0	0.0	0.0	0.0	0.0	0.0	0.0	0.0	0.0	0.0	0.0	0.0	0.0	0.0	0.0	0.0	0.0	0.0	0.0	0.0	0.0	0.0	0.0	0.0	0.0	0.0	0.0	0.0	0.0	0.0	0.0	0.0	0.0	0.0	0.0	0.0	0.0	0.0	0.0	0.0	0.0	0.0	0.0	0.0	0.0	0.0	0.0	0.0	0.0	0.0	0.0	0.0	0.0	0.0	0.0
80.431046	90.854919	79.292053	81.019821	78.128326	79.982285	79.085358	79.121216	79.236176	79.277184	78.879997	0.0	87.735115	80.484169	79.035797	88.815201	87.582962	92.366547	80.781815	79.18586	79.188263	92.322395	89.017349	92.849167	80.554199	79.722214	94.316315	87.298637	79.190262	0.0	100.0	80.83847	82.656815	92.750656	80.528336	79.172379	88.732025	79.383148	87.39502	79.53019	80.541092	79.787468	80.628067	79.316605	81.750671	78.96254	0.0	93.988548	81.846115	89.18972	87.478516	80.856827	92.917328	80.381393	79.599106	78.588043	92.457298	79.28447	80.55761	79.761055	93.394402	88.823273	88.898392	93.182968	88.780487	78.797195	78.612411	79.021729	80.738625	92.260391	79.034409	88.893745	86.798096	79.644653	79.543503	80.596436	79.231102	87.359177	78.986008	77.979012	94.684723	77.660645	79.575676	81.072311	80.510849	80.901405	77.811264	81.516273	77.625191	79.475357	79.517914	80.868896	79.210938	93.57489	88.077408	81.809593	81.08429	79.365944	87.120636	79.855133	82.976791	80.474228	79.389877	80.943832	78.836525	80.705154	94.637329	86.980087	78.779289	78.976234	79.507782	81.810165	92.779541	78.941429	78.715454	92.7061	87.69635	80.742874	94.739731
79.410156	80.983215	78.844742	82.642464	78.1418	79.073524	78.480148	78.457733	78.855026	78.918808	78.439758	0.0	80.790497	79.42157	78.823547	80.892029	80.79464	80.852753	79.687355	78.644394	79.031265	80.780518	80.992241	80.800758	79.656982	78.850731	80.864487	80.775734	78.507141	0.0	80.83847	100.0	81.558212	80.911156	79.60508	78.836853	80.857079	78.874405	80.915947	78.882095	79.716019	79.165092	85.634796	78.866241	80.80648	78.79425	0.0	80.995918	82.126358	80.861679	80.796173	86.554504	80.862747	79.482056	78.945206	78.1203	80.681137	78.830009	79.381187	78.88504	80.830643	80.887192	80.951019	80.804138	81.00985	78.432724	78.388519	79.128197	92.829376	80.814972	78.486786	80.962433	80.536057	78.820602	78.865898	79.660538	78.723999	80.806488	78.491455	78.036072	80.749588	77.988937	78.58989	85.604675	79.597389	84.029846	77.700172	80.529877	77.701248	79.038864	78.940399	79.633865	78.874367	80.925903	80.910576	80.780624	79.7995	79.050156	80.73027	79.071136	80.623871	79.637543	78.843033	84.227448	78.43428	79.689438	80.76696	80.618469	78.380745	78.653587	78.977982	80.622253	80.791946	78.500076	78.616211	80.846718	81.043518	79.84314	80.817139
80.410904	82.983467	79.671692	82.023964	78.799759	80.045158	79.381195	79.494675	79.754181	79.623077	79.234993	78.117363	82.693039	80.684357	79.34491	82.820847	82.683273	82.602936	80.951782	79.481369	79.851639	82.604553	82.835823	82.659248	80.790421	79.813988	82.866287	82.406509	79.446518	0.0	82.656815	81.558212	100.0	82.739868	80.877426	79.744583	82.697418	79.880074	82.579048	79.908737	80.975098	79.63205	81.501869	79.541161	82.434158	79.361328	0.0	82.689911	83.123505	82.577293	82.533112	81.553146	82.67514	80.848953	79.997673	78.740623	82.561844	79.763138	80.698181	79.799484	82.674896	82.815468	82.877151	82.619553	82.793991	79.027679	79.072441	79.617683	81.549011	82.572632	79.359497	82.917709	81.973618	79.945595	79.730942	80.703018	79.547546	82.490372	79.325821	78.31646	82.587982	78.248856	79.462807	81.58374	80.809174	81.973167	78.363983	82.086929	78.092461	79.900597	80.01445	81.030762	79.600464	82.717743	82.760391	82.713989	81.242302	79.789993	82.455261	80.177834	82.590561	80.913483	79.59169	82.005142	79.310585	81.037079	82.654259	82.341614	78.884995	79.463501	79.733185	82.6073	82.732147	79.223755	79.020721	82.638229	82.669281	81.024826	82.821976
80.351204	91.394241	79.144188	81.115143	78.064758	79.88623	79.097244	79.110291	79.185715	79.37262	78.864166	0.0	87.700592	80.405579	79.33873	88.900391	87.64241	94.387054	80.782814	79.171654	79.176605	94.407227	89.173294	93.941574	80.410744	79.670395	93.279236	87.467316	79.005325	0.0	92.750656	80.911156	82.739868	100.0	80.425751	79.196716	88.881577	79.323761	87.426453	79.453857	80.431656	79.640488	80.712639	79.28833	81.602753	78.91449	0.0	93.357895	81.892159	89.814285	87.784782	80.992523	93.987221	80.254761	79.743042	78.539398	92.713272	79.421219	80.557693	79.783386	93.478714	88.959824	89.051117	94.147987	89.063248	78.810211	78.325874	79.132652	80.72049	94.449371	78.986755	89.031433	87.065704	79.757599	79.733383	80.653214	79.269913	87.641373	79.106834	77.998215	92.959137	77.701187	79.50676	81.21814	80.467697	80.881775	77.825607	81.269661	77.651207	79.50824	79.50589	80.950325	79.13623	93.585129	88.195236	81.949181	81.070404	79.345268	86.983856	80.041687	83.095345	80.518921	79.541206	80.925827	79.020752	80.662498	92.932541	86.902565	78.695808	79.061516	79.437813	81.810226	93.938675	79.002556	78.635056	95.489532	87.82991	80.700089	92.78389
