2371.189	2371.165	644357.64	644357.118	1444770.13	644357.58	671135.4	644356.48	183190.5	644356.50	644357.60	644357.39	160492.11	644357.119	1444770.9	698414.7	644357.46	2371.35	644357.69	1445511.6	644356.65	2371.187	644356.23	2371.186	2783797.8	644357.65	644356.67	644357.40	2371.209	644356.3	1401256.4	2371.719	644357.47	644357.66	2371.48	2371.723	2371.188	644357.49	1267006.3	1211847.5	644357.48	644356.51	644356.56	1444770.3	2371.721	644356.62	788929.3	644356.49	405440.5	644356.60	644357.59	2371.296	2371.295	1343737.3	2783797.6	644357.4	1214121.5	2371.472	644357.68	2371.47	2783797.7	644357.38	2371.167	2783797.5	405441.5	2371.190	2371.54	644356.64	644357.67	2371.722	155920.8	644356.35	644356.61	2371.720
100.0	96.572365	96.519669	96.580803	83.140961	96.52327	96.167397	96.19075	96.218651	96.180771	96.439468	96.523987	99.068832	96.547729	83.160049	98.532906	96.534561	96.212578	96.338547	99.13353	96.164001	99.072891	96.124489	99.164551	96.221962	96.510223	96.004562	96.492981	99.076813	96.218414	96.191216	96.508659	96.531418	96.558319	96.286987	96.120567	99.079285	96.422729	96.671509	99.974762	96.578339	96.131538	96.18187	83.197891	96.201736	96.086861	96.226059	96.176834	96.592834	96.100128	96.468399	98.502243	98.529892	96.690109	96.253685	96.707321	99.132378	96.196556	96.484314	98.536438	96.25412	96.520897	96.329063	96.224548	96.124191	98.88945	98.526047	96.149414	96.302269	96.46624	96.160957	96.179741	96.222298	96.184357
96.572365	100.0	99.23645	99.254211	82.932068	99.157013	97.931885	98.017105	98.056564	98.009781	99.323486	99.255615	96.554588	99.243805	82.915939	96.648987	99.157837	98.048706	99.63829	96.588173	98.029678	96.599655	97.992142	96.529099	98.557632	99.201263	97.886482	99.185753	96.618393	98.0448	98.607361	99.36142	99.176407	99.251991	98.006577	98.037712	96.549904	99.606995	99.390404	96.597137	99.878967	98.008553	98.064575	82.951561	98.008392	98.013596	98.078918	98.004807	99.203506	97.986565	99.677032	96.639786	96.673065	99.190231	98.581261	99.334488	96.583664	98.021919	99.232925	96.644974	98.590424	99.241638	98.092926	98.592545	98.027481	96.61467	96.668533	98.02179	99.097366	99.360619	97.921028	98.040466	98.056839	98.042114
96.519669	99.23645	100.0	99.81015	82.914459	99.766541	97.674355	97.699387	97.711708	97.694153	99.360321	99.782074	96.454132	99.823051	82.91806	96.614098	99.765762	97.729309	98.959427	96.504181	97.675613	96.442825	97.654404	96.43615	98.0867	99.997589	97.513863	99.762291	96.482224	97.747574	98.094376	99.423233	99.770844	99.828552	97.722488	97.653229	96.474579	99.155357	99.43985	96.56292	99.239883	97.702515	97.715225	82.976059	97.653915	97.701263	97.740929	97.697426	99.749336	97.569534	99.216492	96.614197	96.622421	99.783821	98.113785	99.958611	96.49868	97.700867	99.99794	96.641769	98.115883	99.845718	97.789536	98.088867	97.693771	96.468338	96.646713	97.700623	99.426132	99.409042	97.691299	97.688004	97.708923	97.673851
96.580803	99.254211	99.81015	100.0	82.936325	99.808777	97.752068	97.747467	97.748512	97.722824	99.46048	99.857384	96.530037	99.994125	82.936234	96.660461	99.810898	97.729919	99.009254	96.535774	97.737816	96.556625	97.705299	96.516861	98.160873	99.79805	97.597305	99.877563	96.550568	97.770012	98.133568	99.469986	99.803055	99.990295	97.786972	97.74411	96.527832	99.228882	99.472328	96.566513	99.292679	97.743179	97.780396	82.954056	97.740341	97.740486	97.729263	97.752922	99.821518	97.696732	99.272614	96.644897	96.650314	99.802551	98.133606	99.813049	96.562416	97.721153	99.810715	96.648148	98.176285	99.819778	97.806984	98.139282	97.75444	96.54718	96.649872	97.765366	99.612427	99.451569	97.746048	97.718201	97.746933	97.773369
83.140961	82.932068	82.914459	82.936325	100.0	82.848724	82.643578	82.766388	82.696892	82.764824	82.904572	82.858719	83.148163	82.846931	99.996826	83.217682	82.856804	82.658218	82.790657	83.144135	82.754791	83.066589	82.700645	83.137985	82.772308	82.87442	82.594498	82.897003	83.025581	82.733673	82.739334	82.889191	82.861771	82.859894	82.810822	82.679504	83.157822	82.790314	82.989441	83.190842	82.862457	82.685913	82.688133	99.978546	82.679382	82.679817	82.722176	82.769157	82.898666	82.850113	82.835854	83.223953	83.213287	82.93544	82.756668	83.000946	83.148956	82.727066	82.839233	83.187843	82.755371	82.854279	82.826553	82.7714	82.705307	83.094788	83.190582	82.73246	82.867561	82.967987	82.692108	82.715698	82.720917	82.726936
96.52327	99.157013	99.766541	99.808777	82.848724	100.0	97.778839	97.743896	97.757118	97.685684	99.419403	99.811981	96.526306	99.813377	82.858269	96.637695	99.999359	97.737366	98.953812	96.567932	97.730453	96.58564	97.686195	96.493073	98.116585	99.75618	97.545357	99.780739	96.558945	97.74147	98.102646	99.395935	99.76741	99.793205	97.694664	97.717644	96.548935	99.197876	99.41864	96.602013	99.247452	97.724953	97.752136	82.903854	97.691444	97.754242	97.750191	97.694168	99.999527	97.66832	99.213562	96.634018	96.625916	99.946091	98.058716	99.769287	96.556396	97.727341	99.755768	96.655182	98.132919	99.778954	97.744827	98.062042	97.704117	96.520874	96.625488	97.715515	99.540901	99.422546	97.752121	97.725327	97.718353	97.776299
96.167397	97.931885	97.674355	97.752068	82.643578	97.778839	100.0	98.303093	98.344162	98.292877	97.765923	97.680748	96.126511	97.725868	82.626457	96.364746	97.766304	98.355888	97.669144	96.230553	98.247536	96.155411	98.207336	96.103287	98.083984	97.658249	98.109177	97.69471	96.155273	98.368637	98.081924	97.803558	97.729263	97.751343	98.214722	98.254639	96.124466	97.919533	97.92865	96.258102	97.958755	98.281586	98.36129	82.736938	98.317482	98.309845	98.355133	98.286705	97.765114	98.376152	97.95446	96.367325	96.373215	97.826828	98.106636	97.816971	96.26931	98.27549	97.670181	96.397057	98.075104	97.723953	98.393951	98.095062	98.257675	96.123993	96.372559	98.289062	97.447464	97.785217	99.980759	98.343018	98.343857	98.298866
96.19075	98.017105	97.699387	97.747467	82.766388	97.743896	98.303093	100.0	99.956848	99.976776	97.906006	97.739487	96.169418	97.712715	82.75885	96.345016	97.725266	99.850311	97.774628	96.257332	99.994324	96.217194	99.945145	96.244553	98.682465	97.749596	99.576637	97.665337	96.188202	99.868774	98.654175	97.865509	97.767807	97.723846	98.553581	99.991791	96.182419	98.074379	97.993904	96.224152	98.032784	99.995071	99.846741	82.835129	99.787918	99.995926	99.918747	99.985229	97.750298	99.009018	98.075302	96.367012	96.356194	97.818008	98.664688	97.827957	96.310211	99.81041	97.711304	96.409485	98.67131	97.735855	99.787018	98.650459	99.992111	96.195847	96.407684	99.987854	97.570053	97.899429	98.323273	99.839111	99.838654	99.770462
96.218651	98.056564	97.711708	97.748512	82.696892	97.757118	98.344162	99.956848	100.0	99.950546	97.881004	97.715683	96.265816	97.724731	82.709831	96.409653	97.75621	99.855057	97.840576	96.315483	99.956085	96.247147	99.900368	96.261772	98.697189	97.736473	99.598465	97.683006	96.242615	99.90181	98.66983	97.89473	97.742355	97.733582	98.590202	99.96051	96.249992	98.093323	97.992844	96.277405	98.098557	99.955185	99.901367	82.715523	99.854408	99.954529	99.938889	99.955811	97.785995	99.064926	98.080063	96.411934	96.417244	97.786972	98.718887	97.768272	96.328506	99.859009	97.701797	96.424545	98.675949	97.749794	99.801407	98.699348	99.952477	96.280655	96.423477	99.951134	97.593201	97.914299	98.358917	99.855659	99.850571	99.841644
96.180771	98.009781	97.694153	97.722824	82.764824	97.685684	98.292877	99.976776	99.950546	100.0	97.868286	97.72728	96.180092	97.709625	82.779236	96.370193	97.692192	99.847244	97.802765	96.233383	99.979736	96.242828	99.924156	96.231873	98.636192	97.770973	99.552795	97.6577	96.16893	99.852524	98.642258	97.85524	97.779297	97.697174	98.53981	99.983505	96.183983	98.038452	97.98941	96.210884	98.034599	99.977257	99.835449	82.833015	99.78138	99.97403	99.900772	99.993286	97.742188	98.997208	98.022896	96.35582	96.365746	97.804108	98.655693	97.823662	96.326721	99.804367	97.682632	96.395996	98.643845	97.737595	99.775543	98.654602	99.97377	96.217529	96.394264	99.969124	97.603271	97.892433	98.301208	99.831459	99.825096	99.756836
96.439468	99.323486	99.360321	99.46048	82.904572	99.419403	97.765923	97.906006	97.881004	97.868286	100.0	99.366852	96.442123	99.454407	82.900208	96.597382	99.420799	97.884529	99.140747	96.498245	97.875992	96.387573	97.84877	96.426422	98.36866	99.331917	97.721085	99.382935	96.495338	97.949707	98.342476	99.50798	99.465424	99.469025	97.847031	97.857628	96.432663	99.371964	99.517441	96.455917	99.423523	97.862244	97.941193	82.926514	97.835678	97.85643	97.933517	97.894073	99.419884	97.764511	99.397293	96.592392	96.598427	99.443909	98.345711	99.462387	96.4515	97.85022	99.347519	96.590897	98.361847	99.426865	97.922379	98.342102	97.890457	96.447853	96.619247	97.916992	99.410736	99.493378	97.797714	97.893936	97.865479	97.928116
96.523987	99.255615	99.782074	99.857384	82.858719	99.811981	97.680748	97.739487	97.715683	97.72728	99.366852	100.0	96.456772	99.851181	82.867096	96.643402	99.815613	97.712311	98.967255	96.497574	97.70089	96.398849	97.645226	96.38327	98.101524	99.772118	97.543854	99.915695	96.455826	97.76387	98.082817	99.408279	99.807312	99.863716	97.692513	97.701553	96.48777	99.19516	99.454674	96.55983	99.247139	97.710854	97.764748	82.8862	97.667572	97.722252	97.748482	97.724091	99.81337	97.571022	99.217354	96.632065	96.626999	99.811783	98.055779	99.838089	96.473724	97.681763	99.772415	96.644218	98.13504	99.813408	97.732941	98.030251	97.666519	96.449417	96.636993	97.668335	99.484695	99.395721	97.686768	97.702309	97.694122	97.702621
99.068832	96.554588	96.454132	96.530037	83.148163	96.526306	96.126511	96.169418	96.265816	96.180092	96.442123	96.456772	100.0	96.529999	83.160934	98.443832	96.525925	96.291611	96.327019	99.480072	96.195969	99.374039	96.153519	99.347107	96.212379	96.451225	96.033104	96.479904	99.350098	96.2388	96.205124	96.489243	96.561371	96.555099	96.336807	96.192749	99.994492	96.427666	96.654945	99.110733	96.58342	96.208786	96.227295	83.220657	96.25161	96.180847	96.235703	96.196564	96.563454	96.120338	96.490616	98.441719	98.45269	96.664825	96.190048	96.677002	99.338211	96.226852	96.489105	98.510483	96.195808	96.52256	96.339699	96.202042	96.191467	98.68219	98.43782	96.20002	96.22438	96.474945	96.168854	96.241287	96.269547	96.251289
96.547729	99.243805	99.823051	99.994125	82.846931	99.813377	97.725868	97.712715	97.724731	97.709625	99.454407	99.851181	96.529999	100.0	82.832535	96.671341	99.813736	97.758202	98.958771	96.53714	97.728561	96.517075	97.691223	96.490479	98.108521	99.796524	97.555435	99.841698	96.524521	97.787643	98.128693	99.459175	99.790024	99.985306	97.790451	97.7668	96.526382	99.202141	99.47374	96.625809	99.259003	97.722168	97.759995	82.903503	97.692596	97.764252	97.760834	97.721581	99.807816	97.718826	99.26561	96.646225	96.620018	99.792381	98.073517	99.818787	96.556	97.710281	99.80751	96.655418	98.131805	99.809402	97.725189	98.112762	97.720169	96.493179	96.630005	97.735596	99.561111	99.445587	97.735229	97.723022	97.714493	97.772362
83.160049	82.915939	82.91806	82.936234	99.996826	82.858269	82.626457	82.75885	82.709831	82.779236	82.900208	82.867096	83.160934	82.832535	100.0	83.227173	82.86261	82.715675	82.781021	83.16391	82.776031	83.113159	82.706284	83.140701	82.762436	82.886002	82.600525	82.883835	83.058067	82.747086	82.772125	82.880775	82.859985	82.88443	82.770401	82.667999	83.154366	82.743851	82.977905	83.158981	82.804504	82.693192	82.696487	99.974884	82.692062	82.724701	82.72361	82.771912	82.907883	82.81884	82.824997	83.241623	83.246414	82.931381	82.743195	83.018112	83.150597	82.739746	82.855865	83.184509	82.731049	82.882034	82.814682	82.784637	82.763908	83.109344	83.162582	82.744934	82.917061	82.948334	82.655807	82.723679	82.733276	82.7034
98.532906	96.648987	96.614098	96.660461	83.217682	96.637695	96.364746	96.345016	96.409653	96.370193	96.597382	96.643402	98.443832	96.671341	83.227173	100.0	96.653351	96.421913	96.446198	98.511398	96.415718	98.488068	96.35553	98.454071	96.354721	96.617722	96.188232	96.574463	98.427902	96.398514	96.354385	96.651649	96.662033	96.671486	96.514023	96.384079	98.455887	96.597641	96.744568	98.532867	96.646484	96.380432	96.382019	83.229645	96.395775	96.423782	96.438599	96.39978	96.666351	96.371933	96.599564	99.995773	99.990913	96.746704	96.372078	96.763748	98.489273	96.446075	96.648285	99.991928	96.354614	96.621971	96.476929	96.34111	96.393379	98.580338	99.930237	96.405968	96.392967	96.600723	96.362854	96.382751	96.431763	96.440308
96.534561	99.157837	99.765762	99.810898	82.856804	99.999359	97.766304	97.725266	97.75621	97.692192	99.420799	99.815613	96.525925	99.813736	82.86261	96.653351	100.0	97.743912	98.954117	96.567993	97.731712	96.586945	97.683472	96.489273	98.111755	99.757011	97.550278	99.783142	96.554413	97.743927	98.118973	99.396217	99.766174	99.794334	97.713242	97.713806	96.544647	99.198204	99.419037	96.602203	99.249039	97.72039	97.753693	82.917496	97.70047	97.764168	97.74778	97.692581	99.99968	97.664902	99.214645	96.647964	96.632996	99.94632	98.062393	99.769318	96.5634	97.724472	99.756577	96.654434	98.119568	99.778503	97.74559	98.064163	97.701111	96.528564	96.631424	97.712936	99.549484	99.422394	97.737625	97.730499	97.723267	97.769989
96.212578	98.048706	97.729309	97.729919	82.658218	97.737366	98.355888	99.850311	99.855057	99.847244	97.884529	97.712311	96.291611	97.758202	82.715675	96.421913	97.743912	100.0	97.854378	96.304276	99.850784	96.26371	99.80336	96.228935	98.665588	97.747498	99.627075	97.717407	96.239304	99.847702	98.687233	97.937454	97.722443	97.749573	98.599182	99.849197	96.293297	98.066757	98.002556	96.275261	98.102646	99.856514	99.828629	82.69664	99.965591	99.842636	99.853142	99.848694	97.790375	99.083435	98.089127	96.4189	96.396942	97.770874	98.706856	97.813477	96.282372	99.961273	97.765366	96.414551	98.661346	97.74144	99.88031	98.700058	99.853622	96.253357	96.427635	99.847893	97.599739	97.949898	98.371803	99.951157	99.95546	99.944321
96.338547	99.63829	98.959427	99.009254	82.790657	98.953812	97.669144	97.774628	97.840576	97.802765	99.140747	98.967255	96.327019	98.958771	82.781021	96.446198	98.954117	97.854378	100.0	96.306305	97.817551	96.34433	97.755493	96.210556	98.352448	98.959229	97.930313	98.980576	96.323509	97.844498	98.377167	99.138275	98.938156	98.982803	97.711533	97.801399	96.336342	99.335197	99.189423	96.332214	99.69928	97.791794	97.839508	82.849228	97.817276	97.77121	97.845001	97.812721	98.969368	97.768921	99.473244	96.43959	96.41214	98.971024	98.329391	99.036469	96.309326	97.782608	98.978073	96.425293	98.35556	98.994186	97.797791	98.325653	97.808777	96.322205	96.436417	97.796432	98.951241	99.148438	97.718445	97.761627	97.816986	97.826569
99.13353	96.588173	96.504181	96.535774	83.144135	96.567932	96.230553	96.257332	96.315483	96.233383	96.498245	96.497574	99.480072	96.53714	83.16391	98.511398	96.567993	96.304276	96.306305	100.0	96.262482	99.788589	96.232544	99.359383	96.2883	96.487953	96.076553	96.486282	99.293243	96.281624	96.242462	96.523224	96.559319	96.53743	96.331444	96.231522	99.472092	96.496071	96.676712	99.144844	96.604462	96.258102	96.257645	83.175308	96.264618	96.251945	96.317375	96.233749	96.576233	96.204926	96.525505	98.502525	98.520241	96.693039	96.258553	96.716194	99.371796	96.276115	96.52906	98.550636	96.288559	96.532768	96.35405	96.261688	96.272247	98.844269	98.474892	96.263634	96.300003	96.506958	96.226295	96.301468	96.315338	96.277222
96.164001	98.029678	97.675613	97.737816	82.754791	97.730453	98.247536	99.994324	99.956085	99.979736	97.875992	97.70089	96.195969	97.728561	82.776031	96.415718	97.731712	99.850784	97.817551	96.262482	100.0	96.201241	99.94101	96.21151	98.657669	97.778748	99.584541	97.666679	96.203354	99.865105	98.648438	97.887878	97.798172	97.737717	98.530182	99.991142	96.195961	98.076752	97.992798	96.189438	98.050797	99.992249	99.843346	82.765175	99.784653	99.996384	99.920372	99.981537	97.74469	99.008423	98.054855	96.387085	96.396873	97.79216	98.678726	97.80368	96.295929	99.811348	97.721138	96.429375	98.658905	97.744133	99.792885	98.667313	99.993011	96.22364	96.414314	99.988533	97.582588	97.9496	98.29081	99.840881	99.833946	99.76992
99.072891	96.599655	96.442825	96.556625	83.066589	96.58564	96.155411	96.217194	96.247147	96.242828	96.387573	96.398849	99.374039	96.517075	83.113159	98.488068	96.586945	96.26371	96.34433	99.788589	96.201241	100.0	96.189545	99.321548	96.166916	96.41098	96.039581	96.433418	99.230927	96.23201	96.141846	96.517609	96.513283	96.554047	96.346634	96.176414	99.379601	96.465477	96.698334	99.087021	96.57222	96.183098	96.23851	83.182648	96.228745	96.212158	96.28447	96.222961	96.573151	96.159851	96.456017	98.488632	98.490189	96.677246	96.145508	96.685867	99.31929	96.222313	96.457153	98.544235	96.182564	96.509201	96.346115	96.155563	96.191811	98.756569	98.444717	96.20932	96.147141	96.531662	96.126785	96.258148	96.257736	96.255089
96.124489	97.992142	97.654404	97.705299	82.700645	97.686195	98.207336	99.945145	99.900368	99.924156	97.84877	97.645226	96.153519	97.691223	82.706284	96.35553	97.683472	99.80336	97.755493	96.232544	99.94101	96.189545	100.0	96.191063	98.638672	97.741699	99.562439	97.635345	96.170456	99.822556	98.599457	97.818459	97.788956	97.715614	98.482208	99.939682	96.148407	98.030945	97.959335	96.154724	98.008224	99.94693	99.806946	82.737595	99.739517	99.945404	99.871574	99.929688	97.708466	98.966087	98.027222	96.341827	96.347557	97.746201	98.645416	97.754112	96.241264	99.765152	97.679237	96.393799	98.623825	97.715118	99.735245	98.65181	99.943192	96.176651	96.394608	99.942291	97.495468	97.904175	98.240387	99.793114	99.791283	99.727417
99.164551	96.529099	96.43615	96.516861	83.137985	96.493073	96.103287	96.244553	96.261772	96.231873	96.426422	96.38327	99.347107	96.490479	83.140701	98.454071	96.489273	96.228935	96.210556	99.359383	96.21151	99.321548	96.191063	100.0	96.163589	96.406059	96.042984	96.381699	99.306351	96.245544	96.148445	96.484749	96.505142	96.538696	96.289734	96.187973	99.369308	96.403221	96.68924	99.154144	96.51754	96.181564	96.220268	83.150299	96.246246	96.23378	96.266846	96.191193	96.56131	96.104004	96.449295	98.44574	98.434509	96.635162	96.153549	96.67141	99.966339	96.221367	96.405731	98.496796	96.114174	96.458534	96.296707	96.164093	96.203354	98.784744	98.452301	96.227112	96.225548	96.459961	96.149139	96.235748	96.225555	96.17662
96.221962	98.557632	98.0867	98.160873	82.772308	98.116585	98.083984	98.682465	98.697189	98.636192	98.36866	98.101524	96.212379	98.108521	82.762436	96.354721	98.111755	98.665588	98.352448	96.2883	98.657669	96.166916	98.638672	96.163589	100.0	98.082245	98.474197	98.11232	96.244492	98.718613	99.895325	98.443924	98.170792	98.115005	98.239296	98.658066	96.220581	98.567337	98.505508	96.240105	98.623199	98.696289	98.677559	82.803223	98.657791	98.672966	98.710739	98.633057	98.123695	98.466751	98.594238	96.336662	96.342911	98.182144	99.959946	98.159485	96.255417	98.641403	98.105949	96.361847	99.998222	98.1474	98.715561	99.959152	98.663864	96.210602	96.363388	98.660324	98.054733	98.445122	98.08551	98.66275	98.679207	98.632416
96.510223	99.201263	99.997589	99.79805	82.87442	99.75618	97.658249	97.749596	97.736473	97.770973	99.331917	99.772118	96.451225	99.796524	82.886002	96.617722	99.757011	97.747498	98.959229	96.487953	97.778748	96.41098	97.741699	96.406059	98.082245	100.0	97.505318	99.76265	96.445488	97.763336	98.062546	99.384346	99.786148	99.807114	97.740204	97.758911	96.432541	99.145477	99.415756	96.552887	99.237869	97.779221	97.736595	82.95575	97.712509	97.769638	97.747864	97.780167	99.741516	97.587845	99.186417	96.607346	96.634811	99.770348	98.051071	99.961075	96.523102	97.700775	99.997772	96.676254	98.074753	99.834244	97.794632	98.045708	97.77536	96.458542	96.680214	97.778412	99.500671	99.372986	97.671631	97.733109	97.714699	97.724098
96.004562	97.886482	97.513863	97.597305	82.594498	97.545357	98.109177	99.576637	99.598465	99.552795	97.721085	97.543854	96.033104	97.555435	82.600525	96.188232	97.550278	99.627075	97.930313	96.076553	99.584541	96.039581	99.562439	96.042984	98.474197	97.505318	100.0	97.501617	96.044205	99.573578	98.472946	97.72715	97.53688	97.539856	98.3396	99.574799	96.041557	97.890244	97.780174	96.034729	97.864639	99.577957	99.579941	82.607994	99.639404	99.573303	99.606705	99.566879	97.534203	98.853104	97.90921	96.164764	96.176994	97.603622	98.469513	97.600433	96.104691	99.632263	97.532135	96.221054	98.466583	97.555466	99.583008	98.459686	99.577301	96.058167	96.208588	99.579407	97.363327	97.751358	98.121811	99.647552	99.645752	99.579216
96.492981	99.185753	99.762291	99.877563	82.897003	99.780739	97.69471	97.665337	97.683006	97.6577	99.382935	99.915695	96.479904	99.841698	82.883835	96.574463	99.783142	97.717407	98.980576	96.486282	97.666679	96.433418	97.635345	96.381699	98.11232	99.76265	97.501617	100.0	96.488922	97.706802	98.165848	99.429169	99.816612	99.862106	97.719246	97.7099	96.493011	99.222694	99.459068	96.543343	99.267944	97.703049	97.674438	82.931915	97.690231	97.699585	97.719131	97.672943	99.777679	97.596107	99.242386	96.562729	96.56398	99.795639	98.106308	99.800041	96.457184	97.705666	99.737114	96.620529	98.1474	99.808182	97.732063	98.075089	97.69458	96.4646	96.596588	97.691132	99.448135	99.418945	97.653641	97.695457	97.703568	97.728378
99.076813	96.618393	96.482224	96.550568	83.025581	96.558945	96.155273	96.188202	96.242615	96.16893	96.495338	96.455826	99.350098	96.524521	83.058067	98.427902	96.554413	96.239304	96.323509	99.293243	96.203354	99.230927	96.170456	99.306351	96.244492	96.445488	96.044205	96.488922	100.0	96.154907	96.22673	96.567139	96.56501	96.544121	96.340523	96.18972	99.357224	96.436508	96.682053	99.105072	96.580215	96.173859	96.159622	83.159317	96.205185	96.170547	96.226501	96.207962	96.536819	96.114212	96.500427	98.409233	98.408661	96.692551	96.217499	96.708649	99.340698	96.187157	96.463058	98.469719	96.237961	96.509506	96.333084	96.232262	96.184036	98.737686	98.433914	96.209167	96.263565	96.519295	96.1866	96.221863	96.215111	96.229919
96.218414	98.0448	97.747574	97.770012	82.733673	97.74147	98.368637	99.868774	99.90181	99.852524	97.949707	97.76387	96.2388	97.787643	82.747086	96.398514	97.743927	99.847702	97.844498	96.281624	99.865105	96.23201	99.822556	96.245544	98.718613	97.763336	99.573578	97.706802	96.154907	100.0	98.687363	97.910278	97.75087	97.754364	98.593323	99.86235	96.241524	98.065109	98.011391	96.24707	98.074585	99.869049	99.980202	82.722092	99.821167	99.860138	99.892738	99.860107	97.780273	99.031876	98.074814	96.392639	96.399887	97.822212	98.688522	97.821373	96.286926	99.818542	97.746071	96.389725	98.684387	97.768288	99.769394	98.672592	99.866722	96.264725	96.407303	99.869324	97.592735	97.927917	98.337357	99.828491	99.830261	99.811722
96.191216	98.607361	98.094376	98.133568	82.739334	98.102646	98.081924	98.654175	98.66983	98.642258	98.342476	98.082817	96.205124	98.128693	82.772125	96.354385	98.118973	98.687233	98.377167	96.242462	98.648438	96.141846	98.599457	96.148445	99.895325	98.062546	98.472946	98.165848	96.22673	98.687363	100.0	98.433273	98.210129	98.141647	98.255417	98.640915	96.206375	98.625542	98.503922	96.248978	98.627457	98.667435	98.676788	82.811623	98.663498	98.669342	98.701508	98.632874	98.109589	98.492798	98.61853	96.361832	96.37674	98.1689	99.899094	98.176727	96.298538	98.639786	98.098633	96.366547	99.87178	98.123581	98.719978	99.901321	98.647598	96.203201	96.383049	98.639481	98.080811	98.432938	98.099358	98.659149	98.662659	98.636902
96.508659	99.36142	99.423233	99.469986	82.889191	99.395935	97.803558	97.865509	97.89473	97.85524	99.50798	99.408279	96.489243	99.459175	82.880775	96.651649	99.396217	97.937454	99.138275	96.523224	97.887878	96.517609	97.818459	96.484749	98.443924	99.384346	97.72715	99.429169	96.567139	97.910278	98.433273	100.0	99.427063	99.460876	97.842873	97.885605	96.508453	99.342735	99.962479	96.534882	99.406525	97.883804	97.882698	82.924591	97.871811	97.895851	97.9188	97.867165	99.404694	97.853477	99.348549	96.632034	96.622757	99.412582	98.412788	99.450859	96.551743	97.899414	99.406853	96.644165	98.422287	99.489624	97.942474	98.392937	97.898392	96.528564	96.594193	97.915436	99.36396	99.996483	97.793518	97.905518	97.909637	97.971451
96.531418	99.176407	99.770844	99.803055	82.861771	99.76741	97.729263	97.767807	97.742355	97.779297	99.465424	99.807312	96.561371	99.790024	82.859985	96.662033	99.766174	97.722443	98.938156	96.559319	97.798172	96.513283	97.788956	96.505142	98.170792	99.786148	97.53688	99.816612	96.56501	97.75087	98.210129	99.427063	100.0	99.771606	97.74337	97.764343	96.560822	99.175278	99.466393	96.562393	99.27037	97.784348	97.707748	82.939743	97.738129	97.788757	97.759155	97.759842	99.758713	97.687401	99.220428	96.664017	96.645065	99.764854	98.158951	99.780014	96.538086	97.707535	99.771004	96.699738	98.203133	99.803894	97.773071	98.142319	97.82869	96.56572	96.648087	97.810669	99.530884	99.424393	97.758224	97.732063	97.720871	97.74588
96.558319	99.251991	99.828552	99.990295	82.859894	99.793205	97.751343	97.723846	97.733582	97.697174	99.469025	99.863716	96.555099	99.985306	82.88443	96.671486	99.794334	97.749573	98.982803	96.53743	97.737717	96.554047	97.715614	96.538696	98.115005	99.807114	97.539856	99.862106	96.544121	97.754364	98.141647	99.460876	99.771606	100.0	97.7882	97.71804	96.547546	99.175125	99.481407	96.632935	99.279663	97.729065	97.723312	82.957115	97.700417	97.727898	97.719208	97.729202	99.790405	97.691116	99.237198	96.651718	96.656937	99.75988	98.098282	99.831146	96.583504	97.711189	99.81498	96.670204	98.129089	99.815369	97.781265	98.09388	97.745171	96.512985	96.645493	97.747162	99.538353	99.441147	97.747795	97.678871	97.72979	97.778488
96.286987	98.006577	97.722488	97.786972	82.810822	97.694664	98.214722	98.553581	98.590202	98.53981	97.847031	97.692513	96.336807	97.790451	82.770401	96.514023	97.713242	98.599182	97.711533	96.331444	98.530182	96.346634	98.482208	96.289734	98.239296	97.740204	98.3396	97.719246	96.340523	98.593323	98.255417	97.842873	97.74337	97.7882	100.0	98.539261	96.314224	97.882065	97.956223	96.300369	97.981895	98.565964	98.588158	82.838516	98.547592	98.557564	98.606644	98.535233	97.764	98.551239	97.951088	96.510513	96.520378	97.809845	98.266266	97.876068	96.333092	98.544403	97.698357	96.528152	98.237823	97.70385	98.618057	98.264618	98.505219	96.315384	96.559357	98.520782	97.557404	97.896454	98.227203	98.585976	98.568695	98.508942
96.120567	98.037712	97.653229	97.74411	82.679504	97.717644	98.254639	99.991791	99.96051	99.983505	97.857628	97.701553	96.192749	97.7668	82.667999	96.384079	97.713806	99.849197	97.801399	96.231522	99.991142	96.176414	99.939682	96.187973	98.658066	97.758911	99.574799	97.7099	96.18972	99.86235	98.640915	97.885605	97.764343	97.71804	98.539261	100.0	96.165588	98.050705	97.977852	96.165146	98.064621	99.991394	99.853043	82.693939	99.792831	99.988869	99.922455	99.988068	97.741074	98.987885	98.036697	96.370201	96.375977	97.786064	98.659515	97.738617	96.285202	99.803604	97.702438	96.429375	98.670609	97.767776	99.778641	98.66098	99.987419	96.186821	96.377281	99.987122	97.541245	97.879143	98.276772	99.846275	99.825676	99.793472
99.079285	96.549904	96.474579	96.527832	83.157822	96.548935	96.124466	96.182419	96.249992	96.183983	96.432663	96.48777	99.994492	96.526382	83.154366	98.455887	96.544647	96.293297	96.336342	99.472092	96.195961	99.379601	96.148407	99.369308	96.220581	96.432541	96.041557	96.493011	99.357224	96.241524	96.206375	96.508453	96.560822	96.547546	96.314224	96.165588	100.0	96.461433	96.674683	99.118546	96.588486	96.193466	96.238838	83.257378	96.241943	96.175186	96.24292	96.194687	96.555023	96.125359	96.491249	98.452713	98.465019	96.675232	96.199638	96.698349	99.357834	96.225449	96.487183	98.535141	96.176529	96.52092	96.352356	96.196289	96.182541	98.701073	98.447495	96.19442	96.240166	96.493713	96.172707	96.232773	96.267365	96.268829
96.422729	99.606995	99.155357	99.228882	82.790314	99.197876	97.919533	98.074379	98.093323	98.038452	99.371964	99.19516	96.427666	99.202141	82.743851	96.597641	99.198204	98.066757	99.335197	96.496071	98.076752	96.465477	98.030945	96.403221	98.567337	99.145477	97.890244	99.222694	96.436508	98.065109	98.625542	99.342735	99.175278	99.175125	97.882065	98.050705	96.461433	100.0	99.370819	96.458412	99.667862	98.076218	98.080795	82.815163	98.049789	98.047852	98.060852	98.058945	99.193466	97.936264	99.613724	96.580902	96.590187	99.261642	98.554626	99.261963	96.487701	98.080322	99.187874	96.617813	98.566605	99.207123	98.090256	98.545959	98.042664	96.358109	96.609238	98.036713	99.107666	99.332504	97.928116	98.103798	98.093018	98.088684
96.671509	99.390404	99.43985	99.472328	82.989441	99.41864	97.92865	97.993904	97.992844	97.98941	99.517441	99.454674	96.654945	99.47374	82.977905	96.744568	99.419037	98.002556	99.189423	96.676712	97.992798	96.698334	97.959335	96.68924	98.505508	99.415756	97.780174	99.459068	96.682053	98.011391	98.503922	99.962479	99.466393	99.481407	97.956223	97.977852	96.674683	99.370819	100.0	96.71463	99.401611	97.990555	97.995697	82.980469	97.981094	97.994698	98.026276	97.99881	99.472038	97.951096	99.357704	96.747604	96.753464	99.450485	98.452621	99.53138	96.689423	97.973251	99.441139	96.747299	98.50444	99.48838	97.959625	98.438911	98.026382	96.683159	96.685158	98.012177	99.346527	99.966644	97.908035	97.988495	98.021317	98.046448
99.974762	96.597137	96.56292	96.566513	83.190842	96.602013	96.258102	96.224152	96.277405	96.210884	96.455917	96.55983	99.110733	96.625809	83.158981	98.532867	96.602203	96.275261	96.332214	99.144844	96.189438	99.087021	96.154724	99.154144	96.240105	96.552887	96.034729	96.543343	99.105072	96.24707	96.248978	96.534882	96.562393	96.632935	96.300369	96.165146	99.118546	96.458412	96.71463	100.0	96.548164	96.165894	96.223892	83.229111	96.236305	96.168457	96.266006	96.197159	96.614197	96.26091	96.539169	98.520493	98.526398	96.717453	96.281235	96.732292	99.208588	96.234207	96.533127	98.588669	96.255775	96.556931	96.317703	96.277542	96.163422	98.87294	98.531761	96.192642	96.38649	96.528442	96.225586	96.223167	96.248062	96.225433
96.578339	99.878967	99.239883	99.292679	82.862457	99.247452	97.958755	98.032784	98.098557	98.034599	99.423523	99.247139	96.58342	99.259003	82.804504	96.646484	99.249039	98.102646	99.69928	96.604462	98.050797	96.57222	98.008224	96.51754	98.623199	99.237869	97.864639	99.267944	96.580215	98.074585	98.627457	99.406525	99.27037	99.279663	97.981895	98.064621	96.588486	99.667862	99.401611	96.548164	100.0	98.034653	98.056816	82.84436	98.076111	98.069122	98.103859	98.037094	99.259338	98.031319	99.769012	96.663025	96.642487	99.288368	98.598877	99.251907	96.562592	98.03418	99.255646	96.703835	98.580223	99.287704	98.069153	98.566483	98.02861	96.624649	96.635529	98.050415	99.165207	99.410378	97.942245	98.052597	98.062698	98.048416
96.131538	98.008553	97.702515	97.743179	82.685913	97.724953	98.281586	99.995071	99.955185	99.977257	97.862244	97.710854	96.208786	97.722168	82.693192	96.380432	97.72039	99.856514	97.791794	96.258102	99.992249	96.183098	99.94693	96.181564	98.696289	97.779221	99.577957	97.703049	96.173859	99.869049	98.667435	97.883804	97.784348	97.729065	98.565964	99.991394	96.193466	98.076218	97.990555	96.165894	98.034653	100.0	99.851349	82.733696	99.785248	99.994492	99.920204	99.981323	97.757454	99.010262	98.027596	96.388168	96.401596	97.835236	98.66806	97.79467	96.281616	99.802963	97.71405	96.43634	98.681931	97.75354	99.798996	98.66246	99.989174	96.221535	96.412338	99.989792	97.557732	97.913025	98.295578	99.841057	99.841743	99.77932
96.18187	98.064575	97.715225	97.780396	82.688133	97.752136	98.36129	99.846741	99.901367	99.835449	97.941193	97.764748	96.227295	97.759995	82.696487	96.382019	97.753693	99.828629	97.839508	96.257645	99.843346	96.23851	99.806946	96.220268	98.677559	97.736595	99.579941	97.674438	96.159622	99.980202	98.676788	97.882698	97.707748	97.723312	98.588158	99.853043	96.238838	98.080795	97.995697	96.223892	98.056816	99.851349	100.0	82.688034	99.776047	99.84066	99.888298	99.840721	97.783264	99.048897	98.068802	96.390976	96.370316	97.824669	98.663704	97.843048	96.261368	99.782761	97.73851	96.400131	98.688011	97.747574	99.739227	98.650894	99.852112	96.24971	96.386032	99.84671	97.617317	97.955643	98.334244	99.826889	99.826843	99.761574
83.197891	82.951561	82.976059	82.954056	99.978546	82.903854	82.736938	82.835129	82.715523	82.833015	82.926514	82.8862	83.220657	82.903503	99.974884	83.229645	82.917496	82.69664	82.849228	83.175308	82.765175	83.182648	82.737595	83.150299	82.803223	82.95575	82.607994	82.931915	83.159317	82.722092	82.811623	82.924591	82.939743	82.957115	82.838516	82.693939	83.257378	82.815163	82.980469	83.229111	82.84436	82.733696	82.688034	100.0	82.722412	82.711563	82.770935	82.795578	82.951248	82.786125	82.841087	83.217056	83.218048	82.990578	82.74884	82.943626	83.173737	82.7556	82.878357	83.165749	82.834122	82.894707	82.724731	82.820892	82.762802	83.146973	83.244553	82.733612	82.915817	82.941483	82.696472	82.79924	82.747665	82.732758
96.201736	98.008392	97.653915	97.740341	82.679382	97.691444	98.317482	99.787918	99.854408	99.78138	97.835678	97.667572	96.25161	97.692596	82.692062	96.395775	97.70047	99.965591	97.817276	96.264618	99.784653	96.228745	99.739517	96.246246	98.657791	97.712509	99.639404	97.690231	96.205185	99.821167	98.663498	97.871811	97.738129	97.700417	98.547592	99.792831	96.241943	98.049789	97.981094	96.236305	98.076111	99.785248	99.776047	82.722412	100.0	99.802269	99.84359	99.779541	97.745544	99.063095	98.086716	96.378983	96.395981	97.788727	98.652191	97.786552	96.307968	99.990662	97.703857	96.424789	98.642441	97.715164	99.94693	98.642868	99.786148	96.204163	96.401825	99.788795	97.606201	97.888306	98.300354	99.979607	99.979935	99.964127
96.086861	98.013596	97.701263	97.740486	82.679817	97.754242	98.309845	99.995926	99.954529	99.97403	97.85643	97.722252	96.180847	97.764252	82.724701	96.423782	97.764168	99.842636	97.77121	96.251945	99.996384	96.212158	99.945404	96.23378	98.672966	97.769638	99.573303	97.699585	96.170547	99.860138	98.669342	97.895851	97.788757	97.727898	98.557564	99.988869	96.175186	98.047852	97.994698	96.168457	98.069122	99.994492	99.84066	82.711563	99.802269	100.0	99.919067	99.978363	97.751648	98.968559	98.042015	96.397789	96.4133	97.837265	98.661575	97.795914	96.28595	99.791679	97.726059	96.4189	98.657417	97.71244	99.789787	98.6483	99.993095	96.239563	96.38031	99.988716	97.60762	97.904129	98.300034	99.827454	99.835739	99.791748
96.226059	98.078918	97.740929	97.729263	82.722176	97.750191	98.355133	99.918747	99.938889	99.900772	97.933517	97.748482	96.235703	97.760834	82.72361	96.438599	97.74778	99.853142	97.845001	96.317375	99.920372	96.28447	99.871574	96.266846	98.710739	97.747864	99.606705	97.719131	96.226501	99.892738	98.701508	97.9188	97.759155	97.719208	98.606644	99.922455	96.24292	98.060852	98.026276	96.266006	98.103859	99.920204	99.888298	82.770935	99.84359	99.919067	100.0	99.908554	97.758629	99.066185	98.113083	96.42894	96.415405	97.839355	98.726059	97.818817	96.284637	99.847794	97.73201	96.428467	98.691711	97.759628	99.781128	98.702164	99.919144	96.24691	96.410019	99.91613	97.660149	97.929062	98.334145	99.850754	99.848518	99.833298
96.176834	98.004807	97.697426	97.752922	82.769157	97.694168	98.286705	99.985229	99.955811	99.993286	97.894073	97.724091	96.196564	97.721581	82.771912	96.39978	97.692581	99.848694	97.812721	96.233749	99.981537	96.222961	99.929688	96.191193	98.633057	97.780167	99.566879	97.672943	96.207962	99.860107	98.632874	97.867165	97.759842	97.729202	98.535233	99.988068	96.194687	98.058945	97.99881	96.197159	98.037094	99.981323	99.840721	82.795578	99.779541	99.978363	99.908554	100.0	97.736008	99.00621	98.028236	96.383408	96.393402	97.793671	98.654129	97.816132	96.326782	99.803764	97.686356	96.405579	98.65416	97.769623	99.787445	98.6436	99.979843	96.242706	96.407143	99.973663	97.555038	97.919235	98.295776	99.824783	99.823288	99.758881
96.592834	99.203506	99.749336	99.821518	82.898666	99.999527	97.765114	97.750298	97.785995	97.742188	99.419884	99.81337	96.563454	99.807816	82.907883	96.666351	99.99968	97.790375	98.969368	96.576233	97.74469	96.573151	97.708466	96.56131	98.123695	99.741516	97.534203	99.777679	96.536819	97.780273	98.109589	99.404694	99.758713	99.790405	97.764	97.741074	96.555023	99.193466	99.472038	96.614197	99.259338	97.757454	97.783264	82.951248	97.745544	97.751648	97.758629	97.736008	100.0	97.67308	99.201782	96.67926	96.671982	99.952881	98.106163	99.748993	96.587547	97.752518	99.751007	96.638916	98.123383	99.776947	97.75238	98.075409	97.747467	96.574417	96.671143	97.760521	99.538162	99.432205	97.772133	97.750534	97.735489	97.774826
96.100128	97.986565	97.569534	97.696732	82.850113	97.66832	98.376152	99.009018	99.064926	98.997208	97.764511	97.571022	96.120338	97.718826	82.81884	96.371933	97.664902	99.083435	97.768921	96.204926	99.008423	96.159851	98.966087	96.104004	98.466751	97.587845	98.853104	97.596107	96.114212	99.031876	98.492798	97.853477	97.687401	97.691116	98.551239	98.987885	96.125359	97.936264	97.951096	96.26091	98.031319	99.010262	99.048897	82.786125	99.063095	98.968559	99.066185	99.00621	97.67308	100.0	97.99614	96.36969	96.392914	97.713623	98.501694	97.767746	96.212517	99.078476	97.571732	96.418335	98.448318	97.662895	99.135429	98.504913	99.00798	96.138458	96.399368	99.012383	97.427132	97.796799	98.417252	99.124245	99.10598	99.078262
96.468399	99.677032	99.216492	99.272614	82.835854	99.213562	97.95446	98.075302	98.080063	98.022896	99.397293	99.217354	96.490616	99.26561	82.824997	96.599564	99.214645	98.089127	99.473244	96.525505	98.054855	96.456017	98.027222	96.449295	98.594238	99.186417	97.90921	99.242386	96.500427	98.074814	98.61853	99.348549	99.220428	99.237198	97.951088	98.036697	96.491249	99.613724	99.357704	96.539169	99.769012	98.027596	98.068802	82.841087	98.086716	98.042015	98.113083	98.028236	99.201782	97.99614	100.0	96.604393	96.593018	99.235901	98.602142	99.247177	96.497589	98.087708	99.211273	96.627075	98.612419	99.263367	98.077477	98.582458	98.050354	96.490372	96.54554	98.062614	99.151199	99.339867	97.907669	98.09877	98.102417	98.070877
98.502243	96.639786	96.614197	96.644897	83.223953	96.634018	96.367325	96.367012	96.411934	96.35582	96.592392	96.632065	98.441719	96.646225	83.241623	99.995773	96.647964	96.4189	96.43959	98.502525	96.387085	98.488632	96.341827	98.44574	96.336662	96.607346	96.164764	96.562729	98.409233	96.392639	96.361832	96.632034	96.664017	96.651718	96.510513	96.370201	98.452713	96.580902	96.747604	98.520493	96.663025	96.388168	96.390976	83.217056	96.378983	96.397789	96.42894	96.383408	96.67926	96.36969	96.604393	100.0	99.991104	96.757736	96.371536	96.765259	98.484444	96.413147	96.632126	99.988792	96.361267	96.611801	96.495865	96.339111	96.394669	98.54866	99.940002	96.388832	96.394287	96.581589	96.349823	96.377548	96.415466	96.412064
98.529892	96.673065	96.622421	96.650314	83.213287	96.625916	96.373215	96.356194	96.417244	96.365746	96.598427	96.626999	98.45269	96.620018	83.246414	99.990913	96.632996	96.396942	96.41214	98.520241	96.396873	98.490189	96.347557	98.434509	96.342911	96.634811	96.176994	96.56398	98.408661	96.399887	96.37674	96.622757	96.645065	96.656937	96.520378	96.375977	98.465019	96.590187	96.753464	98.526398	96.642487	96.401596	96.370316	83.218048	96.395981	96.4133	96.415405	96.393402	96.671982	96.392914	96.593018	99.991104	100.0	96.719971	96.373734	96.757889	98.488113	96.400391	96.61805	99.983932	96.355202	96.601418	96.483131	96.3535	96.39975	98.573853	99.927963	96.398804	96.414536	96.610184	96.361031	96.394836	96.400208	96.409264
