1983719.3	1408.517	1423.2296	72361.9	1178540.18	1405.235	1367477.3	1390.281	1648923.281	1408.522	135461.245	1239783.5	293387.279	1476724.4	1581038.3	260554.78	1217984.3	2748178.3	1408.135	1390.497	1452.98	2666127.3	1455.14	2014076.3	288681.22	315750.8	561879.50	2709784.3	2487276.10	1408.258	2011012.3	1783501.3	1408.153	2809036.3	1510468.4	1405.244	1648923.279	1408.269	227866.22	293387.68	1408.110	1408.193	334406.4	2026191.6	2884832.3	1679167.3	1408.91	1705566.3	1396.147	1052585.4	2846779.3	1396.545	1547283.3	2026193.15	2842458.3	561879.11	561879.115	2762326.4	1408.472	1479.5	1408.568	1423.1335	293387.92	2762327.3	2052936.3	483913.181	2831519.3	2026189.5	1452.31	260554.117	293387.169	561879.307	135461.97	561879.306	293387.291	1742359.7	1428.335	72361.11	1408.523	1408.111	1423.767	561879.17	756828.3	561879.228	2728853.3	293387.104	486398.3	561879.19	1178537.6	1402.549	1471.38	293387.160	659243.26	1408.387	2884834.3	2884833.3	1423.413	155322.317	1565991.4	1890302.164	2715209.8	1664069.10	352858.3	492670.301	2026190.16	1423.172	64104.126	1423.433	1529886.3	2683680.3	1441095.3	1396.3701	2589818.4	2682541.3	98228.3	2587848.3	119858.6	1405.13	1423.1992	1408.132	260554.137	2760090.3	580165.48	293387.40	1408.260	2672567.5
100.0	0.0	0.0	0.0	0.0	0.0	0.0	0.0	0.0	0.0	0.0	0.0	0.0	0.0	0.0	0.0	0.0	0.0	0.0	0.0	0.0	0.0	0.0	0.0	0.0	0.0	0.0	0.0	0.0	0.0	0.0	0.0	0.0	0.0	0.0	0.0	0.0	0.0	0.0	0.0	0.0	0.0	0.0	0.0	0.0	0.0	0.0	0.0	0.0	0.0	0.0	0.0	0.0	0.0	0.0	0.0	0.0	0.0	0.0	0.0	0.0	0.0	0.0	0.0	0.0	0.0	0.0	0.0	0.0	0.0	0.0	0.0	0.0	0.0	0.0	0.0	0.0	0.0	0.0	0.0	0.0	0.0	0.0	0.0	0.0	0.0	0.0	0.0	0.0	0.0	0.0	0.0	0.0	0.0	0.0	0.0	0.0	0.0	0.0	0.0	0.0	0.0	0.0	0.0	0.0	0.0	0.0	0.0	0.0	0.0	0.0	0.0	0.0	0.0	0.0	0.0	0.0	0.0	0.0	0.0	0.0	0.0	0.0	0.0	0.0	0
0.0	100.0	0.0	0.0	91.465492	0.0	0.0	0.0	0.0	99.051201	79.00412	0.0	89.295334	0.0	0.0	0.0	0.0	0.0	99.048813	0.0	0.0	0.0	0.0	0.0	0.0	94.265648	91.996719	0.0	0.0	93.406746	0.0	0.0	89.274452	0.0	0.0	0.0	0.0	99.102661	78.368874	89.186966	89.415306	95.36834	0.0	0.0	0.0	0.0	89.29673	0.0	0.0	0.0	0.0	0.0	0.0	0.0	92.020821	91.99791	92.19696	91.999123	98.360489	0.0	91.482956	0.0	89.271545	92.03299	0.0	0.0	89.228256	0.0	0.0	0.0	89.250801	92.106499	0.0	92.064911	89.224854	0.0	0.0	0.0	95.292572	94.901978	0.0	91.936485	91.977531	92.022858	0.0	89.313736	0.0	92.05056	89.323471	0.0	0.0	89.263916	0.0	94.795898	0.0	0.0	0.0	0.0	0.0	0.0	0.0	0.0	0.0	0.0	0.0	0.0	0.0	0.0	0.0	89.31736	0.0	0.0	0.0	0.0	0.0	0.0	0.0	0.0	0.0	89.223816	0.0	0.0	0.0	89.210876	94.250534	0
0.0	0.0	100.0	90.709305	79.324875	0.0	0.0	81.017014	79.25032	0.0	98.609497	81.608574	0.0	0.0	0.0	87.401367	0.0	0.0	0.0	81.04097	81.697083	0.0	0.0	0.0	0.0	0.0	0.0	0.0	92.273697	0.0	0.0	0.0	0.0	95.16243	0.0	0.0	79.131897	0.0	91.428497	0.0	0.0	0.0	0.0	0.0	0.0	0.0	0.0	0.0	0.0	92.893181	0.0	0.0	0.0	0.0	0.0	0.0	0.0	0.0	0.0	0.0	0.0	92.744415	0.0	0.0	0.0	92.719757	0.0	0.0	81.877083	87.62606	0.0	0.0	98.427094	0.0	0.0	0.0	0.0	90.651443	0.0	0.0	92.586319	0.0	0.0	0.0	0.0	0.0	0.0	0.0	0.0	79.038956	0.0	0.0	81.211853	0.0	0.0	0.0	98.405006	0.0	0.0	0.0	92.44519	78.857887	0.0	81.207596	0.0	92.56015	0.0	92.751228	81.695923	0.0	0.0	0.0	0.0	0.0	0.0	0.0	79.060883	0.0	98.381836	0.0	87.56208	0.0	0.0	0.0	0.0	0
0.0	0.0	90.709305	100.0	0.0	0.0	0.0	80.829697	79.145927	0.0	91.304596	81.684334	0.0	0.0	0.0	87.107361	0.0	0.0	0.0	80.776398	81.631668	0.0	0.0	0.0	0.0	0.0	0.0	0.0	91.650421	0.0	0.0	0.0	0.0	90.536285	0.0	0.0	79.297852	78.692024	90.515533	0.0	0.0	0.0	0.0	0.0	0.0	0.0	0.0	0.0	0.0	92.452362	0.0	0.0	0.0	0.0	0.0	0.0	0.0	0.0	0.0	0.0	0.0	92.168457	0.0	0.0	0.0	92.108223	0.0	0.0	81.943817	87.272629	0.0	0.0	90.687485	0.0	0.0	0.0	0.0	98.998108	0.0	0.0	92.25943	0.0	0.0	0.0	0.0	0.0	0.0	0.0	0.0	79.145889	0.0	0.0	81.369629	0.0	0.0	0.0	90.747208	0.0	0.0	0.0	92.093437	78.91037	0.0	81.018723	0.0	92.243034	0.0	92.15596	81.777466	0.0	0.0	0.0	0.0	0.0	0.0	0.0	79.232101	0.0	90.725693	0.0	87.148933	0.0	0.0	0.0	0.0	0
0.0	91.465492	79.324875	0.0	100.0	0.0	0.0	78.342056	0.0	91.621689	79.311646	78.188927	88.756836	0.0	0.0	0.0	0.0	0.0	91.639175	0.0	78.71286	0.0	0.0	0.0	0.0	90.237183	95.015656	0.0	79.26339	90.564919	0.0	0.0	88.757401	79.204689	0.0	0.0	78.395683	91.563889	79.196304	88.622604	88.813568	90.894073	0.0	0.0	0.0	0.0	88.776436	0.0	0.0	79.127068	0.0	0.0	0.0	0.0	94.967949	94.984299	94.803711	94.985382	91.682205	0.0	90.483673	0.0	88.712105	94.985397	0.0	79.067505	88.850403	0.0	78.843536	78.982162	88.716476	94.815979	78.692467	94.982567	88.769165	0.0	0.0	78.711716	90.916214	90.636124	79.061661	94.844925	94.802696	95.04039	0.0	88.720886	0.0	95.023376	89.089325	0.0	0.0	88.760735	0.0	90.710022	0.0	0.0	0.0	0.0	0.0	0.0	79.271202	0.0	0.0	0.0	0.0	79.062668	0.0	78.881454	78.92289	89.078323	0.0	0.0	0.0	0.0	0.0	0.0	0.0	0.0	0.0	88.764664	79.23204	0.0	0.0	88.615997	90.371834	0
0.0	0.0	0.0	0.0	0.0	100.0	0.0	0.0	0.0	0.0	0.0	0.0	0.0	0.0	0.0	0.0	89.178894	0.0	0.0	0.0	0.0	0.0	0.0	0.0	89.108055	0.0	0.0	0.0	0.0	0.0	0.0	0.0	0.0	0.0	0.0	94.893448	0.0	0.0	0.0	0.0	0.0	0.0	89.09005	89.631111	0.0	0.0	0.0	0.0	89.230499	0.0	94.59494	89.280182	0.0	93.181503	0.0	0.0	0.0	0.0	0.0	0.0	0.0	0.0	0.0	0.0	0.0	0.0	0.0	89.154068	0.0	0.0	0.0	0.0	0.0	0.0	0.0	0.0	89.454224	0.0	0.0	0.0	0.0	0.0	0.0	0.0	0.0	0.0	0.0	0.0	0.0	0.0	0.0	0.0	0.0	0.0	0.0	0.0	0.0	90.086014	0.0	89.679489	0.0	0.0	0.0	0.0	89.557457	0.0	83.939499	0.0	0.0	0.0	0.0	93.040062	0.0	0.0	0.0	0.0	0.0	84.07428	0.0	0.0	0.0	0.0	82.658798	0.0	0.0	0
0.0	0.0	0.0	0.0	0.0	0.0	100.0	0.0	0.0	0.0	0.0	0.0	0.0	0.0	0.0	0.0	0.0	0.0	0.0	0.0	0.0	0.0	0.0	0.0	0.0	0.0	0.0	0.0	0.0	0.0	0.0	0.0	0.0	0.0	0.0	0.0	0.0	0.0	0.0	0.0	0.0	0.0	0.0	0.0	0.0	0.0	0.0	0.0	0.0	0.0	0.0	0.0	0.0	0.0	0.0	0.0	0.0	0.0	0.0	0.0	0.0	0.0	0.0	0.0	0.0	0.0	0.0	0.0	0.0	0.0	0.0	0.0	0.0	0.0	0.0	0.0	0.0	0.0	0.0	0.0	0.0	0.0	0.0	0.0	0.0	0.0	0.0	0.0	0.0	0.0	0.0	0.0	0.0	0.0	0.0	0.0	0.0	0.0	0.0	0.0	0.0	0.0	0.0	0.0	0.0	0.0	0.0	0.0	0.0	0.0	0.0	0.0	0.0	0.0	0.0	0.0	0.0	0.0	0.0	0.0	0.0	0.0	0.0	0.0	0.0	0
0.0	0.0	81.017014	80.829697	78.342056	0.0	0.0	100.0	78.862976	0.0	81.326874	80.690125	0.0	0.0	0.0	80.887436	0.0	0.0	0.0	97.708717	80.72818	0.0	0.0	0.0	0.0	0.0	0.0	0.0	81.103958	0.0	0.0	0.0	0.0	81.06134	0.0	0.0	78.937561	0.0	81.132454	0.0	0.0	0.0	0.0	0.0	0.0	0.0	0.0	0.0	0.0	81.106232	0.0	0.0	0.0	0.0	0.0	0.0	0.0	0.0	0.0	0.0	0.0	81.268303	0.0	0.0	0.0	81.239426	0.0	0.0	80.824158	80.926819	0.0	0.0	81.047714	0.0	0.0	0.0	0.0	80.820633	0.0	0.0	80.925842	0.0	0.0	0.0	0.0	0.0	0.0	0.0	0.0	78.962502	0.0	0.0	93.646461	0.0	0.0	0.0	81.084961	0.0	0.0	0.0	81.031647	78.69371	0.0	93.930267	0.0	80.880051	0.0	81.186501	80.892303	0.0	0.0	0.0	0.0	0.0	0.0	0.0	78.975304	0.0	81.035385	0.0	81.041336	0.0	0.0	0.0	0.0	0
0.0	0.0	79.25032	79.145927	0.0	0.0	0.0	78.862976	100.0	0.0	79.185196	78.92572	0.0	0.0	0.0	79.023941	0.0	0.0	0.0	78.94783	79.021545	0.0	0.0	0.0	0.0	0.0	0.0	0.0	79.179115	0.0	0.0	0.0	0.0	79.081795	0.0	0.0	96.714317	0.0	79.107803	0.0	0.0	0.0	0.0	0.0	0.0	0.0	0.0	0.0	0.0	79.118134	0.0	0.0	0.0	0.0	0.0	0.0	0.0	0.0	0.0	0.0	0.0	79.123718	0.0	0.0	0.0	79.124634	0.0	0.0	79.175354	79.03862	0.0	0.0	78.941818	0.0	0.0	0.0	0.0	79.183182	0.0	0.0	79.036682	0.0	0.0	0.0	0.0	0.0	0.0	0.0	0.0	95.131485	0.0	0.0	78.984558	0.0	0.0	0.0	79.120598	0.0	0.0	0.0	79.084167	82.390808	0.0	78.90184	0.0	79.125793	0.0	79.117332	79.084915	0.0	0.0	0.0	0.0	0.0	0.0	0.0	83.138435	0.0	79.092682	0.0	78.929886	0.0	0.0	0.0	0.0	0
0.0	99.051201	0.0	0.0	91.621689	0.0	0.0	0.0	0.0	100.0	79.001755	0.0	89.47583	0.0	0.0	0.0	0.0	0.0	99.340027	0.0	79.16433	0.0	0.0	0.0	0.0	94.482979	92.111023	0.0	0.0	93.619904	0.0	0.0	89.428619	0.0	0.0	0.0	0.0	99.350197	0.0	89.371025	89.612564	95.522789	0.0	0.0	0.0	0.0	89.397316	0.0	0.0	0.0	0.0	0.0	0.0	0.0	92.238319	92.193489	92.336319	92.203537	98.466125	0.0	91.687103	0.0	89.496521	92.224335	0.0	0.0	89.432922	0.0	0.0	0.0	89.453217	92.270752	0.0	92.188225	89.426338	0.0	0.0	0.0	95.505142	95.075348	0.0	92.154785	92.161278	92.23587	0.0	89.484283	0.0	92.292725	89.538399	0.0	0.0	89.467834	0.0	94.978836	0.0	0.0	0.0	0.0	0.0	0.0	0.0	0.0	0.0	0.0	0.0	0.0	0.0	0.0	78.962868	89.498947	0.0	0.0	0.0	0.0	0.0	0.0	0.0	0.0	0.0	89.37899	0.0	0.0	0.0	89.386658	94.523216	0
0.0	79.00412	98.609497	91.304596	79.311646	0.0	0.0	81.326874	79.185196	79.001755	100.0	82.00032	79.15712	0.0	0.0	88.07637	0.0	0.0	79.201324	81.429588	82.120201	0.0	0.0	0.0	0.0	79.193497	78.609245	0.0	92.776627	78.883728	0.0	0.0	79.227768	95.620667	0.0	0.0	79.275757	78.950569	91.959824	78.587845	79.157333	79.338531	0.0	0.0	0.0	0.0	79.066338	0.0	0.0	93.426987	0.0	0.0	0.0	0.0	79.331734	79.112259	78.930191	79.322227	79.311783	0.0	79.077507	93.222816	79.166061	79.293297	0.0	93.222366	79.123093	0.0	82.2229	88.264526	79.243668	79.262329	98.802948	79.417198	79.198746	0.0	0.0	91.239044	79.458206	79.442963	93.013756	79.315201	79.290878	79.525703	0.0	79.256805	0.0	79.354736	79.211365	79.371613	0.0	79.108437	81.457779	79.352936	0.0	0.0	99.933807	0.0	0.0	0.0	93.036118	78.989365	0.0	81.534187	0.0	93.040558	0.0	93.237457	82.255318	79.248825	0.0	0.0	0.0	0.0	0.0	0.0	78.855522	0.0	99.927307	78.63118	88.145889	0.0	0.0	78.544266	79.311989	0
0.0	0.0	81.608574	81.684334	78.188927	0.0	0.0	80.690125	78.92572	0.0	82.00032	100.0	0.0	0.0	0.0	82.631439	0.0	0.0	0.0	80.674561	99.09758	0.0	0.0	0.0	0.0	0.0	0.0	0.0	81.846405	0.0	0.0	0.0	0.0	81.50058	0.0	0.0	78.928406	0.0	81.711342	0.0	0.0	0.0	0.0	0.0	0.0	0.0	0.0	0.0	0.0	81.959396	0.0	0.0	0.0	0.0	0.0	0.0	0.0	78.407608	0.0	0.0	0.0	82.174515	0.0	0.0	0.0	82.132057	0.0	0.0	98.469948	82.319504	0.0	0.0	81.741791	0.0	0.0	0.0	0.0	81.620796	0.0	0.0	81.853409	0.0	0.0	0.0	0.0	0.0	0.0	0.0	0.0	78.947548	0.0	0.0	80.65844	0.0	0.0	0.0	81.4655	0.0	0.0	0.0	81.893753	78.644157	0.0	80.603302	0.0	81.905869	0.0	82.00087	98.391586	0.0	0.0	0.0	0.0	0.0	0.0	0.0	78.666275	0.0	81.597382	0.0	82.379219	0.0	0.0	0.0	0.0	0
0.0	89.295334	0.0	0.0	88.756836	0.0	0.0	0.0	0.0	89.47583	79.15712	0.0	100.0	0.0	0.0	0.0	0.0	0.0	89.537071	0.0	78.625641	0.0	0.0	0.0	0.0	88.891647	89.14032	0.0	0.0	89.019882	0.0	0.0	98.416275	0.0	0.0	0.0	0.0	89.510338	0.0	98.378578	97.938057	89.267426	0.0	0.0	0.0	0.0	98.37262	0.0	0.0	0.0	0.0	0.0	0.0	0.0	89.24884	89.269684	89.363342	89.306046	89.476433	0.0	90.055191	0.0	97.950439	89.282196	0.0	0.0	98.336372	0.0	0.0	0.0	98.153427	89.377472	0.0	89.258392	98.017883	0.0	0.0	0.0	89.218719	89.280762	0.0	89.247223	89.287415	89.268646	0.0	98.020767	0.0	89.292953	91.583588	0.0	0.0	98.457321	0.0	89.264183	0.0	0.0	0.0	0.0	0.0	0.0	0.0	0.0	0.0	0.0	0.0	0.0	0.0	0.0	0.0	91.553284	0.0	0.0	0.0	0.0	0.0	0.0	0.0	0.0	0.0	98.32193	0.0	0.0	0.0	98.339157	88.861603	0
0.0	0.0	0.0	0.0	0.0	0.0	0.0	0.0	0.0	0.0	0.0	0.0	0.0	100.0	0.0	0.0	0.0	0.0	0.0	0.0	0.0	0.0	0.0	0.0	0.0	0.0	0.0	0.0	0.0	0.0	0.0	0.0	0.0	0.0	0.0	0.0	0.0	0.0	0.0	0.0	0.0	0.0	0.0	0.0	0.0	0.0	0.0	0.0	0.0	0.0	0.0	0.0	0.0	0.0	0.0	0.0	0.0	0.0	0.0	0.0	0.0	0.0	0.0	0.0	0.0	0.0	0.0	0.0	0.0	0.0	0.0	0.0	0.0	0.0	0.0	0.0	0.0	0.0	0.0	0.0	0.0	0.0	0.0	0.0	0.0	0.0	0.0	0.0	0.0	0.0	0.0	0.0	0.0	0.0	88.8032	0.0	0.0	0.0	0.0	0.0	0.0	0.0	0.0	0.0	0.0	0.0	0.0	0.0	0.0	0.0	0.0	0.0	0.0	0.0	0.0	0.0	0.0	0.0	0.0	0.0	0.0	0.0	0.0	0.0	0.0	0
0.0	0.0	0.0	0.0	0.0	0.0	0.0	0.0	0.0	0.0	0.0	0.0	0.0	0.0	100.0	0.0	0.0	0.0	0.0	0.0	0.0	79.482178	0.0	0.0	0.0	0.0	0.0	0.0	0.0	0.0	0.0	0.0	0.0	0.0	0.0	0.0	0.0	0.0	0.0	0.0	0.0	0.0	0.0	0.0	0.0	0.0	0.0	0.0	0.0	0.0	0.0	0.0	0.0	0.0	0.0	0.0	0.0	0.0	0.0	0.0	0.0	0.0	0.0	0.0	0.0	0.0	0.0	0.0	0.0	0.0	0.0	0.0	0.0	0.0	0.0	0.0	0.0	0.0	0.0	0.0	0.0	0.0	0.0	0.0	0.0	0.0	0.0	0.0	0.0	0.0	0.0	0.0	0.0	0.0	0.0	0.0	0.0	0.0	0.0	0.0	0.0	0.0	0.0	0.0	0.0	0.0	0.0	0.0	0.0	0.0	0.0	0.0	0.0	0.0	0.0	0.0	0.0	0.0	0.0	0.0	0.0	0.0	0.0	0.0	0.0	0
0.0	0.0	87.401367	87.107361	0.0	0.0	0.0	80.887436	79.023941	0.0	88.07637	82.631439	0.0	0.0	0.0	100.0	0.0	0.0	0.0	80.928314	82.645416	0.0	0.0	0.0	0.0	0.0	0.0	0.0	87.890465	0.0	0.0	0.0	78.918137	87.28405	0.0	0.0	78.973175	78.939667	87.402039	0.0	0.0	0.0	0.0	0.0	0.0	0.0	0.0	0.0	0.0	88.373039	0.0	0.0	0.0	0.0	0.0	0.0	78.79554	0.0	78.891777	0.0	0.0	88.601105	0.0	0.0	0.0	88.567947	0.0	0.0	82.585846	97.308784	0.0	0.0	87.521332	0.0	0.0	0.0	0.0	87.198853	0.0	0.0	88.241829	0.0	78.649399	0.0	0.0	0.0	0.0	0.0	0.0	78.948555	0.0	0.0	81.069038	0.0	0.0	0.0	87.504044	0.0	0.0	0.0	88.12236	78.969147	0.0	80.93866	0.0	88.283852	0.0	88.439674	82.587547	0.0	0.0	0.0	0.0	0.0	0.0	0.0	78.80574	0.0	87.46376	0.0	97.741013	0.0	0.0	0.0	0.0	0
0.0	0.0	0.0	0.0	0.0	89.178894	0.0	0.0	0.0	0.0	0.0	0.0	0.0	0.0	0.0	0.0	100.0	0.0	0.0	0.0	0.0	0.0	0.0	0.0	94.533035	0.0	0.0	0.0	0.0	0.0	0.0	0.0	0.0	0.0	0.0	89.633522	0.0	0.0	0.0	0.0	0.0	0.0	96.097824	91.444641	0.0	0.0	0.0	0.0	95.053925	0.0	89.591187	91.497505	0.0	90.142059	0.0	0.0	0.0	0.0	0.0	0.0	0.0	0.0	0.0	0.0	0.0	0.0	0.0	93.464005	0.0	0.0	0.0	0.0	0.0	0.0	0.0	0.0	94.039665	0.0	0.0	0.0	0.0	0.0	0.0	0.0	0.0	0.0	0.0	0.0	0.0	0.0	0.0	0.0	0.0	0.0	0.0	0.0	0.0	90.902588	0.0	93.27224	0.0	0.0	0.0	0.0	93.366806	0.0	83.502449	0.0	0.0	0.0	0.0	90.175354	0.0	0.0	0.0	0.0	0.0	83.503113	0.0	0.0	0.0	0.0	82.607925	0.0	0.0	0
0.0	0.0	0.0	0.0	0.0	0.0	0.0	0.0	0.0	0.0	0.0	0.0	0.0	0.0	0.0	0.0	0.0	100.0	0.0	0.0	0.0	0.0	0.0	0.0	0.0	0.0	0.0	0.0	0.0	0.0	0.0	0.0	0.0	0.0	0.0	0.0	0.0	0.0	0.0	0.0	0.0	0.0	0.0	0.0	0.0	0.0	0.0	0.0	0.0	0.0	0.0	0.0	0.0	0.0	0.0	0.0	0.0	0.0	0.0	0.0	0.0	0.0	0.0	0.0	0.0	0.0	0.0	0.0	0.0	0.0	0.0	0.0	0.0	0.0	0.0	0.0	0.0	0.0	0.0	0.0	0.0	0.0	0.0	0.0	0.0	0.0	0.0	0.0	0.0	0.0	0.0	0.0	0.0	0.0	0.0	0.0	0.0	0.0	0.0	0.0	0.0	0.0	0.0	0.0	0.0	0.0	0.0	0.0	0.0	0.0	0.0	0.0	0.0	0.0	0.0	0.0	0.0	0.0	0.0	0.0	0.0	0.0	0.0	0.0	0.0	0
0.0	99.048813	0.0	0.0	91.639175	0.0	0.0	0.0	0.0	99.340027	79.201324	0.0	89.537071	0.0	0.0	0.0	0.0	0.0	100.0	0.0	0.0	0.0	0.0	0.0	0.0	94.488861	92.141586	0.0	0.0	93.617752	0.0	0.0	89.415756	0.0	0.0	0.0	0.0	99.306351	0.0	89.351959	89.646355	95.381744	0.0	0.0	0.0	0.0	89.538933	0.0	0.0	0.0	0.0	0.0	0.0	0.0	92.208229	92.195129	92.341553	92.108627	98.573303	0.0	91.719345	0.0	89.513885	92.068588	0.0	0.0	89.482727	0.0	0.0	0.0	89.507324	92.320419	0.0	92.222061	89.542244	0.0	0.0	0.0	95.47673	95.013718	0.0	92.081863	92.174072	92.263306	0.0	89.550056	0.0	92.295929	89.592422	0.0	0.0	89.535927	0.0	94.865402	0.0	0.0	0.0	0.0	0.0	0.0	0.0	0.0	0.0	0.0	0.0	0.0	0.0	0.0	0.0	89.551987	0.0	0.0	0.0	0.0	0.0	0.0	0.0	0.0	0.0	89.42688	0.0	0.0	0.0	89.412697	94.512161	0
0.0	0.0	81.04097	80.776398	0.0	0.0	0.0	97.708717	78.94783	0.0	81.429588	80.674561	0.0	0.0	0.0	80.928314	0.0	0.0	0.0	100.0	80.713104	0.0	0.0	0.0	0.0	0.0	0.0	0.0	81.21048	0.0	0.0	0.0	0.0	80.912315	0.0	0.0	78.92598	0.0	81.253609	0.0	0.0	0.0	0.0	0.0	0.0	0.0	0.0	0.0	0.0	81.069016	0.0	0.0	0.0	0.0	0.0	0.0	0.0	0.0	0.0	0.0	0.0	81.312393	0.0	0.0	0.0	81.353088	0.0	0.0	80.671295	80.967247	0.0	0.0	81.050964	0.0	0.0	0.0	0.0	80.810997	0.0	0.0	80.948273	0.0	0.0	0.0	0.0	0.0	0.0	0.0	0.0	79.187622	0.0	0.0	93.626869	0.0	0.0	0.0	81.018219	0.0	0.0	0.0	81.090233	78.867264	0.0	93.816483	0.0	80.899979	0.0	81.233734	80.778755	0.0	0.0	0.0	0.0	0.0	0.0	0.0	78.877365	0.0	81.006638	0.0	81.064667	0.0	0.0	0.0	0.0	0
0.0	0.0	81.697083	81.631668	78.71286	0.0	0.0	80.72818	79.021545	79.16433	82.120201	99.09758	78.625641	0.0	0.0	82.645416	0.0	0.0	0.0	80.713104	100.0	0.0	0.0	0.0	0.0	0.0	78.047523	0.0	81.991371	0.0	0.0	0.0	78.383064	81.606232	0.0	0.0	78.935043	79.103531	81.789886	0.0	0.0	0.0	0.0	0.0	0.0	0.0	78.651474	0.0	0.0	82.125114	0.0	0.0	0.0	0.0	78.917419	0.0	0.0	78.715195	79.077057	0.0	0.0	82.269524	78.869766	0.0	0.0	82.284027	0.0	0.0	98.582253	82.375183	0.0	0.0	81.606544	78.716423	0.0	0.0	0.0	81.68013	0.0	0.0	82.031105	0.0	0.0	78.766312	0.0	0.0	0.0	0.0	0.0	79.083725	0.0	78.769897	80.771706	0.0	0.0	0.0	81.489212	0.0	0.0	0.0	82.068039	78.889709	0.0	80.649155	0.0	82.028099	0.0	82.071777	98.407013	0.0	0.0	0.0	0.0	0.0	0.0	0.0	78.80835	0.0	81.616928	0.0	82.462997	0.0	0.0	78.169083	0.0	0
0.0	0.0	0.0	0.0	0.0	0.0	0.0	0.0	0.0	0.0	0.0	0.0	0.0	0.0	79.482178	0.0	0.0	0.0	0.0	0.0	0.0	100.0	0.0	0.0	0.0	0.0	0.0	0.0	0.0	0.0	0.0	0.0	0.0	0.0	0.0	0.0	0.0	0.0	0.0	0.0	0.0	0.0	0.0	0.0	0.0	0.0	0.0	0.0	0.0	0.0	0.0	0.0	0.0	0.0	0.0	0.0	0.0	0.0	0.0	0.0	0.0	0.0	0.0	0.0	0.0	0.0	0.0	0.0	0.0	0.0	0.0	0.0	0.0	0.0	0.0	0.0	0.0	0.0	0.0	0.0	0.0	0.0	0.0	0.0	0.0	0.0	0.0	0.0	0.0	0.0	0.0	0.0	0.0	0.0	0.0	0.0	0.0	0.0	0.0	0.0	0.0	0.0	0.0	0.0	0.0	0.0	0.0	0.0	0.0	0.0	0.0	0.0	0.0	0.0	0.0	0.0	0.0	0.0	0.0	0.0	0.0	0.0	0.0	0.0	0.0	0
0.0	0.0	0.0	0.0	0.0	0.0	0.0	0.0	0.0	0.0	0.0	0.0	0.0	0.0	0.0	0.0	0.0	0.0	0.0	0.0	0.0	0.0	100.0	0.0	0.0	0.0	0.0	0.0	0.0	0.0	0.0	0.0	0.0	0.0	0.0	0.0	0.0	0.0	0.0	0.0	0.0	0.0	0.0	0.0	0.0	0.0	0.0	0.0	0.0	0.0	0.0	0.0	0.0	0.0	0.0	0.0	0.0	0.0	0.0	0.0	0.0	0.0	0.0	0.0	0.0	0.0	0.0	0.0	0.0	0.0	0.0	0.0	0.0	0.0	0.0	0.0	0.0	0.0	0.0	0.0	0.0	0.0	0.0	0.0	0.0	0.0	0.0	0.0	0.0	0.0	0.0	0.0	0.0	0.0	0.0	0.0	0.0	0.0	0.0	0.0	0.0	0.0	0.0	0.0	0.0	0.0	0.0	0.0	0.0	0.0	0.0	0.0	0.0	0.0	0.0	0.0	0.0	0.0	0.0	0.0	0.0	0.0	0.0	0.0	0.0	0
0.0	0.0	0.0	0.0	0.0	0.0	0.0	0.0	0.0	0.0	0.0	0.0	0.0	0.0	0.0	0.0	0.0	0.0	0.0	0.0	0.0	0.0	0.0	100.0	0.0	0.0	0.0	0.0	0.0	0.0	0.0	0.0	0.0	0.0	0.0	0.0	0.0	0.0	0.0	0.0	0.0	0.0	0.0	0.0	0.0	0.0	0.0	0.0	0.0	0.0	0.0	0.0	0.0	0.0	0.0	0.0	0.0	0.0	0.0	0.0	0.0	0.0	0.0	0.0	0.0	0.0	0.0	0.0	0.0	0.0	0.0	0.0	0.0	0.0	0.0	0.0	0.0	0.0	0.0	0.0	0.0	0.0	0.0	0.0	0.0	0.0	0.0	0.0	0.0	0.0	0.0	0.0	0.0	0.0	0.0	0.0	0.0	0.0	0.0	0.0	0.0	0.0	0.0	0.0	0.0	0.0	0.0	0.0	0.0	0.0	0.0	0.0	0.0	0.0	0.0	0.0	0.0	0.0	0.0	0.0	0.0	0.0	0.0	0.0	0.0	0
0.0	0.0	0.0	0.0	0.0	89.108055	0.0	0.0	0.0	0.0	0.0	0.0	0.0	0.0	0.0	0.0	94.533035	0.0	0.0	0.0	0.0	0.0	0.0	0.0	100.0	0.0	0.0	0.0	0.0	0.0	0.0	0.0	0.0	0.0	0.0	89.417542	0.0	0.0	0.0	0.0	0.0	0.0	95.28038	91.469147	0.0	0.0	0.0	0.0	94.645248	0.0	89.512024	91.485245	0.0	89.851112	0.0	0.0	0.0	0.0	0.0	0.0	0.0	0.0	0.0	0.0	0.0	0.0	0.0	93.383621	0.0	0.0	0.0	0.0	0.0	0.0	0.0	0.0	94.084183	0.0	0.0	0.0	0.0	0.0	0.0	0.0	0.0	0.0	0.0	0.0	0.0	0.0	0.0	0.0	0.0	0.0	0.0	0.0	0.0	90.81427	0.0	93.063156	0.0	0.0	0.0	0.0	93.107346	0.0	83.388046	0.0	0.0	0.0	0.0	90.031509	0.0	0.0	0.0	0.0	0.0	83.587189	0.0	0.0	0.0	0.0	82.704544	0.0	0.0	0
0.0	94.265648	0.0	0.0	90.237183	0.0	0.0	0.0	0.0	94.482979	79.193497	0.0	88.891647	0.0	0.0	0.0	0.0	0.0	94.488861	0.0	0.0	0.0	0.0	0.0	0.0	100.0	90.807999	0.0	0.0	92.404434	0.0	0.0	88.82563	0.0	0.0	0.0	0.0	94.506073	0.0	88.751144	88.954437	95.422729	0.0	0.0	0.0	0.0	88.855354	0.0	0.0	0.0	0.0	0.0	0.0	0.0	90.87426	90.903793	91.127228	90.873833	94.389603	0.0	90.147842	0.0	88.934494	90.90992	0.0	0.0	88.808075	0.0	0.0	0.0	88.773422	91.167442	0.0	90.883621	88.869041	0.0	0.0	0.0	95.383087	95.436325	0.0	90.964203	90.908417	90.876495	0.0	88.89048	0.0	91.023773	88.604065	0.0	0.0	88.859238	0.0	95.490631	0.0	0.0	0.0	0.0	0.0	0.0	0.0	0.0	0.0	0.0	0.0	0.0	0.0	0.0	0.0	88.536133	0.0	0.0	0.0	0.0	0.0	0.0	0.0	0.0	0.0	88.722321	0.0	0.0	0.0	88.756546	99.092194	0
0.0	91.996719	0.0	0.0	95.015656	0.0	0.0	0.0	0.0	92.111023	78.609245	0.0	89.14032	0.0	0.0	0.0	0.0	0.0	92.141586	0.0	78.047523	0.0	0.0	0.0	0.0	90.807999	100.0	0.0	0.0	90.909088	0.0	0.0	89.187706	0.0	0.0	0.0	0.0	92.165375	0.0	89.068832	89.213379	91.526489	0.0	0.0	0.0	0.0	89.163422	0.0	0.0	0.0	0.0	0.0	0.0	0.0	98.459053	98.304657	96.307747	98.467773	92.116501	0.0	90.87587	0.0	89.143265	98.491318	0.0	0.0	89.098633	0.0	0.0	0.0	89.145096	96.331589	0.0	98.296066	89.152374	0.0	0.0	0.0	91.501595	91.173737	0.0	97.279449	96.061356	97.490166	0.0	89.181519	0.0	97.322556	89.315414	0.0	0.0	89.171417	0.0	91.140564	0.0	0.0	0.0	0.0	0.0	0.0	0.0	0.0	0.0	0.0	0.0	0.0	0.0	0.0	0.0	89.336784	0.0	0.0	0.0	0.0	0.0	0.0	0.0	0.0	0.0	89.10836	0.0	0.0	0.0	89.089081	90.827423	0
0.0	0.0	0.0	0.0	0.0	0.0	0.0	0.0	0.0	0.0	0.0	0.0	0.0	0.0	0.0	0.0	0.0	0.0	0.0	0.0	0.0	0.0	0.0	0.0	0.0	0.0	0.0	100.0	0.0	0.0	0.0	0.0	0.0	0.0	79.743156	0.0	0.0	0.0	0.0	0.0	0.0	0.0	0.0	0.0	0.0	0.0	0.0	0.0	0.0	0.0	0.0	0.0	0.0	0.0	0.0	0.0	0.0	0.0	0.0	0.0	0.0	0.0	0.0	0.0	0.0	0.0	0.0	0.0	0.0	0.0	0.0	0.0	0.0	0.0	0.0	0.0	0.0	0.0	0.0	0.0	0.0	0.0	0.0	0.0	0.0	0.0	0.0	0.0	0.0	0.0	0.0	0.0	0.0	0.0	0.0	0.0	0.0	0.0	0.0	0.0	0.0	0.0	0.0	0.0	0.0	0.0	0.0	0.0	0.0	0.0	0.0	0.0	0.0	0.0	0.0	0.0	0.0	0.0	0.0	0.0	0.0	0.0	0.0	0.0	0.0	0
0.0	0.0	92.273697	91.650421	79.26339	0.0	0.0	81.103958	79.179115	0.0	92.776627	81.846405	0.0	0.0	0.0	87.890465	0.0	0.0	0.0	81.21048	81.991371	0.0	0.0	0.0	0.0	0.0	0.0	0.0	100.0	0.0	0.0	0.0	0.0	92.032364	0.0	0.0	79.177704	0.0	93.317276	0.0	0.0	0.0	0.0	0.0	0.0	0.0	0.0	0.0	0.0	93.495071	0.0	0.0	0.0	0.0	0.0	0.0	0.0	0.0	0.0	0.0	0.0	93.727753	0.0	0.0	0.0	93.672577	0.0	0.0	82.135269	87.965836	0.0	0.0	92.157135	0.0	0.0	0.0	0.0	91.592865	0.0	0.0	93.289703	0.0	0.0	0.0	0.0	0.0	0.0	0.0	0.0	79.161781	0.0	0.0	81.599182	0.0	0.0	0.0	92.25071	0.0	0.0	0.0	93.18293	78.969925	0.0	81.269653	0.0	93.262321	0.0	93.6436	81.91008	0.0	0.0	0.0	0.0	0.0	0.0	0.0	79.078232	0.0	92.259186	0.0	87.890305	0.0	0.0	0.0	0.0	0
0.0	93.406746	0.0	0.0	90.564919	0.0	0.0	0.0	0.0	93.619904	78.883728	0.0	89.019882	0.0	0.0	0.0	0.0	0.0	93.617752	0.0	0.0	0.0	0.0	0.0	0.0	92.404434	90.909088	0.0	0.0	100.0	0.0	0.0	88.972992	0.0	0.0	0.0	0.0	93.526566	0.0	88.886734	89.071564	93.04332	0.0	0.0	0.0	0.0	88.898209	0.0	0.0	0.0	0.0	0.0	0.0	0.0	91.00473	90.948227	91.076797	91.005798	93.505966	0.0	90.528946	0.0	89.005417	91.000427	0.0	0.0	88.966827	0.0	0.0	0.0	88.87883	91.159576	0.0	91.036377	88.881378	0.0	0.0	0.0	93.025223	92.825378	0.0	91.02317	90.958069	90.955437	0.0	88.950623	0.0	91.055374	88.822647	0.0	0.0	88.910889	0.0	92.82074	0.0	0.0	0.0	0.0	0.0	0.0	0.0	0.0	0.0	0.0	0.0	0.0	0.0	0.0	0.0	88.761826	0.0	0.0	0.0	0.0	0.0	0.0	0.0	0.0	0.0	88.782677	0.0	0.0	0.0	88.76178	92.438141	0
0.0	0.0	0.0	0.0	0.0	0.0	0.0	0.0	0.0	0.0	0.0	0.0	0.0	0.0	0.0	0.0	0.0	0.0	0.0	0.0	0.0	0.0	0.0	0.0	0.0	0.0	0.0	0.0	0.0	0.0	100.0	0.0	0.0	0.0	0.0	0.0	0.0	0.0	0.0	0.0	0.0	0.0	0.0	0.0	0.0	0.0	0.0	0.0	0.0	0.0	0.0	0.0	0.0	0.0	0.0	0.0	0.0	0.0	0.0	0.0	0.0	0.0	0.0	0.0	0.0	0.0	0.0	0.0	0.0	0.0	0.0	0.0	0.0	0.0	0.0	0.0	0.0	0.0	0.0	0.0	0.0	0.0	0.0	0.0	0.0	0.0	0.0	0.0	0.0	0.0	0.0	0.0	0.0	0.0	0.0	0.0	0.0	0.0	0.0	0.0	0.0	0.0	0.0	0.0	0.0	0.0	0.0	0.0	0.0	0.0	0.0	0.0	0.0	0.0	0.0	0.0	0.0	0.0	0.0	0.0	0.0	0.0	0.0	0.0	0.0	0
0.0	0.0	0.0	0.0	0.0	0.0	0.0	0.0	0.0	0.0	0.0	0.0	0.0	0.0	0.0	0.0	0.0	0.0	0.0	0.0	0.0	0.0	0.0	0.0	0.0	0.0	0.0	0.0	0.0	0.0	0.0	100.0	0.0	0.0	0.0	0.0	0.0	0.0	0.0	0.0	0.0	0.0	0.0	0.0	0.0	0.0	0.0	0.0	0.0	0.0	0.0	0.0	0.0	0.0	0.0	0.0	0.0	0.0	0.0	0.0	0.0	0.0	0.0	0.0	0.0	0.0	0.0	0.0	0.0	0.0	0.0	0.0	0.0	0.0	0.0	0.0	0.0	0.0	0.0	0.0	0.0	0.0	0.0	0.0	0.0	0.0	0.0	0.0	0.0	0.0	0.0	0.0	0.0	0.0	0.0	0.0	0.0	0.0	0.0	0.0	0.0	0.0	0.0	0.0	0.0	0.0	0.0	0.0	0.0	0.0	0.0	0.0	0.0	0.0	0.0	0.0	0.0	0.0	0.0	0.0	0.0	0.0	0.0	0.0	0.0	0
0.0	89.274452	0.0	0.0	88.757401	0.0	0.0	0.0	0.0	89.428619	79.227768	0.0	98.416275	0.0	0.0	78.918137	0.0	0.0	89.415756	0.0	78.383064	0.0	0.0	0.0	0.0	88.82563	89.187706	0.0	0.0	88.972992	0.0	0.0	100.0	0.0	0.0	0.0	0.0	89.522064	0.0	98.504021	97.941391	89.183975	0.0	0.0	0.0	0.0	98.513748	0.0	0.0	0.0	0.0	0.0	0.0	0.0	89.307648	89.2593	89.366386	89.337593	89.469482	0.0	90.164368	0.0	98.00322	89.28157	0.0	0.0	98.59259	0.0	0.0	0.0	98.235077	89.43689	0.0	89.241943	98.026917	0.0	0.0	0.0	89.224487	89.306168	0.0	89.176582	89.33905	89.2146	0.0	98.003059	0.0	89.255249	91.595871	0.0	0.0	98.475601	0.0	89.229858	0.0	0.0	0.0	0.0	0.0	0.0	0.0	0.0	0.0	0.0	0.0	0.0	0.0	0.0	0.0	91.583351	0.0	0.0	0.0	0.0	0.0	0.0	0.0	0.0	0.0	98.305481	0.0	0.0	0.0	98.362564	88.831192	0
0.0	0.0	95.16243	90.536285	79.204689	0.0	0.0	81.06134	79.081795	0.0	95.620667	81.50058	0.0	0.0	0.0	87.28405	0.0	0.0	0.0	80.912315	81.606232	0.0	0.0	0.0	0.0	0.0	0.0	0.0	92.032364	0.0	0.0	0.0	0.0	100.0	0.0	0.0	79.115768	0.0	91.152939	0.0	0.0	0.0	0.0	0.0	0.0	0.0	0.0	0.0	0.0	92.520134	0.0	0.0	0.0	0.0	0.0	0.0	0.0	0.0	0.0	0.0	0.0	92.457657	0.0	0.0	0.0	92.417297	0.0	0.0	81.8815	87.498337	0.0	0.0	95.166412	0.0	0.0	0.0	0.0	90.497299	0.0	0.0	92.203232	0.0	0.0	0.0	0.0	0.0	0.0	0.0	0.0	78.945084	0.0	0.0	81.369675	0.0	0.0	0.0	95.254356	0.0	0.0	0.0	92.138977	78.904068	0.0	81.191818	0.0	92.183205	0.0	92.372772	81.803978	0.0	0.0	0.0	0.0	0.0	0.0	0.0	79.051941	0.0	95.231079	0.0	87.427933	0.0	0.0	0.0	0.0	0
0.0	0.0	0.0	0.0	0.0	0.0	0.0	0.0	0.0	0.0	0.0	0.0	0.0	0.0	0.0	0.0	0.0	0.0	0.0	0.0	0.0	0.0	0.0	0.0	0.0	0.0	0.0	79.743156	0.0	0.0	0.0	0.0	0.0	0.0	100.0	0.0	0.0	0.0	0.0	0.0	0.0	0.0	0.0	0.0	0.0	0.0	0.0	0.0	0.0	0.0	0.0	0.0	0.0	0.0	0.0	0.0	0.0	0.0	0.0	0.0	0.0	0.0	0.0	0.0	0.0	0.0	0.0	0.0	0.0	0.0	0.0	0.0	0.0	0.0	0.0	0.0	0.0	0.0	0.0	0.0	0.0	0.0	0.0	0.0	0.0	0.0	0.0	0.0	0.0	0.0	0.0	0.0	0.0	0.0	0.0	0.0	0.0	0.0	0.0	0.0	0.0	0.0	0.0	0.0	0.0	0.0	0.0	0.0	0.0	0.0	0.0	0.0	0.0	0.0	0.0	0.0	0.0	0.0	0.0	0.0	0.0	0.0	0.0	0.0	0.0	0
0.0	0.0	0.0	0.0	0.0	94.893448	0.0	0.0	0.0	0.0	0.0	0.0	0.0	0.0	0.0	0.0	89.633522	0.0	0.0	0.0	0.0	0.0	0.0	0.0	89.417542	0.0	0.0	0.0	0.0	0.0	0.0	0.0	0.0	0.0	0.0	100.0	0.0	0.0	0.0	0.0	0.0	0.0	89.425552	89.825638	0.0	0.0	0.0	0.0	89.678505	0.0	94.324623	89.58461	0.0	93.91391	0.0	0.0	0.0	0.0	0.0	0.0	0.0	0.0	0.0	0.0	0.0	0.0	0.0	89.726517	0.0	0.0	0.0	0.0	0.0	0.0	0.0	0.0	89.793251	0.0	0.0	0.0	0.0	0.0	0.0	0.0	0.0	0.0	0.0	0.0	0.0	0.0	0.0	0.0	0.0	0.0	0.0	0.0	0.0	90.355957	0.0	90.487976	0.0	0.0	0.0	0.0	90.25621	0.0	83.551643	0.0	0.0	0.0	0.0	93.147003	0.0	0.0	0.0	0.0	0.0	83.833717	0.0	0.0	0.0	0.0	82.673676	0.0	0.0	0
0.0	0.0	79.131897	79.297852	78.395683	0.0	0.0	78.937561	96.714317	0.0	79.275757	78.928406	0.0	0.0	0.0	78.973175	0.0	0.0	0.0	78.92598	78.935043	0.0	0.0	0.0	0.0	0.0	0.0	0.0	79.177704	0.0	0.0	0.0	0.0	79.115768	0.0	0.0	100.0	0.0	78.902405	0.0	0.0	0.0	0.0	0.0	0.0	0.0	0.0	0.0	0.0	79.087097	0.0	0.0	0.0	0.0	0.0	0.0	0.0	0.0	0.0	0.0	0.0	79.113098	0.0	0.0	0.0	79.098129	0.0	0.0	78.971062	79.076141	0.0	0.0	79.063812	0.0	0.0	0.0	0.0	79.19091	0.0	0.0	78.994881	0.0	0.0	0.0	0.0	0.0	0.0	0.0	0.0	95.129471	0.0	0.0	78.829239	0.0	0.0	0.0	79.290283	0.0	0.0	0.0	79.19976	82.41465	0.0	78.694611	0.0	79.028595	0.0	79.089584	78.982689	0.0	0.0	0.0	0.0	0.0	0.0	0.0	82.954483	0.0	79.178741	0.0	79.187202	0.0	0.0	0.0	0.0	0
0.0	99.102661	0.0	78.692024	91.563889	0.0	0.0	0.0	0.0	99.350197	78.950569	0.0	89.510338	0.0	0.0	78.939667	0.0	0.0	99.306351	0.0	79.103531	0.0	0.0	0.0	0.0	94.506073	92.165375	0.0	0.0	93.526566	0.0	0.0	89.522064	0.0	0.0	0.0	0.0	100.0	0.0	89.313477	89.634811	95.589684	0.0	0.0	0.0	0.0	89.441109	0.0	0.0	78.92337	0.0	0.0	0.0	0.0	92.266731	92.245346	92.341171	92.260681	98.499496	0.0	91.63253	78.831039	89.509583	92.267899	0.0	0.0	89.478889	0.0	79.262436	0.0	89.487	92.347534	0.0	92.200439	89.46273	0.0	0.0	78.840828	95.506912	95.043396	78.78463	92.21875	92.198013	92.250999	0.0	89.454208	0.0	92.312805	89.592789	0.0	0.0	89.512299	0.0	95.027466	0.0	0.0	78.640076	0.0	0.0	0.0	0.0	0.0	0.0	0.0	0.0	78.691521	0.0	0.0	79.028748	89.609695	0.0	0.0	0.0	0.0	0.0	0.0	0.0	0.0	0.0	89.391327	0.0	0.0	0.0	89.327103	94.490524	0
0.0	78.368874	91.428497	90.515533	79.196304	0.0	0.0	81.132454	79.107803	0.0	91.959824	81.711342	0.0	0.0	0.0	87.402039	0.0	0.0	0.0	81.253609	81.789886	0.0	0.0	0.0	0.0	0.0	0.0	0.0	93.317276	0.0	0.0	0.0	0.0	91.152939	0.0	0.0	78.902405	0.0	100.0	0.0	0.0	0.0	0.0	0.0	0.0	0.0	0.0	0.0	0.0	92.243637	0.0	0.0	0.0	0.0	0.0	0.0	0.0	0.0	0.0	0.0	0.0	92.334427	0.0	0.0	0.0	92.304474	0.0	0.0	81.957153	87.539459	0.0	0.0	91.306763	0.0	0.0	0.0	0.0	90.473999	0.0	0.0	91.963982	0.0	0.0	0.0	0.0	0.0	0.0	0.0	0.0	78.958542	0.0	0.0	81.801819	0.0	0.0	0.0	91.395782	0.0	0.0	0.0	91.986717	78.751617	0.0	81.446014	0.0	91.9785	0.0	92.280884	81.89061	0.0	0.0	0.0	0.0	0.0	0.0	0.0	78.938339	0.0	91.326965	0.0	87.474808	0.0	0.0	0.0	0.0	0
0.0	89.186966	0.0	0.0	88.622604	0.0	0.0	0.0	0.0	89.371025	78.587845	0.0	98.378578	0.0	0.0	0.0	0.0	0.0	89.351959	0.0	0.0	0.0	0.0	0.0	0.0	88.751144	89.068832	0.0	0.0	88.886734	0.0	0.0	98.504021	0.0	0.0	0.0	0.0	89.313477	0.0	100.0	97.710297	89.107674	0.0	0.0	0.0	0.0	98.444427	0.0	0.0	0.0	0.0	0.0	0.0	0.0	89.162933	89.199158	89.232269	89.169144	89.283226	0.0	89.993973	0.0	97.900345	89.123413	0.0	0.0	98.332504	0.0	0.0	0.0	97.948425	89.230003	0.0	89.100708	97.865158	0.0	0.0	0.0	89.063622	89.121307	0.0	89.026627	89.201248	89.089722	0.0	97.848106	0.0	89.136734	91.344238	0.0	0.0	98.437668	0.0	89.12291	0.0	0.0	0.0	0.0	0.0	0.0	0.0	0.0	0.0	0.0	0.0	0.0	0.0	0.0	0.0	91.366531	0.0	0.0	0.0	0.0	0.0	0.0	0.0	0.0	0.0	98.295273	0.0	0.0	0.0	98.038635	88.783722	0
0.0	89.415306	0.0	0.0	88.813568	0.0	0.0	0.0	0.0	89.612564	79.157333	0.0	97.938057	0.0	0.0	0.0	0.0	0.0	89.646355	0.0	0.0	0.0	0.0	0.0	0.0	88.954437	89.213379	0.0	0.0	89.071564	0.0	0.0	97.941391	0.0	0.0	0.0	0.0	89.634811	0.0	97.710297	100.0	89.313843	0.0	0.0	0.0	0.0	97.913414	0.0	0.0	0.0	0.0	0.0	0.0	0.0	89.387222	89.370285	89.34256	89.377106	89.586334	0.0	90.161087	0.0	98.881813	89.323654	0.0	0.0	97.878952	0.0	0.0	0.0	98.071304	89.345932	0.0	89.380753	98.38829	0.0	0.0	0.0	89.353699	89.413071	0.0	89.230423	89.307907	89.268326	0.0	98.554565	0.0	89.325363	91.506981	0.0	0.0	97.90094	0.0	89.480927	0.0	0.0	0.0	0.0	0.0	0.0	0.0	0.0	0.0	0.0	0.0	0.0	0.0	0.0	0.0	91.475372	0.0	0.0	0.0	0.0	0.0	0.0	0.0	0.0	0.0	97.855995	0.0	0.0	0.0	97.847359	89.0084	0
0.0	95.36834	0.0	0.0	90.894073	0.0	0.0	0.0	0.0	95.522789	79.338531	0.0	89.267426	0.0	0.0	0.0	0.0	0.0	95.381744	0.0	0.0	0.0	0.0	0.0	0.0	95.422729	91.526489	0.0	0.0	93.04332	0.0	0.0	89.183975	0.0	0.0	0.0	0.0	95.589684	0.0	89.107674	89.313843	100.0	0.0	0.0	0.0	0.0	89.224548	0.0	0.0	0.0	0.0	0.0	0.0	0.0	91.538742	91.568314	91.737869	91.439697	95.454895	0.0	90.90152	0.0	89.253693	91.463074	0.0	0.0	89.210335	0.0	0.0	0.0	89.105812	91.742989	0.0	91.568954	89.274887	0.0	0.0	0.0	98.586136	96.07254	0.0	91.396698	91.592308	91.600174	0.0	89.287888	0.0	91.595741	89.066574	0.0	0.0	89.190544	0.0	95.919785	0.0	0.0	0.0	0.0	0.0	0.0	0.0	0.0	0.0	0.0	0.0	0.0	0.0	0.0	0.0	89.003922	0.0	0.0	0.0	0.0	0.0	0.0	0.0	0.0	0.0	89.094231	0.0	0.0	0.0	89.001785	95.375008	0
0.0	0.0	0.0	0.0	0.0	89.09005	0.0	0.0	0.0	0.0	0.0	0.0	0.0	0.0	0.0	0.0	96.097824	0.0	0.0	0.0	0.0	0.0	0.0	0.0	95.28038	0.0	0.0	0.0	0.0	0.0	0.0	0.0	0.0	0.0	0.0	89.425552	0.0	0.0	0.0	0.0	0.0	0.0	100.0	91.536453	0.0	0.0	0.0	0.0	95.5336	0.0	89.522522	91.560028	0.0	90.037354	0.0	0.0	0.0	0.0	0.0	0.0	0.0	0.0	0.0	0.0	0.0	0.0	0.0	93.455223	0.0	0.0	0.0	0.0	0.0	0.0	0.0	0.0	94.120537	0.0	0.0	0.0	0.0	0.0	0.0	0.0	0.0	0.0	0.0	0.0	0.0	0.0	0.0	0.0	0.0	0.0	0.0	0.0	0.0	90.853622	0.0	93.018707	0.0	0.0	0.0	0.0	93.210754	0.0	83.454704	0.0	0.0	0.0	0.0	90.025162	0.0	0.0	0.0	0.0	0.0	83.597549	0.0	0.0	0.0	0.0	82.722168	0.0	0.0	0
0.0	0.0	0.0	0.0	0.0	89.631111	0.0	0.0	0.0	0.0	0.0	0.0	0.0	0.0	0.0	0.0	91.444641	0.0	0.0	0.0	0.0	0.0	0.0	0.0	91.469147	0.0	0.0	0.0	0.0	0.0	0.0	0.0	0.0	0.0	0.0	89.825638	0.0	0.0	0.0	0.0	0.0	0.0	91.536453	100.0	0.0	0.0	0.0	0.0	91.626633	0.0	89.850883	91.219559	0.0	90.152367	0.0	0.0	0.0	0.0	0.0	0.0	0.0	0.0	0.0	0.0	0.0	0.0	0.0	91.269051	0.0	0.0	0.0	0.0	0.0	0.0	0.0	0.0	91.873993	0.0	0.0	0.0	0.0	0.0	0.0	0.0	0.0	0.0	0.0	0.0	0.0	0.0	0.0	0.0	0.0	0.0	0.0	0.0	0.0	91.130241	0.0	91.61731	0.0	0.0	0.0	0.0	91.519928	0.0	83.498924	0.0	0.0	0.0	0.0	90.421158	0.0	0.0	0.0	0.0	0.0	83.622467	0.0	0.0	0.0	0.0	82.688736	0.0	0.0	0
0.0	0.0	0.0	0.0	0.0	0.0	0.0	0.0	0.0	0.0	0.0	0.0	0.0	0.0	0.0	0.0	0.0	0.0	0.0	0.0	0.0	0.0	0.0	0.0	0.0	0.0	0.0	0.0	0.0	0.0	0.0	0.0	0.0	0.0	0.0	0.0	0.0	0.0	0.0	0.0	0.0	0.0	0.0	0.0	100.0	0.0	0.0	0.0	0.0	0.0	0.0	0.0	0.0	0.0	0.0	0.0	0.0	0.0	0.0	0.0	0.0	0.0	0.0	0.0	0.0	0.0	0.0	0.0	0.0	0.0	0.0	0.0	0.0	0.0	0.0	0.0	0.0	0.0	0.0	0.0	0.0	0.0	0.0	0.0	0.0	0.0	0.0	0.0	0.0	0.0	0.0	0.0	0.0	0.0	0.0	93.705109	0.0	0.0	0.0	0.0	0.0	0.0	0.0	0.0	0.0	0.0	0.0	0.0	0.0	0.0	0.0	0.0	0.0	0.0	0.0	0.0	0.0	0.0	0.0	0.0	0.0	82.909836	0.0	0.0	0.0	0
0.0	0.0	0.0	0.0	0.0	0.0	0.0	0.0	0.0	0.0	0.0	0.0	0.0	0.0	0.0	0.0	0.0	0.0	0.0	0.0	0.0	0.0	0.0	0.0	0.0	0.0	0.0	0.0	0.0	0.0	0.0	0.0	0.0	0.0	0.0	0.0	0.0	0.0	0.0	0.0	0.0	0.0	0.0	0.0	0.0	100.0	0.0	0.0	0.0	0.0	0.0	0.0	0.0	0.0	0.0	0.0	0.0	0.0	0.0	0.0	0.0	0.0	0.0	0.0	0.0	0.0	0.0	0.0	0.0	0.0	0.0	0.0	0.0	0.0	0.0	0.0	0.0	0.0	0.0	0.0	0.0	0.0	0.0	0.0	0.0	0.0	0.0	0.0	0.0	0.0	0.0	0.0	0.0	0.0	0.0	0.0	0.0	0.0	0.0	0.0	0.0	0.0	0.0	0.0	0.0	0.0	0.0	0.0	0.0	0.0	0.0	0.0	0.0	0.0	0.0	0.0	0.0	0.0	0.0	0.0	0.0	0.0	0.0	0.0	0.0	0
0.0	89.29673	0.0	0.0	88.776436	0.0	0.0	0.0	0.0	89.397316	79.066338	0.0	98.37262	0.0	0.0	0.0	0.0	0.0	89.538933	0.0	78.651474	0.0	0.0	0.0	0.0	88.855354	89.163422	0.0	0.0	88.898209	0.0	0.0	98.513748	0.0	0.0	0.0	0.0	89.441109	0.0	98.444427	97.913414	89.224548	0.0	0.0	0.0	0.0	100.0	0.0	0.0	0.0	0.0	0.0	0.0	0.0	89.235558	89.283386	89.38147	89.274643	89.461136	0.0	90.165482	0.0	97.909302	89.302437	0.0	78.647835	98.560928	0.0	0.0	0.0	98.186737	89.409218	78.773865	89.273209	97.963638	0.0	0.0	0.0	89.228882	89.217438	0.0	89.101395	89.37204	89.256943	0.0	97.926407	0.0	89.327095	91.567474	0.0	0.0	98.428314	0.0	89.184448	0.0	0.0	0.0	0.0	0.0	0.0	0.0	0.0	0.0	0.0	0.0	0.0	0.0	0.0	0.0	91.516434	0.0	0.0	0.0	0.0	0.0	0.0	0.0	0.0	0.0	98.322884	0.0	0.0	0.0	98.277199	88.868042	0
0.0	0.0	0.0	0.0	0.0	0.0	0.0	0.0	0.0	0.0	0.0	0.0	0.0	0.0	0.0	0.0	0.0	0.0	0.0	0.0	0.0	0.0	0.0	0.0	0.0	0.0	0.0	0.0	0.0	0.0	0.0	0.0	0.0	0.0	0.0	0.0	0.0	0.0	0.0	0.0	0.0	0.0	0.0	0.0	0.0	0.0	0.0	100.0	0.0	0.0	0.0	0.0	0.0	0.0	0.0	0.0	0.0	0.0	0.0	0.0	0.0	0.0	0.0	0.0	0.0	0.0	0.0	0.0	0.0	0.0	0.0	0.0	0.0	0.0	0.0	0.0	0.0	0.0	0.0	0.0	0.0	0.0	0.0	0.0	0.0	0.0	0.0	0.0	0.0	0.0	0.0	0.0	0.0	0.0	0.0	0.0	0.0	0.0	0.0	0.0	0.0	0.0	0.0	0.0	0.0	0.0	0.0	0.0	0.0	0.0	0.0	0.0	0.0	0.0	0.0	0.0	0.0	0.0	0.0	0.0	0.0	0.0	0.0	0.0	0.0	0
0.0	0.0	0.0	0.0	0.0	89.230499	0.0	0.0	0.0	0.0	0.0	0.0	0.0	0.0	0.0	0.0	95.053925	0.0	0.0	0.0	0.0	0.0	0.0	0.0	94.645248	0.0	0.0	0.0	0.0	0.0	0.0	0.0	0.0	0.0	0.0	89.678505	0.0	0.0	0.0	0.0	0.0	0.0	95.5336	91.626633	0.0	0.0	0.0	0.0	100.0	0.0	89.586151	91.917236	0.0	90.113541	0.0	0.0	0.0	0.0	0.0	0.0	0.0	0.0	0.0	0.0	0.0	0.0	0.0	93.774384	0.0	0.0	0.0	0.0	0.0	0.0	0.0	0.0	94.741936	0.0	0.0	0.0	0.0	0.0	0.0	0.0	0.0	0.0	0.0	0.0	0.0	0.0	0.0	0.0	0.0	0.0	0.0	0.0	0.0	91.143303	0.0	93.55735	0.0	0.0	0.0	0.0	93.574158	0.0	83.562088	0.0	0.0	0.0	0.0	90.191673	0.0	0.0	0.0	0.0	0.0	83.383636	0.0	0.0	0.0	0.0	82.710373	0.0	0.0	0
0.0	0.0	92.893181	92.452362	79.127068	0.0	0.0	81.106232	79.118134	0.0	93.426987	81.959396	0.0	0.0	0.0	88.373039	0.0	0.0	0.0	81.069016	82.125114	0.0	0.0	0.0	0.0	0.0	0.0	0.0	93.495071	0.0	0.0	0.0	0.0	92.520134	0.0	0.0	79.087097	78.92337	92.243637	0.0	0.0	0.0	0.0	0.0	0.0	0.0	0.0	0.0	0.0	100.0	0.0	0.0	0.0	0.0	0.0	0.0	0.0	0.0	0.0	0.0	0.0	94.33461	0.0	0.0	0.0	94.298828	0.0	0.0	82.293259	88.337906	0.0	0.0	92.90181	0.0	0.0	0.0	0.0	92.419807	0.0	0.0	96.581451	0.0	0.0	0.0	0.0	0.0	0.0	0.0	0.0	79.152336	0.0	0.0	81.445602	0.0	0.0	0.0	92.821213	0.0	0.0	0.0	95.169998	78.784126	0.0	81.0923	0.0	96.578377	0.0	94.176567	82.012749	0.0	0.0	0.0	0.0	0.0	0.0	0.0	78.98201	0.0	92.853378	0.0	88.278839	0.0	0.0	0.0	0.0	0
0.0	0.0	0.0	0.0	0.0	94.59494	0.0	0.0	0.0	0.0	0.0	0.0	0.0	0.0	0.0	0.0	89.591187	0.0	0.0	0.0	0.0	0.0	0.0	0.0	89.512024	0.0	0.0	0.0	0.0	0.0	0.0	0.0	0.0	0.0	0.0	94.324623	0.0	0.0	0.0	0.0	0.0	0.0	89.522522	89.850883	0.0	0.0	0.0	0.0	89.586151	0.0	100.0	89.742081	0.0	92.99852	0.0	0.0	0.0	0.0	0.0	0.0	0.0	0.0	0.0	0.0	0.0	0.0	0.0	89.52597	0.0	0.0	0.0	0.0	0.0	0.0	0.0	0.0	89.807083	0.0	0.0	0.0	0.0	0.0	0.0	0.0	0.0	0.0	0.0	0.0	0.0	0.0	0.0	0.0	0.0	0.0	0.0	0.0	0.0	90.887238	0.0	90.163116	0.0	0.0	0.0	0.0	89.977203	0.0	83.497177	0.0	0.0	0.0	0.0	93.264679	0.0	0.0	0.0	0.0	0.0	83.755814	0.0	0.0	0.0	0.0	82.618172	0.0	0.0	0
0.0	0.0	0.0	0.0	0.0	89.280182	0.0	0.0	0.0	0.0	0.0	0.0	0.0	0.0	0.0	0.0	91.497505	0.0	0.0	0.0	0.0	0.0	0.0	0.0	91.485245	0.0	0.0	0.0	0.0	0.0	0.0	0.0	0.0	0.0	0.0	89.58461	0.0	0.0	0.0	0.0	0.0	0.0	91.560028	91.219559	0.0	0.0	0.0	0.0	91.917236	0.0	89.742081	100.0	0.0	90.049591	0.0	0.0	0.0	0.0	0.0	0.0	0.0	0.0	0.0	0.0	0.0	0.0	0.0	91.429779	0.0	0.0	0.0	0.0	0.0	0.0	0.0	0.0	92.068085	0.0	0.0	0.0	0.0	0.0	0.0	0.0	0.0	0.0	0.0	0.0	0.0	0.0	0.0	0.0	0.0	0.0	0.0	0.0	0.0	91.545395	0.0	91.536102	0.0	0.0	0.0	0.0	91.527084	0.0	83.503235	0.0	0.0	0.0	0.0	90.05011	0.0	0.0	0.0	0.0	0.0	83.59642	0.0	0.0	0.0	0.0	82.646042	0.0	0.0	0
0.0	0.0	0.0	0.0	0.0	0.0	0.0	0.0	0.0	0.0	0.0	0.0	0.0	0.0	0.0	0.0	0.0	0.0	0.0	0.0	0.0	0.0	0.0	0.0	0.0	0.0	0.0	0.0	0.0	0.0	0.0	0.0	0.0	0.0	0.0	0.0	0.0	0.0	0.0	0.0	0.0	0.0	0.0	0.0	0.0	0.0	0.0	0.0	0.0	0.0	0.0	0.0	100.0	0.0	0.0	0.0	0.0	0.0	0.0	0.0	0.0	0.0	0.0	0.0	0.0	0.0	0.0	0.0	0.0	0.0	0.0	0.0	0.0	0.0	0.0	0.0	0.0	0.0	0.0	0.0	0.0	0.0	0.0	0.0	0.0	0.0	0.0	0.0	0.0	0.0	0.0	0.0	0.0	0.0	0.0	0.0	0.0	0.0	0.0	0.0	0.0	0.0	0.0	0.0	0.0	0.0	0.0	0.0	0.0	0.0	0.0	0.0	0.0	0.0	0.0	0.0	0.0	0.0	0.0	0.0	0.0	0.0	0.0	0.0	0.0	0
0.0	0.0	0.0	0.0	0.0	93.181503	0.0	0.0	0.0	0.0	0.0	0.0	0.0	0.0	0.0	0.0	90.142059	0.0	0.0	0.0	0.0	0.0	0.0	0.0	89.851112	0.0	0.0	0.0	0.0	0.0	0.0	0.0	0.0	0.0	0.0	93.91391	0.0	0.0	0.0	0.0	0.0	0.0	90.037354	90.152367	0.0	0.0	0.0	0.0	90.113541	0.0	92.99852	90.049591	0.0	100.0	0.0	0.0	0.0	0.0	0.0	0.0	0.0	0.0	0.0	0.0	0.0	0.0	0.0	90.217743	0.0	0.0	0.0	0.0	0.0	0.0	0.0	0.0	90.385406	0.0	0.0	0.0	0.0	0.0	0.0	0.0	0.0	0.0	0.0	0.0	0.0	0.0	0.0	0.0	0.0	0.0	0.0	0.0	0.0	90.585587	0.0	90.882912	0.0	0.0	0.0	0.0	90.721535	0.0	83.975723	0.0	0.0	0.0	0.0	94.77272	0.0	0.0	0.0	0.0	0.0	84.013367	0.0	0.0	0.0	0.0	82.714676	0.0	0.0	0
0.0	92.020821	0.0	0.0	94.967949	0.0	0.0	0.0	0.0	92.238319	79.331734	0.0	89.24884	0.0	0.0	0.0	0.0	0.0	92.208229	0.0	78.917419	0.0	0.0	0.0	0.0	90.87426	98.459053	0.0	0.0	91.00473	0.0	0.0	89.307648	0.0	0.0	0.0	0.0	92.266731	0.0	89.162933	89.387222	91.538742	0.0	0.0	0.0	0.0	89.235558	0.0	0.0	0.0	0.0	0.0	0.0	0.0	100.0	98.355408	96.43338	99.382874	92.22728	0.0	90.948021	0.0	89.217789	99.362061	0.0	0.0	89.217438	0.0	78.829697	0.0	89.223907	96.435638	0.0	98.556007	89.190376	0.0	0.0	0.0	91.554604	91.244415	0.0	97.141922	96.167343	97.450272	0.0	89.24617	0.0	97.241722	89.418732	0.0	0.0	89.238831	0.0	91.215942	0.0	0.0	0.0	0.0	0.0	0.0	0.0	0.0	0.0	0.0	0.0	0.0	0.0	0.0	78.905312	89.347244	0.0	0.0	0.0	0.0	0.0	0.0	0.0	0.0	0.0	89.174614	0.0	0.0	0.0	89.140755	90.950233	0
0.0	91.99791	0.0	0.0	94.984299	0.0	0.0	0.0	0.0	92.193489	79.112259	0.0	89.269684	0.0	0.0	0.0	0.0	0.0	92.195129	0.0	0.0	0.0	0.0	0.0	0.0	90.903793	98.304657	0.0	0.0	90.948227	0.0	0.0	89.2593	0.0	0.0	0.0	0.0	92.245346	0.0	89.199158	89.370285	91.568314	0.0	0.0	0.0	0.0	89.283386	0.0	0.0	0.0	0.0	0.0	0.0	0.0	98.355408	100.0	96.391556	98.595421	92.182106	0.0	90.957733	0.0	89.260269	98.581192	0.0	0.0	89.271294	0.0	0.0	0.0	89.292908	96.432205	0.0	98.661888	89.228531	0.0	0.0	0.0	91.500946	91.304688	0.0	97.097168	96.133469	97.371811	0.0	89.294647	0.0	97.175003	89.386192	0.0	0.0	89.273979	0.0	91.257156	0.0	0.0	0.0	0.0	0.0	0.0	0.0	0.0	0.0	0.0	0.0	0.0	0.0	0.0	0.0	89.363365	0.0	0.0	0.0	0.0	0.0	0.0	0.0	0.0	0.0	89.146713	0.0	0.0	0.0	89.131302	90.938965	0
0.0	92.19696	0.0	0.0	94.803711	0.0	0.0	0.0	0.0	92.336319	78.930191	0.0	89.363342	0.0	0.0	78.79554	0.0	0.0	92.341553	0.0	0.0	0.0	0.0	0.0	0.0	91.127228	96.307747	0.0	0.0	91.076797	0.0	0.0	89.366386	0.0	0.0	0.0	0.0	92.341171	0.0	89.232269	89.34256	91.737869	0.0	0.0	0.0	0.0	89.38147	0.0	0.0	0.0	0.0	0.0	0.0	0.0	96.43338	96.391556	100.0	96.43602	92.299118	0.0	91.067657	0.0	89.327698	96.446609	0.0	0.0	89.422333	0.0	0.0	0.0	89.314346	98.876602	78.893684	96.41127	89.419388	0.0	0.0	0.0	91.70166	91.464043	78.891991	96.13932	95.934021	96.298325	0.0	89.367844	0.0	96.307831	89.388268	0.0	0.0	89.377579	0.0	91.402847	0.0	0.0	0.0	0.0	0.0	0.0	0.0	0.0	0.0	0.0	0.0	0.0	0.0	0.0	0.0	89.395027	0.0	0.0	0.0	0.0	0.0	0.0	0.0	0.0	78.92308	89.325844	0.0	0.0	0.0	89.271973	91.190353	0
0.0	91.999123	0.0	0.0	94.985382	0.0	0.0	0.0	0.0	92.203537	79.322227	78.407608	89.306046	0.0	0.0	0.0	0.0	0.0	92.108627	0.0	78.715195	0.0	0.0	0.0	0.0	90.873833	98.467773	0.0	0.0	91.005798	0.0	0.0	89.337593	0.0	0.0	0.0	0.0	92.260681	0.0	89.169144	89.377106	91.439697	0.0	0.0	0.0	0.0	89.274643	0.0	0.0	0.0	0.0	0.0	0.0	0.0	99.382874	98.595421	96.43602	100.0	92.221527	0.0	90.921906	0.0	89.215759	99.996758	0.0	0.0	89.270416	0.0	0.0	0.0	89.235725	96.429642	0.0	98.613205	89.235703	0.0	0.0	0.0	91.535706	91.2341	0.0	97.270073	96.194832	97.439995	0.0	89.287231	0.0	97.264694	89.41954	0.0	0.0	89.287689	0.0	91.168823	0.0	0.0	0.0	0.0	0.0	0.0	0.0	0.0	0.0	0.0	0.0	0.0	0.0	0.0	78.872772	89.389442	0.0	0.0	0.0	0.0	0.0	0.0	0.0	0.0	0.0	89.183884	0.0	0.0	0.0	89.169815	90.926353	0
