1522758.3	132474.56	2676871.3	2898276.3	1054862.11	1888.64	1169025.9	54571.45	284034.3	1940.3	53451.4	40318.3	2717324.3	2726118.3	2801031.3	2582831.3	2730915.3	1306175.6	2684468.3	2662065.3	285578.12	1343740.29	1333528.4	1690221.3	1648182.5	2653200.3	1887.6	67294.3	1907.4	1984801.3	54571.47	1950.16	2305221.3	1546107.4	2099583.3	83656.9	2721244.3	59299.27	2684469.3	1854574.8	66871.3	1038929.12	2203205.3	68570.5	2072505.3	2282738.3	234612.4	68214.14	73044.12	2005885.3	1971.5	1906.17	193462.5	2742136.3	403935.6	38300.4	1413221.3	45398.9	2496836.3	1915.4	2710756.3	1888.31	264445.3	114686.5	164348.7	1885.4	1812480.3	1725411.3	1077946.3	2878388.11	1920.4	1882757.3	249586.4	1160718.9	42881.4	54571.46	1932.7	1905.9	2506427.3	2705439.3	443255.68	54571.11	2692234.3	67294.6	1893.7	2781734.3	285558.3	116188.4	47716.12	1929477.3	2420135.5	2801030.3	51201.9	67367.6	1214101.3	2293571.4	54571.44	1912.5	2825844.3	2772432.3	2306165.3	1079985.11	35621.24	73044.9	67267.5	2083284.3	2174846.3	1616117.8	67345.6	39478.4	862751.12	146923.5	2203210.3	2838015.3	1888.61	47760.6	2801029.3	48665.5	2495589.3	646637.3	553510.3	749414.3	2594454.3	285570.6	2135430.3	2585716.3	1437453.6	2742130.3	33900.7	1827580.3	83656.11	2750011.3	1855352.4	2801033.3	1577075.3	2714844.4	1967.6	2768068.3	67260.4	2855836.3	67263.32	2721173.3	316280.3	1535768.3	665577.7	2742137.3	2609808.3	1892.7	2136401.3	278992.5	2721246.3	2782004.3	455632.4	1442032.3	2109593.3	28894.3	2305220.3	2751189.3	2721245.3	2865673.3	68232.4	2175864.3	2049881.3	2840373.3	227882.62	67304.8	2184053.3	36818.16	424188.3	54571.48	2203204.3	1403539.3	33899.19	2692233.3	68209.3	2607753.3	54571.49	362257.4	2662397.3	2599401.3	1214242.5	1935.7	66425.3	2797636.3	202862.4	1912.57	2797167.3	457428.16	436397.4	319947.4	66374.6	2695266.3	1972846.3	68232.3	2768066.3	47763.39	2809700.4	371608.7	132473.7	1783515.3	58340.34	67296.3	2768069.3	2768067.3	54571.43	68203.15	1265399.3	1355015.12	80860.3	1977088.4	173860.4	1616117.3	1890.28	2866715.3	1223523.8	2838850.3	2686304.3	68270.5	1849967.7	1664033.3
100.0	80.749763	81.6026	81.552658	80.718277	79.389473	81.060471	81.23452	81.361671	81.146294	80.759056	80.634148	81.07412	81.085907	87.657715	81.028641	80.903214	80.723175	82.126198	81.066315	80.904221	79.898666	80.921867	81.168236	86.925491	80.665276	81.171463	82.12011	81.276245	79.787537	81.202515	81.585892	81.26915	80.692688	86.659622	80.090637	80.997635	81.120575	80.031631	81.381752	80.927513	80.557831	81.503677	80.590652	81.152451	80.950134	86.860107	80.862335	81.168655	81.904205	80.717636	81.306641	81.063507	80.472977	80.374443	81.526169	80.731766	81.003357	80.783592	80.701187	79.320824	80.690063	80.877609	81.004326	80.84655	81.24762	86.944885	80.788055	81.87323	78.47673	80.773056	81.02356	80.854416	80.703621	81.171188	81.212982	81.292191	82.415779	81.701691	81.063065	80.587372	82.102943	80.647675	81.848984	81.374817	80.873817	79.124046	80.928513	80.787048	79.77594	81.348999	80.606079	81.269127	82.267105	81.018997	80.632065	85.39003	80.021744	81.029877	81.872543	80.876862	80.995041	80.561966	81.257469	81.043159	81.174759	81.554962	82.057358	80.976746	81.749466	81.437874	81.128983	79.132698	81.12603	81.045547	80.80719	80.655029	79.193085	81.004547	80.980423	80.73703	79.912003	80.930878	81.093208	80.759674	81.368912	80.990433	80.08049	81.04512	81.253387	80.618729	80.352859	78.798424	81.857628	80.907295	81.288826	81.12114	81.360191	82.292015	81.839455	81.897858	80.951317	81.630157	81.841423	81.103271	80.124603	80.709953	81.710693	80.754089	81.077347	80.806229	79.126633	81.651337	80.889999	81.199821	81.333321	86.841507	81.115112	80.701996	80.665619	81.107979	79.128036	81.083191	81.836411	81.130936	81.126587	80.839233	87.059929	80.82724	82.090645	80.918564	80.79351	81.270081	81.185646	85.443832	87.178635	82.40625	82.208832	80.974136	80.366844	81.170822	81.777283	81.074615	80.682381	81.680206	80.78009	79.595421	81.136093	81.544556	80.951157	87.623894	81.025589	87.532211	81.275986	80.055557	80.880508	80.616135	79.979591	81.561096	81.157089	87.234184	81.567833	81.348145	80.825279	87.461365	81.315659	80.590492	80.387177	81.178474	82.133667	81.135468	81.224319	81.126228	80.767624	80.67907	81.354805	80.770996	80.877945	80.998581	81.793518
80.749763	100.0	80.913757	80.896935	80.392845	80.298279	80.476227	80.917694	82.024109	81.962891	80.801834	80.446503	80.645676	81.034515	80.750778	80.780396	80.715668	94.317451	81.179237	80.726593	84.124054	80.978439	80.385208	80.645866	80.672401	80.367424	80.96582	81.015549	81.09465	79.790054	81.010002	80.968109	80.9422	83.748405	80.336288	79.992645	80.533897	81.060478	80.499512	81.160301	80.818024	80.989799	81.233627	83.457352	80.907135	80.710648	80.862854	80.671059	81.0056	81.140594	83.526016	81.022446	80.668518	80.62175	81.179688	81.006607	80.610657	80.730972	80.492973	80.538055	80.036301	80.590042	80.670547	80.647354	80.699265	80.921661	80.886261	80.662292	81.151794	78.900757	83.865417	80.535309	80.34108	83.739861	80.906616	81.056442	80.953964	81.334824	80.993607	80.653854	80.194069	80.739624	83.866669	81.219742	80.846375	80.514893	79.547501	80.712288	80.705795	80.900391	80.654449	80.258698	81.957336	80.913986	80.647827	83.922546	80.800446	80.942062	80.766434	81.147614	80.402489	80.817322	81.363785	81.196808	80.880737	81.058868	80.905907	81.217072	80.619034	80.923836	80.851318	80.975052	79.652466	80.87455	80.922333	80.451569	80.258514	79.135956	80.552353	80.661636	83.689026	81.110298	80.368195	81.026138	80.295609	80.70871	80.884216	81.052811	80.803444	80.930283	80.161697	81.420937	78.633011	81.068314	80.778091	81.023071	80.882591	80.659683	81.285828	81.062119	81.204819	80.951454	80.962723	81.12854	81.05719	81.254883	80.333878	80.845764	80.667953	80.799118	80.385498	79.639847	81.001999	80.760452	80.902733	80.776505	80.689926	80.968765	83.512222	80.24263	80.902893	80.081329	80.918427	81.075928	80.854607	80.53035	80.493622	80.684662	80.458763	80.81665	80.647789	83.753143	80.773643	80.948174	80.673271	80.713089	80.990616	80.985611	80.574402	80.251358	80.947136	81.090462	81.76416	80.359985	81.179077	83.724426	79.604897	80.972595	81.090485	80.667679	80.738365	80.713051	80.668472	80.913719	79.857056	84.03167	80.270744	81.003082	81.184067	80.707169	80.635712	80.811722	80.86554	80.572189	80.810028	81.160019	83.65593	80.336517	80.979912	81.451859	81.688721	81.025665	80.798187	83.424767	81.508362	80.972916	80.654358	80.827972	81.080482	81.201118
81.6026	80.913757	100.0	82.291916	81.213394	79.629807	81.937576	81.731316	81.340599	81.146164	81.17231	81.008789	81.979996	81.511559	81.749985	81.202301	81.43222	80.87262	83.038742	81.555885	81.135696	80.288681	82.058228	82.268661	81.530533	81.158958	81.802391	82.336121	81.684921	80.17028	81.812248	87.926468	81.660385	81.027466	81.329994	80.573395	81.46981	81.641449	80.22084	81.843964	81.466736	80.877655	81.803543	80.902679	81.464333	81.861076	81.617149	81.319138	81.505981	82.44545	80.853058	81.793396	82.192726	80.824745	80.494308	93.224823	81.382248	81.251831	81.106964	81.236618	79.748169	80.878654	81.298363	81.422966	81.305466	81.557388	81.655525	81.373596	82.174133	78.735405	81.070244	81.256348	81.133347	80.930252	81.609863	81.821442	81.605316	83.352966	82.406235	82.182861	81.659241	82.551445	81.054626	82.555054	82.333878	81.260834	79.168304	81.431747	81.23481	80.254547	82.136795	81.076859	81.166702	82.672058	81.504593	80.970589	81.743355	80.335274	81.355988	82.480301	81.286781	81.424126	80.568108	81.555664	81.433746	81.702553	82.690491	83.296982	81.279419	82.174683	82.334343	81.639786	79.441559	81.361816	81.447723	81.300705	81.139732	79.121796	81.332306	81.271606	80.932343	80.386368	81.399216	81.716232	81.07795	81.941612	81.457687	80.329361	81.213455	81.698029	81.662384	80.575363	78.574524	82.398712	81.252518	81.673965	81.617874	83.978882	82.673759	82.583466	82.464081	81.282501	88.204529	84.205544	81.820198	80.708809	81.022545	82.469086	81.2995	81.47229	81.240662	79.290375	82.486099	81.157013	81.686172	82.027298	81.438095	81.327797	80.778015	81.074387	81.680069	79.554604	81.599716	82.401237	81.61293	81.15303	81.376717	81.751907	81.261414	82.557449	81.417023	80.939499	81.315605	81.324867	81.612785	81.618797	82.751114	82.57811	81.468155	81.633568	81.640961	82.263412	81.060303	81.304489	82.526794	81.036438	80.112534	81.572807	82.152985	81.525307	81.62175	81.409515	81.64328	81.656166	80.439636	81.090103	80.917435	80.095306	81.814514	81.38829	81.562027	82.375969	81.757584	81.257141	81.683792	81.840347	80.880493	80.788803	81.481499	83.291672	81.153137	81.692215	81.461548	80.915298	80.628403	81.750946	81.121872	81.351242	81.431381	82.482323
81.552658	80.896935	82.291916	100.0	81.251068	79.928055	81.476952	81.590355	81.397087	81.263107	81.336716	81.237999	81.82914	81.806549	81.473434	81.564758	81.606827	80.984352	82.820404	81.665268	81.046143	80.36496	81.362755	82.099724	81.644989	81.135231	82.030029	82.830101	81.945587	80.403641	81.538712	82.231033	81.782303	80.812439	81.119659	80.38739	81.126755	82.028778	80.784859	81.915535	81.414902	80.881241	81.746445	80.911148	81.754242	81.481094	81.700256	81.397385	81.791672	82.25782	80.943787	81.599167	81.550095	80.896713	81.108337	82.208801	81.270935	81.378983	81.165985	81.217651	79.702881	81.073532	81.620628	81.401054	81.492455	81.988571	81.617081	81.540955	81.925156	79.146362	81.038162	81.340179	81.154633	80.874771	81.767982	81.73204	81.86586	83.036636	82.024933	81.581116	81.367455	82.620895	80.933678	82.216644	81.717804	81.162598	79.515823	81.2995	81.562454	80.279732	81.711685	81.036758	81.413666	82.836121	81.555969	80.641609	81.616402	80.196793	81.55867	82.096542	81.199921	81.464417	81.021637	81.812141	81.434952	81.625702	82.511017	82.759911	81.495445	82.63298	81.9636	81.702682	79.825089	81.41304	81.664368	81.180527	81.058578	79.379501	81.248215	81.257263	80.92894	80.494064	81.128448	81.934738	81.081818	84.507767	81.998291	80.429886	81.419678	81.854195	81.433594	80.694016	78.749802	82.007568	81.528137	82.199005	81.269058	82.232849	83.396698	82.004517	82.055161	81.541328	82.260834	82.017288	82.053497	80.616379	81.259491	81.962616	81.178619	81.70108	81.23056	79.542358	82.176102	81.620407	81.931198	81.747971	81.661522	81.675629	80.584915	81.181702	82.103714	79.579819	81.460014	82.222794	81.345779	81.229027	81.282036	81.750137	81.399414	82.597641	81.609718	80.743561	81.517014	81.613495	81.994942	81.606941	82.712898	82.800507	81.178787	81.241821	81.758423	82.168816	81.396118	81.029839	82.200714	80.726151	80.372818	81.77066	92.113785	81.183273	81.43763	81.611076	81.501427	81.730225	80.878433	81.035828	80.782234	80.32251	81.81929	81.594955	81.806885	81.733231	81.623596	81.21965	81.452103	81.963547	80.535995	80.904205	81.708252	84.005096	81.349319	81.348915	81.707504	81.040817	81.233315	81.687241	81.266846	81.417236	81.657646	82.154709
80.718277	80.392845	81.213394	81.251068	100.0	79.395508	80.647614	82.121201	80.814651	80.70665	80.965431	82.936028	80.915649	83.43895	80.779617	82.919662	84.016037	80.411423	81.53775	83.336945	80.728935	80.03157	80.547836	80.905121	80.782211	90.334869	83.342499	81.410645	83.727753	80.110718	82.290176	81.19207	83.603157	80.491722	80.387062	80.394577	83.672989	83.516495	79.805542	82.290726	81.926651	80.248566	82.316788	80.472198	84.295219	80.805618	81.010162	83.372864	83.17543	81.254776	80.4216	82.128685	80.816132	81.184807	80.247528	81.279129	84.112907	83.253998	84.020233	84.2612	79.269485	81.298676	83.260834	83.926445	83.243416	83.830635	80.941734	83.881409	81.527695	78.376663	80.595306	84.077225	83.960274	80.481735	84.001495	82.174728	83.389572	81.688828	81.189148	80.770706	80.495506	81.348442	80.619537	81.389732	80.88427	84.049278	79.023605	84.049454	83.242905	79.943497	81.026062	89.82798	80.601151	81.485565	84.057106	80.499146	81.111862	80.047226	83.381882	81.212029	84.124268	84.188675	80.294876	82.997894	81.916603	83.423233	81.145813	81.508286	83.174942	81.266083	81.004173	83.539581	79.284271	84.188904	81.109909	83.89122	89.877029	78.792526	84.154175	83.68985	80.578445	80.088745	83.825523	83.562363	83.575157	80.91922	83.549065	79.877045	82.780281	83.798004	80.606445	80.388138	78.332855	81.298355	83.296013	83.974876	82.064789	81.180443	81.660828	81.373459	81.311157	83.060196	81.19873	81.433014	83.856903	80.222626	92.34436	81.065643	81.768196	83.41684	83.863098	79.078583	81.188965	83.173447	83.622955	81.00296	80.847725	82.909241	80.387154	90.172668	83.447113	79.169373	83.982956	81.289001	84.18914	83.994415	83.473389	80.925613	90.200409	81.422348	83.394844	80.53228	84.110092	82.928879	80.758339	80.802505	81.622009	81.368042	83.67337	80.411011	83.455353	81.140373	80.576462	83.935097	81.279236	80.472275	80.666534	83.496307	81.389862	82.066948	80.748871	87.631348	80.848984	83.966286	82.456963	80.675446	83.584389	79.762711	82.279465	83.954483	80.815262	81.02047	82.435524	83.846603	80.817856	83.959396	80.436989	82.364639	83.392288	81.692337	80.55584	82.094444	83.901932	80.48867	80.363914	82.247192	83.052292	81.951172	83.035492	81.344879
79.389473	80.298279	79.629807	79.928055	79.395508	100.0	79.426788	79.6875	80.27272	79.995255	79.825562	79.389877	79.381355	79.944656	79.424988	79.712326	79.553795	80.335037	79.627464	79.806046	80.242439	79.700562	79.352066	79.570892	79.437195	79.326218	79.892929	79.757431	80.082054	79.143005	79.752625	79.711212	79.866531	80.054657	79.093582	79.176018	79.182701	79.941986	79.873016	79.946457	79.456871	79.93515	79.753922	80.125183	79.691666	79.434578	79.559906	79.610504	80.088562	79.835381	80.098007	79.904648	79.513245	79.772232	80.758316	79.626083	79.533417	79.615036	79.295563	79.421448	80.469284	79.599838	79.587662	79.371002	79.48954	79.808746	79.518753	79.500275	79.80378	79.037628	80.209259	79.467484	79.315628	80.009491	79.793167	79.75972	79.858925	79.696236	79.677582	79.502495	79.340225	79.334549	80.246727	79.91597	79.521622	79.221161	79.600983	79.566132	79.678192	79.646049	79.496628	79.194092	80.162552	79.614418	79.546127	80.057114	79.772949	79.705307	79.778275	79.741104	79.432419	79.782303	79.942978	79.892334	79.533096	79.712524	79.787468	79.79277	79.629135	79.565102	79.669861	79.911346	79.311035	79.623779	80.034538	79.30233	79.292641	78.635727	79.279762	79.580299	80.383072	79.799545	79.306915	79.89241	79.33725	79.697197	79.860428	79.847061	79.66996	79.879105	79.35675	80.123428	77.996033	79.754143	79.63517	79.950836	79.449112	79.578415	79.66452	79.790665	79.849632	79.736633	79.76255	79.759888	79.954147	80.010162	79.358643	79.612244	79.540924	79.846405	79.223274	79.657021	79.762222	79.66246	79.997528	79.775291	79.674606	79.987015	79.983871	79.279633	79.863358	82.782684	79.519951	79.896988	79.425217	79.457199	79.600677	79.550987	79.367508	79.506371	79.834618	80.107643	79.500443	79.752213	79.595215	79.448586	79.571419	79.544899	79.358261	79.235847	79.77565	79.679626	80.189148	79.185928	79.871521	80.152771	79.145432	79.841736	79.987244	79.387657	79.344513	79.667534	79.469208	79.775787	79.049255	80.340912	79.151314	79.795052	79.831284	79.546707	79.470169	79.421249	79.595306	79.456863	79.488922	80.127586	80.017395	79.66095	79.848289	80.021774	80.040703	79.649086	79.681107	80.3032	80.065948	79.799805	79.470642	79.581055	79.945221	79.891327
81.060471	80.476227	81.937576	81.476952	80.647614	79.426788	100.0	81.149506	81.069595	80.777664	81.029228	80.393654	81.776245	80.921875	81.129166	80.768051	80.717072	80.473938	82.164749	81.050278	80.903679	79.953354	81.310204	81.269272	81.044266	80.433624	81.063751	81.759247	81.072906	79.923973	81.236763	82.038971	81.153725	80.66922	80.766342	80.493385	81.049744	81.108192	79.791275	81.418701	80.972931	80.46611	81.442062	80.406982	80.967361	81.503693	81.187714	80.554276	81.031067	84.464958	80.436264	81.443619	81.739044	80.354996	80.172043	81.987686	80.689514	80.832474	80.673058	80.742065	79.242615	80.609879	80.634819	80.765808	80.566208	81.059738	81.015854	80.839622	81.861328	78.531265	80.677155	80.648041	80.766556	80.636024	80.927383	81.368729	81.101402	82.171646	84.324966	81.851852	80.71991	82.011635	80.577805	84.628891	84.252701	80.778145	79.033043	80.79776	80.932861	79.86129	89.91996	80.609283	80.757141	81.887634	80.859802	80.588165	81.212952	79.795563	80.721329	84.67807	80.75943	80.859772	80.368126	81.019516	80.879654	81.160889	81.593506	82.204453	80.94339	81.511124	86.764519	81.203049	79.097168	80.856407	81.095612	80.964691	80.467575	78.798355	80.831619	80.851181	80.537094	79.954514	80.999252	81.017715	80.627258	81.267303	81.000626	80.074471	80.587601	81.168137	80.685928	80.263641	78.432869	84.696976	80.711533	81.060226	81.320671	81.861534	81.950867	84.666801	84.596741	80.820511	81.948639	82.376244	81.139008	80.127022	80.510605	84.630859	80.795654	80.995575	80.905792	79.041534	84.328598	80.815781	81.113998	85.821274	81.153099	80.713943	80.598251	80.556732	81.033661	79.091095	81.198364	84.316635	81.167633	80.901352	80.850563	81.221672	80.704987	81.794472	80.784859	80.565819	80.949112	80.782455	80.963226	81.080093	81.941643	82.073471	81.076416	80.651871	80.913605	84.155075	80.666512	80.786568	84.249451	80.872429	79.657753	81.188049	81.465263	81.319	81.118561	80.764221	81.086914	80.984039	80.041023	80.727249	80.6297	80.020119	81.407654	80.867264	81.110054	84.995277	81.179306	80.712448	81.178253	81.373505	80.575867	80.346664	80.776527	82.162895	80.770699	81.265289	80.854218	80.576172	80.380569	81.31501	80.629005	80.908089	80.942543	84.549446
81.23452	80.917694	81.731316	81.590355	82.121201	79.6875	81.149506	100.0	81.330482	81.165497	81.415215	81.655624	81.330055	82.123314	81.209106	81.884033	82.19516	80.894699	82.185966	82.400208	81.092445	80.300278	80.942932	81.15229	81.262878	82.06662	82.256454	81.875908	82.241119	80.609093	93.599762	81.660614	82.454865	80.782753	81.06662	81.196899	82.679688	82.297256	79.697868	87.577438	84.608353	80.372566	87.871689	80.751534	82.550674	81.117508	81.356667	82.006187	82.15712	81.974213	80.773094	87.189102	81.361656	81.35273	80.152786	81.73481	82.336166	82.108612	82.190811	82.101532	79.38179	81.517654	81.926468	82.184525	81.928299	82.399513	81.401825	82.34053	82.254807	78.500671	80.935043	82.166969	82.00425	80.769455	82.392975	94.072861	82.115463	82.344627	81.634171	81.253937	80.465775	81.963333	80.925674	82.049782	81.600845	82.274292	78.883209	82.275658	82.178444	80.167725	81.487381	81.905792	81.087555	82.025528	82.293915	80.874275	81.273056	80.092377	82.049904	82.022995	82.27298	82.419846	80.628204	81.995781	84.49736	82.397713	81.366592	82.169754	81.899826	81.627922	81.588806	82.489883	79.543533	82.425415	81.636154	82.667816	81.965897	78.708923	82.471573	82.358116	80.988373	80.180832	82.702133	82.31546	81.778587	81.363663	82.19545	80.264008	81.817627	82.549942	80.517494	80.513512	78.306641	81.870193	81.885452	82.507751	87.70726	81.406265	82.142906	81.927704	81.814087	81.923149	81.640282	82.08757	82.319649	80.244202	82.00808	81.761345	84.141983	82.320183	82.749779	79.06839	81.833664	81.772537	82.373749	81.186462	81.339119	81.855545	80.748871	81.87941	82.217896	79.383881	82.877777	81.88063	82.856323	82.122528	82.02948	81.339149	82.124176	82.065292	81.926918	80.905403	82.328064	81.914322	81.332611	81.240677	82.144264	81.943871	82.64904	80.431366	82.234665	81.788452	80.926453	82.638062	81.89267	80.875534	80.138168	82.320999	81.605698	85.557655	81.098831	82.252907	81.273132	82.248215	81.076538	81.090881	82.167839	79.995239	87.819611	82.277878	81.323463	81.655319	83.245438	82.324905	81.260841	82.577393	80.708603	81.218307	82.082764	82.276138	81.08345	87.782982	82.173859	80.943611	80.701218	87.668259	81.765182	84.314087	82.101379	81.941864
81.361671	82.024109	81.340599	81.397087	80.814651	80.27272	81.069595	81.330482	100.0	86.789062	81.198441	80.73819	81.071251	81.217133	81.192566	81.033829	80.816109	81.950806	81.525452	81.097763	82.119789	81.707863	80.841202	81.037247	81.320381	80.689377	81.181091	81.546715	81.236908	80.076096	81.297272	81.339111	81.197693	81.763588	80.854507	80.293335	80.918243	81.237503	80.566589	81.639374	81.196426	81.461243	81.458344	81.820786	81.084587	81.062775	81.322762	80.936287	81.488716	81.637917	82.032021	81.38533	80.968445	80.677109	81.276154	81.391098	80.895081	80.968292	80.713928	80.815231	80.078819	80.800781	80.870865	81.016296	80.793533	81.318573	81.31572	80.953552	81.529022	79.08342	81.806625	80.826981	80.652222	81.853088	81.136917	81.448853	81.192276	81.697052	81.466614	80.835999	80.638527	81.295639	81.918518	81.449203	81.119713	80.689713	79.78315	80.930702	80.951324	81.465042	81.119019	80.588898	84.984566	81.434113	80.93779	81.914536	81.295593	81.511505	80.983818	81.59642	80.677643	80.992805	83.669479	81.523293	81.107841	81.272171	81.218552	81.588516	80.849342	81.173218	81.29525	81.14682	79.97345	81.005905	81.150658	80.892639	80.647346	79.377609	80.842064	80.88649	82.028	81.534447	80.793449	81.170502	80.687683	81.195023	81.167915	81.369247	80.921608	81.090836	80.674072	81.984558	78.941376	81.555656	80.893097	81.331879	81.146408	81.316879	81.6577	81.462845	81.630783	80.904938	81.334427	81.491211	81.236923	81.765442	80.607407	81.371712	81.038788	81.021317	80.74369	79.570129	81.475861	81.104622	81.292618	81.27829	81.455719	80.963058	81.714279	80.652405	81.247513	79.986984	80.9907	81.485298	81.040573	80.993546	80.846573	81.392982	80.657173	81.29921	81.056816	82.054161	81.031639	81.15802	81.303642	81.178429	81.543533	81.473923	81.02359	80.549896	81.090347	81.449051	84.752106	80.871384	81.612976	81.95253	79.7575	81.18132	81.51152	81.086868	81.227753	80.880592	81.239532	81.034515	80.075897	82.23613	80.644119	81.167984	81.668152	80.947205	81.255692	81.174385	81.073822	80.788109	81.231522	81.411629	81.652924	80.475761	81.076965	81.852264	85.790283	81.227554	81.143814	81.86454	83.626801	81.317001	80.742226	81.233612	81.19902	81.567947
81.146294	81.962891	81.146164	81.263107	80.70665	79.995255	80.777664	81.165497	86.789062	100.0	80.949585	80.62989	80.958939	81.083282	81.274498	81.002556	80.814835	82.114746	81.498688	80.947838	81.906738	81.272842	80.733635	80.71254	81.253632	80.420258	80.990021	81.50779	81.105377	79.973221	81.12326	81.260864	81.066071	81.61055	80.86496	80.021126	80.772026	81.264511	80.570282	81.37487	80.935654	81.323822	81.367004	81.606583	80.95723	80.857201	81.200729	80.739647	81.31562	81.471642	81.744446	81.291672	80.761398	80.532623	81.113312	81.111031	80.640991	80.904099	80.585014	80.704102	79.794754	80.750504	80.779831	80.813828	80.781166	81.141701	81.276283	80.747147	81.523193	78.879654	81.766312	80.740837	80.541382	81.76091	81.007324	81.185806	81.002426	81.76638	81.387817	80.686775	80.414886	81.285538	81.897018	81.449768	81.018799	80.66124	79.664444	80.854713	80.865067	81.15448	81.13369	80.438324	85.091843	81.462082	80.723785	81.734924	81.188866	81.155342	80.920258	81.47287	80.726715	80.924278	83.507324	81.310425	80.921547	81.093262	81.122482	81.584457	80.75473	81.155106	81.241241	81.092178	79.705261	80.931168	81.178848	80.590179	80.501541	79.317001	80.753082	80.731453	81.925354	81.305695	80.6577	81.076248	80.613045	80.962425	80.985283	81.167068	80.934097	81.158279	80.512146	81.676941	78.924225	81.462692	80.809143	81.270302	81.053902	81.035057	81.609314	81.371452	81.583214	81.097809	81.243729	81.478882	81.22718	81.733765	80.572388	81.195343	80.931091	81.013977	80.560486	79.627075	81.364746	80.810425	81.201363	81.075706	81.215149	80.9319	81.533821	80.404816	81.16774	79.804733	80.898895	81.309799	80.832436	80.928894	80.71048	81.295273	80.729156	81.340591	80.841461	81.875885	81.019035	80.982864	81.338852	81.063072	81.645172	81.404335	80.800087	80.374901	80.957718	81.245049	84.820435	80.56324	81.471085	81.708626	79.619247	80.958893	81.250618	80.899948	81.218033	80.878937	81.142868	81.008301	79.929504	81.956177	80.533501	81.039429	81.412033	80.837723	81.326019	81.116135	81.1073	80.712189	81.077705	81.231354	81.606735	80.253754	81.004959	81.641418	86.219238	80.982285	81.052719	81.777328	83.543098	81.338043	80.741631	80.996803	81.069878	81.441025
80.759056	80.801834	81.17231	81.336716	80.965431	79.825562	81.029228	81.415215	81.198441	80.949585	100.0	80.844452	80.810577	81.464539	80.788696	81.246376	81.031944	80.845123	81.434464	81.820374	80.974869	80.059029	80.477142	80.901031	80.791229	80.882339	81.849213	81.792709	81.702843	80.876663	81.396088	81.1772	81.699326	80.608932	80.516006	81.017563	80.804153	81.678406	80.475861	81.716324	81.217201	80.822861	81.681175	80.741806	81.364563	80.677948	80.868355	80.987228	81.712204	81.784935	80.693039	81.690506	81.004364	80.972321	80.701355	81.21376	80.979202	81.561462	80.757614	80.957062	79.416718	81.482002	81.24823	81.130325	81.034943	81.550476	80.89621	81.232346	81.338486	78.938126	80.880936	81.079239	80.852722	80.856956	81.494049	81.476433	81.762848	81.507126	81.782059	80.907623	80.652061	81.230026	80.765556	81.901764	81.117859	80.881744	79.610611	81.023697	81.514999	79.982933	81.188316	80.807236	80.918243	81.397751	81.149269	80.493965	80.968567	80.020477	81.213196	81.776367	80.853233	81.147636	80.579483	81.73407	81.152618	81.762589	81.103378	81.345329	81.501389	81.327316	81.562187	81.708923	79.37899	81.190842	91.998611	80.98201	80.69532	79.080811	81.081116	81.283661	80.674126	79.952713	80.822113	81.753601	80.794067	81.188126	81.625214	80.306702	81.148354	81.462677	80.58773	80.344254	78.688995	81.729164	81.07016	81.690323	81.260529	81.37326	81.901596	81.769547	81.859375	81.139084	81.068527	80.797287	81.780563	80.316193	80.871216	81.529182	81.05722	81.595741	80.78334	79.48877	81.729309	81.198601	81.98378	81.51445	80.975998	81.276505	80.58075	80.852852	81.894424	79.714203	81.144623	81.731323	81.129654	81.056854	80.987305	81.044754	80.99662	81.246399	81.371864	80.529755	81.271416	81.334343	81.019875	80.844711	81.474052	81.425301	81.028519	80.501953	81.467567	81.838104	80.836365	80.787186	81.639603	80.663177	80.212753	81.674347	81.583191	80.982803	80.622482	81.368973	80.861984	81.457527	80.370499	80.816574	80.788635	80.191666	81.531342	81.100296	80.910927	81.012299	81.602951	80.979866	80.827309	81.807449	80.543556	80.742821	81.27211	81.695648	80.913071	81.346085	81.569763	80.930222	80.787086	81.508781	80.993942	81.204056	81.636139	81.954247
80.634148	80.446503	81.008789	81.237999	82.936028	79.389877	80.393654	81.655624	80.73819	80.62989	80.844452	100.0	80.643852	83.408081	80.676895	83.159348	83.530197	80.501709	81.185883	83.10537	80.740356	80.250351	80.779617	80.960274	80.684204	82.971985	83.241409	81.060959	83.477341	79.972977	81.664047	80.966293	83.319016	80.711533	80.332916	80.412476	83.450851	83.161926	79.881454	81.901581	81.64785	80.281738	81.974709	80.513657	83.524376	80.944214	80.817581	83.436996	83.140381	81.077652	80.629379	81.797546	80.689964	81.142395	80.308914	80.981018	83.393494	83.07695	83.106049	83.085228	79.246017	81.388397	83.320648	83.132797	83.234718	83.492828	80.675003	83.323647	81.346741	78.605438	80.695068	83.226959	83.066032	80.628548	83.55423	81.726028	83.177612	81.35067	80.971649	80.692841	80.609978	80.983215	80.567764	81.172318	80.909988	83.17572	79.126282	83.364769	82.840919	80.378906	80.839722	82.963776	80.79007	81.052681	83.423248	80.619766	80.948318	80.37532	83.304855	80.962631	83.163193	83.47464	80.514595	83.119499	81.562759	83.26754	81.232628	81.392593	82.925316	80.984192	81.034821	83.155518	79.194893	83.408989	81.007668	82.718201	82.923828	78.918526	83.181152	83.582291	80.644882	80.410736	83.384338	83.412094	82.809097	80.902969	83.508926	79.786201	83.150352	83.279938	80.500648	80.490829	78.622818	81.010498	83.313164	83.661743	81.601402	80.950714	81.229752	81.100365	81.109306	83.243378	81.012695	81.223022	83.8255	80.480072	82.837067	81.063301	81.552261	83.224518	83.432709	79.359833	81.056442	83.067818	83.443802	80.732803	80.702377	83.30246	80.65567	82.77301	83.095093	79.294373	83.67482	81.091202	84.241096	83.157555	83.280899	80.697067	82.833466	80.962891	83.160477	80.529572	83.281593	83.361511	80.642967	80.612434	81.15004	81.258041	83.370667	80.359024	83.386108	81.031609	80.713326	82.879791	81.037979	80.589027	81.011703	83.19957	81.038147	81.396324	80.75222	83.080643	80.681	83.400734	81.513908	80.719299	82.893234	79.816986	81.959755	83.211708	80.713692	80.852486	81.754379	83.131157	80.801804	83.661316	80.501312	82.494072	83.304611	81.478745	80.65361	81.589142	83.413223	80.499695	80.522079	81.7985	83.112701	81.636154	83.560669	81.133667
81.07412	80.645676	81.979996	81.82914	80.915649	79.381355	81.776245	81.330055	81.071251	80.958939	80.810577	80.643852	100.0	81.00943	81.197083	80.840225	80.999893	80.597931	82.306198	81.105576	80.768112	79.926735	84.271973	81.497528	81.148376	80.856781	81.307297	81.775314	81.188087	80.332375	81.343987	82.152023	81.223061	80.564507	80.8974	80.511612	81.096733	81.310974	79.711227	81.751259	81.173004	80.448822	81.58902	80.393051	81.204285	83.787292	81.303619	80.863678	81.277847	82.335678	80.478653	81.506592	83.221344	80.490021	80.272842	82.028244	80.884628	81.090393	80.766968	80.815742	79.433075	80.759872	80.802277	80.913925	80.693008	81.169647	81.246895	80.929527	81.883842	78.660553	80.640671	80.908554	80.863815	80.578247	81.167221	81.436699	81.201157	82.532532	82.288818	83.145844	80.93544	81.968018	80.530945	82.377274	81.934944	81.007492	79.132637	80.912384	80.954285	79.968918	82.068939	80.800217	80.990997	81.949768	81.055901	80.438187	81.127151	79.99704	80.921883	82.385818	80.897675	81.073967	80.537903	81.378693	81.106689	81.213989	81.811447	82.617615	80.87812	81.501633	82.24971	81.300797	79.47052	81.045883	81.099251	81.150269	80.738144	78.589142	81.026886	81.025726	80.474869	80.083038	81.089584	81.18589	80.749283	81.35405	81.120407	80.151321	80.774948	81.240669	81.052704	80.415588	78.204529	82.354538	80.782974	81.282654	81.260056	81.850151	82.251167	82.275299	82.370102	80.852333	82.136711	82.80101	81.215332	80.335312	80.872643	82.193741	80.95018	81.067612	81.017944	79.254333	82.17926	80.867439	81.182098	81.915344	81.117096	80.953918	80.496246	80.844803	81.281311	79.159615	81.278214	82.142365	81.262955	81.071136	81.045868	81.28891	80.922478	81.985374	81.007149	80.613785	81.032898	81.043747	81.086975	81.135658	82.089844	81.905624	81.148163	81.023666	81.031845	82.264816	80.870163	81.018784	82.516762	80.765121	79.583664	81.063873	81.820007	81.270798	81.221985	81.022697	81.142189	81.179459	80.367302	80.753906	80.967621	80.075485	81.657547	80.931602	81.036789	82.11747	81.260315	80.886749	81.334114	81.322601	80.460342	80.293015	80.865356	82.567291	80.853683	81.299347	81.076515	80.5541	80.498444	81.434898	80.750381	81.008987	81.123352	82.334763
81.085907	81.034515	81.511559	81.806549	83.43895	79.944656	80.921875	82.123314	81.217133	81.083282	81.464539	83.408081	81.00943	100.0	81.2565	86.753448	84.898781	80.939423	81.774307	84.574966	81.181686	80.426025	80.751007	81.283432	81.182182	83.299896	84.618576	81.877869	85.315292	80.393646	82.13382	81.479218	84.844894	80.74231	80.750542	80.591446	83.390266	84.588074	80.244247	82.616028	82.209167	80.62632	82.598381	80.916237	85.079575	80.829575	81.203278	87.352448	85.894669	81.50354	80.914169	82.488968	80.947075	81.507622	80.877747	81.550087	84.799675	84.430634	84.460419	84.568634	79.582047	81.581749	94.430473	84.580231	88.105652	85.841972	81.314384	85.157745	81.707306	78.714905	81.10717	84.692863	84.486725	80.862862	84.974197	82.190491	84.58667	81.981766	81.441612	80.888306	80.683853	81.675812	80.952324	81.606979	81.149719	84.626343	79.571754	84.868652	84.285248	80.267059	81.34549	83.337662	81.298584	81.795883	84.620377	80.782181	81.305695	80.295792	90.76326	81.429207	84.652061	85.003792	80.757927	85.755203	82.087776	84.618408	81.525528	81.837784	83.972305	81.683388	81.479141	84.722374	79.642967	84.824127	81.648094	83.197502	83.275162	79.241714	84.801895	84.867126	80.935211	80.425598	83.714767	84.976357	84.14241	81.579811	84.92971	80.320381	86.739243	84.851974	80.679688	80.753708	78.823769	81.433685	90.898514	85.39566	82.133041	81.450745	82.088661	81.452866	81.506577	89.425339	81.462723	81.498466	85.132599	80.576614	83.430954	81.167313	82.189789	84.660248	83.570007	79.363701	81.438576	89.090317	84.896957	81.186951	81.276855	87.14473	80.657501	83.209625	84.520126	79.720367	83.809387	81.492996	84.074211	84.65625	84.373947	81.3078	83.540909	81.64138	84.366821	80.93251	84.72438	86.874641	81.322678	81.089615	81.93808	81.983307	83.41217	80.482727	87.596664	81.380432	80.986603	83.20784	81.715759	80.827042	81.497101	84.778336	81.759979	81.89196	81.056175	83.856995	81.164597	84.796066	82.947113	81.175453	84.240616	80.211273	82.403244	84.741829	81.204285	81.08754	82.623627	84.572258	81.215027	84.974533	80.597969	86.355911	90.834259	82.104897	81.186783	82.141647	84.797256	81.107971	80.885193	82.460709	87.702606	82.275925	85.048523	81.496994
87.657715	80.750778	81.749985	81.473434	80.779617	79.424988	81.129166	81.209106	81.192566	81.274498	80.788696	80.676895	81.197083	81.2565	100.0	81.192024	81.100136	80.739388	82.440552	81.073601	80.987053	79.978729	80.897034	81.142586	88.457108	80.748505	81.268631	82.293289	81.419296	79.97525	81.289856	81.636368	81.290695	80.667496	87.410309	80.186707	81.18187	81.271637	80.110886	81.479218	80.983536	80.517197	81.554169	80.583069	81.202034	81.042435	88.261612	80.915909	81.408539	81.894028	80.783585	81.400574	81.074753	80.564941	80.5755	81.764236	81.115135	80.923492	80.965843	80.860901	79.318222	80.750931	81.00914	81.161743	80.998474	81.327347	88.463814	80.990158	81.906776	78.442245	80.85051	81.070114	81.026733	80.815033	81.200714	81.457924	81.320084	82.829773	81.799988	80.932793	80.747375	82.286858	80.856522	81.883362	81.40152	81.029289	79.18988	81.024033	80.995529	79.952797	81.446472	80.677322	81.25209	82.381393	81.07782	80.701096	85.801147	80.006927	81.179611	81.885498	81.148613	81.091835	80.641273	81.285202	80.936584	81.260811	81.532364	82.162636	80.878021	81.88974	81.524414	81.294174	79.105835	81.154739	81.169411	81.075439	80.62822	79.174026	81.112137	81.050995	80.721237	80.128189	81.116211	81.217285	80.850693	81.261642	81.157959	80.197899	81.019913	81.340393	80.672668	80.510895	78.906876	81.933701	80.977142	81.515594	81.227295	81.485626	82.456047	81.967751	82.046585	81.056877	81.763504	82.046806	81.337135	80.245087	80.757004	81.749268	80.900208	81.266632	81.0214	79.194618	81.828613	81.004402	81.32048	81.423271	87.105957	81.013779	80.634987	80.721405	81.284462	79.201035	81.244171	81.860962	81.354416	81.197571	80.870605	88.264359	80.941589	82.202423	80.936737	80.825722	81.283615	81.200089	85.376877	88.674286	82.502014	82.451324	81.252907	80.536484	81.289375	81.761421	81.002243	80.821091	81.715034	80.81076	79.770187	81.219612	81.628998	81.108757	89.114182	81.010391	89.37664	81.349533	80.131096	81.007393	80.912521	80.164703	81.495468	81.185699	87.381165	81.583374	81.371155	81.100891	89.113724	81.363556	80.660606	80.414154	81.159904	82.382927	81.212845	81.328201	81.261032	80.726509	80.562386	81.31266	80.96814	81.013908	81.101036	81.849396
81.028641	80.780396	81.202301	81.564758	82.919662	79.712326	80.768051	81.884033	81.033829	81.002556	81.246376	83.159348	80.840225	86.753448	81.192024	100.0	84.106522	80.863281	81.530388	83.94825	81.258865	80.239433	80.661636	81.030167	81.091782	82.939331	84.124535	81.80809	84.397797	80.320618	81.855835	81.285492	84.210434	80.80722	80.71032	80.471725	83.004814	84.070923	80.195709	82.382751	81.851959	80.556709	82.351189	80.845093	84.25634	80.897614	81.196312	85.878387	85.465378	81.475533	81.003738	82.159248	80.758476	81.475616	80.918839	81.205414	84.057251	84.029732	83.606865	83.89505	79.360649	81.750519	86.632095	83.979889	86.834175	84.720146	81.210693	84.141556	81.746437	78.786362	81.014877	84.028549	83.763138	80.883919	84.13472	81.953171	84.025253	81.650284	81.304077	80.80896	80.596832	81.412201	80.963562	81.518585	81.022629	84.01725	79.384506	84.031357	83.691841	80.368515	81.117348	82.749596	81.218216	81.574875	84.116272	80.709938	81.282074	80.272202	86.644577	81.458221	83.898788	84.239319	80.696136	85.585541	81.948044	84.121758	81.366745	81.709625	83.436935	81.625931	81.197769	83.940186	79.467819	83.995087	81.53643	82.643234	82.780624	79.299271	84.052231	84.211777	81.020691	80.146278	83.04641	84.272537	83.47998	81.220261	84.206726	80.245636	94.623734	84.167564	80.566971	80.578247	78.881615	81.421677	86.771744	84.666901	81.787903	81.348816	81.942276	81.348969	81.561996	86.442673	81.428909	81.264511	84.375435	80.589508	82.797424	81.244759	81.975876	83.932144	83.011574	79.391106	81.363098	86.344437	84.13446	81.055351	81.139496	90.022598	80.664299	82.820541	83.877014	79.67485	83.217255	81.432877	83.505424	83.99231	83.653442	81.189781	82.907211	81.391281	83.686935	80.77774	84.010452	94.920326	81.200737	81.106781	81.693802	81.703804	83.001472	80.522751	86.306702	81.494385	81.0961	82.601624	81.796967	80.842918	81.278671	83.981018	81.60038	81.594231	80.943527	83.351555	81.057037	84.37001	82.469635	81.126526	83.629303	80.273834	82.341919	83.890793	81.172615	80.981812	82.365707	83.961967	81.001007	84.317123	80.681931	84.89003	86.800049	81.856712	81.097649	81.873322	84.264595	81.038857	80.814102	82.040398	86.338303	82.064728	84.603546	81.444626
80.903214	80.715668	81.43222	81.606827	84.016037	79.553795	80.717072	82.19516	80.816109	80.814835	81.031944	83.530197	80.999893	84.898781	81.100136	84.106522	100.0	80.789139	81.635193	84.858315	81.145401	80.19841	80.801392	81.129288	80.898857	84.011429	84.614937	81.425568	86.14566	80.021996	82.25293	81.610352	85.092072	80.686981	80.568947	80.521912	83.822334	84.671387	80.011887	82.575089	82.290558	80.544983	82.541985	80.619354	86.126183	80.834518	81.073662	84.831131	84.010185	81.383774	80.565155	82.430199	80.937225	81.402863	80.642975	81.409332	86.185287	84.401749	85.919838	85.65596	79.47406	81.44735	84.834595	85.115746	84.892517	85.59272	81.029846	85.224899	81.473892	78.735481	80.922287	85.18631	85.097549	80.681961	91.082428	82.307861	84.721115	81.958771	81.243942	80.916351	80.507248	81.385574	80.734283	81.415649	81.060883	85.192383	79.206116	85.846085	84.462692	80.314606	80.919968	84.253273	80.911133	81.557495	85.661362	80.514374	81.069946	80.270592	84.841553	81.350395	85.256119	86.061417	80.566483	83.905243	82.273941	84.944473	81.753006	82.017097	84.34201	81.399788	81.060364	84.921577	79.636002	85.71344	81.323837	83.826271	84.410782	78.820328	85.463341	85.279518	80.818207	80.418137	84.173279	85.357635	84.467636	81.390396	85.32869	80.140472	84.043869	85.175461	80.494537	80.641724	78.494797	81.413643	85.007339	86.468765	82.276443	81.362961	81.76857	81.303246	81.415779	84.48053	81.511917	81.668999	85.717377	80.37236	83.907028	81.190186	82.078285	85.090347	84.059525	79.221649	81.226486	84.577026	85.157875	80.942093	80.960953	84.222382	80.646019	84.113846	84.659149	79.582413	84.605759	81.293427	84.561623	85.000694	86.943909	80.958649	84.227478	81.397858	84.82782	80.728607	85.20401	84.307228	81.106812	81.008224	81.668945	81.529938	83.729424	80.368256	84.912079	81.305466	80.805878	83.915245	81.430344	80.792145	81.483261	84.881866	81.594467	82.295776	80.92141	84.401451	80.966042	85.499588	83.061691	80.999908	84.403366	80.066528	82.484741	85.610466	80.82267	81.086273	82.379639	85.620605	80.962418	85.429016	80.633133	83.620384	85.012299	81.960808	80.832993	82.276627	84.952637	80.7099	80.550659	82.472214	84.609291	82.157837	84.381424	81.393555
