1408.269	2683680.3	561879.115	561879.233	1408.472	1408.91	2831519.3	561879.50	293387.40	1408.522	561879.214	561879.306	1408.517	2762327.3	561879.11	561879.15	293387.279	2842458.3	293389.28	293387.132	293387.167	1178537.6	293387.291	293387.283	293387.63	293387.68	293387.281	1408.132	561879.17	2812759.3	561879.307	1408.568	1408.258	1408.135	315750.8	1408.260	1408.111	1408.387	1408.193	1408.523	1178540.18	135461.245	1452.98	260554.78	1423.767	1423.1963	96241.50	483913.181	1423.1069	72361.11	72361.9	1052585.4	1239783.5	1423.884	1423.433	1423.418	492670.1626	1941347.3	659243.34	1402.264	1648923.222	1664069.7	119858.6	227866.22	260554.93	260554.51	2809036.3	1423.1833	2487276.10	2715209.8	1648923.279	1390.498	1452.36	1496303.3	2026193.15	1396.3701	2846779.3	1405.246	1405.257	2026189.5	2026190.16	1890302.165	1428.335	451709.7	1396.420	2026187.44	2026186.20	2026191.6	1415784.4	1428.1624	580165.49	64104.126	1405.13	2760090.3	2884832.3	2884833.3	2589818.4	2682541.3	1476724.4	2884834.3	2709784.3	2795526.3	1581038.3	2666127.3	486398.3	1565991.4	98228.3	1441095.3	1471.38	352858.3	2728853.3	1742359.7	1479.5	1547283.3	1705566.3	1679167.3	2799500.8	1783501.3	2011012.3	2014076.3	1455.14	2748178.3	1983719.3	1367477.3	2587848.3	2672567.5
100.0	89.609695	92.341171	92.270493	98.499496	89.441109	89.478889	92.165375	89.327103	99.350197	92.275429	92.200439	99.102661	92.267899	92.245346	92.220261	89.510338	92.266731	89.528717	89.429916	89.523804	89.592789	89.46273	89.482437	89.332626	89.313477	89.465446	89.391327	92.21875	92.347214	92.347534	91.63253	93.526566	99.306351	94.506073	94.490524	95.043396	95.027466	95.589684	95.506912	91.563889	78.950569	79.103531	78.939667	78.78463	0.0	0.0	0.0	0.0	78.840828	78.692024	78.92337	0.0	0.0	0.0	0.0	0.0	0.0	0.0	0.0	0.0	0.0	0.0	0.0	0.0	0.0	0.0	0.0	0.0	0.0	0.0	0.0	79.079788	78.818794	0.0	0.0	0.0	0.0	0.0	0.0	0.0	0.0	0.0	0.0	0.0	0.0	0.0	0.0	0.0	0.0	0.0	0.0	0.0	0.0	0.0	0.0	0.0	0.0	0.0	0.0	0.0	0.0	0.0	0.0	0.0	0.0	0.0	0.0	0.0	0.0	0.0	0.0	0.0	0.0	0.0	0.0	0.0	0.0	0.0	0.0	0.0	0.0	0.0	0.0	0.0	0.0
89.609695	100.0	89.395027	89.418007	89.486572	91.516434	91.4832	89.336784	91.441772	89.498947	89.436249	89.391182	89.31736	89.362961	89.363365	89.350677	91.553284	89.347244	91.644241	91.541946	91.503281	99.242447	91.517616	91.508453	91.444412	91.366531	91.5439	91.503036	89.37883	89.456696	89.461487	90.9814	88.761826	89.551987	88.536133	88.643753	88.931061	89.017731	89.003922	89.043312	89.078323	79.248825	0.0	0.0	78.885109	0.0	78.832489	79.081444	79.028748	79.108398	0.0	0.0	0.0	0.0	0.0	0.0	0.0	0.0	0.0	0.0	0.0	0.0	0.0	0.0	0.0	0.0	0.0	0.0	0.0	0.0	0.0	0.0	0.0	0.0	0.0	0.0	0.0	0.0	0.0	0.0	0.0	0.0	0.0	0.0	0.0	0.0	0.0	0.0	0.0	0.0	0.0	0.0	0.0	0.0	0.0	0.0	0.0	0.0	0.0	0.0	0.0	0.0	0.0	0.0	0.0	0.0	0.0	0.0	0.0	0.0	0.0	0.0	0.0	0.0	0.0	0.0	0.0	0.0	0.0	0.0	0.0	0.0	0.0	0.0	0.0	0.0
92.341171	89.395027	100.0	96.317505	92.299118	89.38147	89.422333	96.307747	89.271973	92.336319	96.433571	96.41127	92.19696	96.446609	96.391556	95.838242	89.363342	96.43338	89.477798	89.307846	89.314529	89.388268	89.419388	89.385834	89.257973	89.232269	89.358002	89.325844	96.13932	98.818222	98.876602	91.067657	91.076797	92.341553	91.127228	91.190353	91.464043	91.402847	91.737869	91.70166	94.803711	78.930191	0.0	78.79554	78.891991	78.817238	0.0	0.0	0.0	0.0	0.0	0.0	0.0	0.0	0.0	0.0	0.0	0.0	0.0	0.0	0.0	0.0	0.0	0.0	0.0	0.0	0.0	0.0	0.0	0.0	0.0	0.0	0.0	0.0	0.0	0.0	0.0	0.0	0.0	0.0	0.0	0.0	0.0	0.0	0.0	0.0	0.0	0.0	0.0	0.0	0.0	0.0	0.0	0.0	0.0	0.0	0.0	0.0	0.0	0.0	0.0	0.0	0.0	0.0	0.0	0.0	0.0	0.0	0.0	0.0	0.0	0.0	0.0	0.0	0.0	0.0	0.0	0.0	0.0	0.0	0.0	0.0	0.0	0.0	0.0	0.0
92.270493	89.418007	96.317505	100.0	92.275208	89.316643	89.331169	97.447968	89.147827	92.275246	97.450249	97.393303	92.087692	97.432434	97.347832	96.090118	89.290306	97.406418	89.309814	89.240387	89.241699	89.431976	89.32489	89.320114	89.166901	89.135376	89.310432	89.220642	97.384827	96.304939	96.327927	91.051537	91.040298	92.277878	90.930954	90.978859	91.390022	91.355011	91.659782	91.619156	94.986732	79.488258	78.94487	78.890549	0.0	0.0	0.0	0.0	0.0	0.0	0.0	0.0	0.0	79.055847	78.90712	0.0	0.0	0.0	0.0	0.0	0.0	0.0	0.0	0.0	0.0	0.0	0.0	0.0	0.0	0.0	0.0	0.0	0.0	0.0	0.0	0.0	0.0	0.0	0.0	0.0	0.0	0.0	0.0	0.0	0.0	0.0	0.0	0.0	0.0	0.0	0.0	0.0	0.0	0.0	0.0	0.0	0.0	0.0	0.0	0.0	0.0	0.0	0.0	0.0	0.0	0.0	0.0	0.0	0.0	0.0	0.0	0.0	0.0	0.0	0.0	0.0	0.0	0.0	0.0	0.0	0.0	0.0	0.0	0.0	0.0	0.0
98.499496	89.486572	92.299118	92.275208	100.0	89.461136	89.422165	92.116501	89.33419	98.466125	92.2173	92.178459	98.360489	92.220764	92.182106	92.173103	89.476433	92.22728	89.51297	89.446091	89.493149	89.559067	89.512161	89.474983	89.311279	89.283226	89.491806	89.356987	92.074539	92.31604	92.26651	91.628601	93.505966	98.573303	94.389603	94.35939	94.949524	94.880997	95.454895	95.424728	91.682205	79.311783	79.077057	78.891777	0.0	0.0	0.0	0.0	0.0	0.0	0.0	0.0	0.0	0.0	0.0	0.0	0.0	0.0	0.0	0.0	0.0	0.0	0.0	0.0	0.0	0.0	0.0	0.0	0.0	0.0	0.0	0.0	0.0	0.0	0.0	0.0	0.0	0.0	0.0	0.0	0.0	0.0	0.0	0.0	0.0	0.0	0.0	0.0	0.0	0.0	0.0	0.0	0.0	0.0	0.0	0.0	0.0	0.0	0.0	0.0	0.0	0.0	0.0	0.0	0.0	0.0	0.0	0.0	0.0	0.0	0.0	0.0	0.0	0.0	0.0	0.0	0.0	0.0	0.0	0.0	0.0	0.0	0.0	0.0	0.0	0.0
89.441109	91.516434	89.38147	89.316643	89.461136	100.0	98.560928	89.163422	98.277199	89.397316	89.288651	89.273209	89.29673	89.302437	89.283386	89.193542	98.37262	89.235558	98.262413	98.339294	98.371307	91.567474	97.963638	97.892845	98.199646	98.444427	98.346046	98.322884	89.101395	89.372116	89.409218	90.165482	88.898209	89.538933	88.855354	88.868042	89.217438	89.184448	89.224548	89.228882	88.776436	79.066338	78.651474	0.0	0.0	0.0	0.0	78.647835	0.0	0.0	0.0	0.0	0.0	0.0	0.0	0.0	0.0	0.0	0.0	0.0	0.0	0.0	0.0	0.0	0.0	0.0	0.0	0.0	0.0	0.0	0.0	0.0	78.729134	78.728279	0.0	0.0	0.0	0.0	0.0	0.0	0.0	0.0	0.0	0.0	0.0	0.0	0.0	0.0	0.0	0.0	0.0	0.0	0.0	0.0	0.0	0.0	0.0	0.0	0.0	0.0	0.0	0.0	0.0	0.0	0.0	0.0	0.0	0.0	0.0	0.0	0.0	0.0	0.0	0.0	0.0	0.0	0.0	0.0	0.0	0.0	0.0	0.0	0.0	0.0	0.0	0.0
89.478889	91.4832	89.422333	89.331169	89.422165	98.560928	100.0	89.098633	98.226318	89.432922	89.286362	89.23278	89.228256	89.307457	89.271294	89.173973	98.336372	89.217438	98.098709	98.312286	98.347504	91.433708	98.059639	98.012756	98.157982	98.332504	98.246841	98.188103	89.146317	89.383575	89.394119	90.161224	88.966827	89.482727	88.808075	88.890274	89.287369	89.272217	89.210335	89.20359	88.850403	79.123093	0.0	0.0	0.0	0.0	0.0	0.0	0.0	0.0	0.0	0.0	0.0	0.0	0.0	0.0	0.0	0.0	0.0	0.0	0.0	0.0	0.0	0.0	0.0	0.0	0.0	0.0	0.0	0.0	0.0	0.0	78.642258	78.704788	0.0	0.0	0.0	0.0	0.0	0.0	0.0	0.0	0.0	0.0	0.0	0.0	0.0	0.0	0.0	0.0	0.0	0.0	0.0	0.0	0.0	0.0	0.0	0.0	0.0	0.0	0.0	0.0	0.0	0.0	0.0	0.0	0.0	0.0	0.0	0.0	0.0	0.0	0.0	0.0	0.0	0.0	0.0	0.0	0.0	0.0	0.0	0.0	0.0	0.0	0.0	0.0
92.165375	89.336784	96.307747	97.447968	92.116501	89.163422	89.098633	100.0	89.089081	92.111023	98.508392	98.296066	91.996719	98.491318	98.304657	96.141243	89.14032	98.459053	89.154251	89.120949	89.159386	89.315414	89.152374	89.111877	89.152054	89.068832	89.132736	89.10836	97.279449	96.326538	96.331589	90.87587	90.909088	92.141586	90.807999	90.827423	91.173737	91.140564	91.526489	91.501595	95.015656	78.609245	78.047523	0.0	0.0	0.0	0.0	0.0	0.0	0.0	0.0	0.0	0.0	0.0	0.0	0.0	0.0	0.0	0.0	0.0	0.0	0.0	0.0	0.0	0.0	0.0	0.0	0.0	0.0	0.0	0.0	0.0	78.139282	78.08577	0.0	0.0	0.0	0.0	0.0	0.0	0.0	0.0	0.0	0.0	0.0	0.0	0.0	0.0	0.0	0.0	0.0	0.0	0.0	0.0	0.0	0.0	0.0	0.0	0.0	0.0	0.0	0.0	0.0	0.0	0.0	0.0	0.0	0.0	0.0	0.0	0.0	0.0	0.0	0.0	0.0	0.0	0.0	0.0	0.0	0.0	0.0	0.0	0.0	0.0	0.0	0.0
89.327103	91.441772	89.271973	89.147827	89.33419	98.277199	98.226318	89.089081	100.0	89.386658	89.137421	89.099731	89.210876	89.173363	89.131302	89.134354	98.339157	89.140755	98.039078	98.194046	98.316818	91.268707	97.9338	98.000076	98.19426	98.038635	98.247856	98.345932	88.978592	89.243332	89.283905	90.041946	88.76178	89.412697	88.756546	88.745544	89.138535	89.143158	89.001785	89.041779	88.615997	78.544266	78.169083	0.0	0.0	0.0	0.0	0.0	0.0	0.0	0.0	0.0	0.0	0.0	0.0	0.0	0.0	0.0	0.0	0.0	0.0	0.0	0.0	0.0	0.0	0.0	0.0	0.0	0.0	0.0	0.0	0.0	78.21978	78.204178	0.0	0.0	0.0	0.0	0.0	0.0	0.0	0.0	0.0	0.0	0.0	0.0	0.0	0.0	0.0	0.0	0.0	0.0	0.0	0.0	0.0	0.0	0.0	0.0	0.0	0.0	0.0	0.0	0.0	0.0	0.0	0.0	0.0	0.0	0.0	0.0	0.0	0.0	0.0	0.0	0.0	0.0	0.0	0.0	0.0	0.0	0.0	0.0	0.0	0.0	0.0	0.0
99.350197	89.498947	92.336319	92.275246	98.466125	89.397316	89.432922	92.111023	89.386658	100.0	92.212128	92.188225	99.051201	92.224335	92.193489	92.227623	89.47583	92.238319	89.574936	89.47049	89.452545	89.538399	89.426338	89.578575	89.345215	89.371025	89.482857	89.37899	92.154785	92.321281	92.270752	91.687103	93.619904	99.340027	94.482979	94.523216	95.075348	94.978836	95.522789	95.505142	91.621689	79.001755	79.16433	0.0	0.0	0.0	78.727394	0.0	0.0	0.0	0.0	0.0	0.0	0.0	0.0	0.0	0.0	0.0	0.0	0.0	0.0	0.0	0.0	0.0	0.0	0.0	0.0	0.0	0.0	0.0	0.0	0.0	0.0	78.891045	0.0	0.0	0.0	0.0	0.0	0.0	0.0	0.0	0.0	0.0	0.0	0.0	0.0	0.0	0.0	0.0	0.0	0.0	0.0	0.0	0.0	0.0	0.0	0.0	0.0	0.0	0.0	0.0	0.0	0.0	0.0	0.0	0.0	0.0	0.0	0.0	0.0	0.0	0.0	0.0	0.0	0.0	0.0	0.0	0.0	0.0	0.0	0.0	0.0	0.0	0.0	0.0
92.275429	89.436249	96.433571	97.450249	92.2173	89.288651	89.286362	98.508392	89.137421	92.212128	100.0	98.573303	92.027466	99.277	98.570641	96.216835	89.297874	99.197098	89.293961	89.217773	89.241837	89.422005	89.269501	89.319931	89.112625	89.148422	89.284668	89.173203	97.260574	96.453461	96.459167	90.931747	91.02179	92.211716	90.936104	90.961449	91.260643	91.272141	91.606514	91.526314	95.047485	79.395569	78.687828	0.0	0.0	0.0	0.0	0.0	0.0	0.0	0.0	0.0	78.430382	0.0	0.0	0.0	0.0	0.0	0.0	0.0	0.0	0.0	0.0	0.0	0.0	0.0	0.0	0.0	0.0	0.0	0.0	0.0	0.0	78.548691	0.0	0.0	0.0	0.0	0.0	0.0	0.0	0.0	0.0	0.0	0.0	0.0	0.0	0.0	0.0	0.0	0.0	0.0	0.0	0.0	0.0	0.0	0.0	0.0	0.0	0.0	0.0	0.0	0.0	0.0	0.0	0.0	0.0	0.0	0.0	0.0	0.0	0.0	0.0	0.0	0.0	0.0	0.0	0.0	0.0	0.0	0.0	0.0	0.0	0.0	0.0	0.0
92.200439	89.391182	96.41127	97.393303	92.178459	89.273209	89.23278	98.296066	89.099731	92.188225	98.573303	100.0	92.064911	98.609192	98.661888	96.130516	89.258392	98.556007	89.326088	89.222366	89.190453	89.440353	89.248688	89.259933	89.157646	89.100708	89.279259	89.174049	97.273865	96.411057	96.457558	90.934708	91.036377	92.222061	90.883621	90.975418	91.284355	91.272469	91.568954	91.502396	94.982567	79.417198	78.716423	0.0	0.0	0.0	0.0	0.0	0.0	0.0	0.0	0.0	0.0	0.0	0.0	0.0	0.0	0.0	0.0	0.0	0.0	0.0	0.0	0.0	0.0	0.0	0.0	0.0	0.0	0.0	0.0	0.0	0.0	78.864197	0.0	0.0	0.0	0.0	0.0	0.0	0.0	0.0	0.0	0.0	0.0	0.0	0.0	0.0	0.0	0.0	0.0	0.0	0.0	0.0	0.0	0.0	0.0	0.0	0.0	0.0	0.0	0.0	0.0	0.0	0.0	0.0	0.0	0.0	0.0	0.0	0.0	0.0	0.0	0.0	0.0	0.0	0.0	0.0	0.0	0.0	0.0	0.0	0.0	0.0	0.0	0.0
99.102661	89.31736	92.19696	92.087692	98.360489	89.29673	89.228256	91.996719	89.210876	99.051201	92.027466	92.064911	100.0	92.03299	91.99791	92.051239	89.295334	92.020821	89.290894	89.254089	89.237534	89.323471	89.224854	89.293968	89.201187	89.186966	89.276436	89.223816	91.936485	92.097931	92.106499	91.482956	93.406746	99.048813	94.265648	94.250534	94.901978	94.795898	95.36834	95.292572	91.465492	79.00412	0.0	0.0	0.0	0.0	0.0	0.0	0.0	0.0	0.0	0.0	0.0	0.0	0.0	0.0	0.0	0.0	0.0	0.0	0.0	0.0	0.0	78.368874	0.0	0.0	0.0	0.0	0.0	0.0	0.0	0.0	79.211662	0.0	0.0	0.0	0.0	0.0	0.0	0.0	0.0	0.0	0.0	0.0	0.0	0.0	0.0	0.0	0.0	0.0	0.0	0.0	0.0	0.0	0.0	0.0	0.0	0.0	0.0	0.0	0.0	0.0	0.0	0.0	0.0	0.0	0.0	0.0	0.0	0.0	0.0	0.0	0.0	0.0	0.0	0.0	0.0	0.0	0.0	0.0	0.0	0.0	0.0	0.0	0.0	0.0
92.267899	89.362961	96.446609	97.432434	92.220764	89.302437	89.307457	98.491318	89.173363	92.224335	99.277	98.609192	92.03299	100.0	98.581192	96.262512	89.282196	99.362061	89.289093	89.21315	89.202301	89.402557	89.263786	89.293625	89.142319	89.123413	89.218399	89.171608	97.265663	96.433029	96.448555	90.974709	91.000427	92.068588	90.90992	90.925964	91.315826	91.163078	91.463074	91.53006	94.985397	79.293297	0.0	0.0	0.0	78.919357	0.0	0.0	0.0	0.0	0.0	0.0	0.0	0.0	0.0	0.0	0.0	0.0	0.0	0.0	0.0	0.0	0.0	0.0	0.0	0.0	0.0	0.0	0.0	0.0	0.0	0.0	0.0	78.712303	0.0	0.0	0.0	0.0	0.0	0.0	0.0	0.0	0.0	0.0	0.0	0.0	0.0	0.0	0.0	0.0	0.0	0.0	0.0	0.0	0.0	0.0	0.0	0.0	0.0	0.0	0.0	0.0	0.0	0.0	0.0	0.0	0.0	0.0	0.0	0.0	0.0	0.0	0.0	0.0	0.0	0.0	0.0	0.0	0.0	0.0	0.0	0.0	0.0	0.0	0.0	0.0
92.245346	89.363365	96.391556	97.347832	92.182106	89.283386	89.271294	98.304657	89.131302	92.193489	98.570641	98.661888	91.99791	98.581192	100.0	96.173256	89.269684	98.355408	89.2845	89.261841	89.285645	89.386192	89.228531	89.268631	89.134338	89.199158	89.303833	89.146713	97.097168	96.394928	96.432205	90.957733	90.948227	92.195129	90.903793	90.938965	91.304688	91.257156	91.568314	91.500946	94.984299	79.112259	0.0	0.0	0.0	0.0	0.0	0.0	0.0	0.0	0.0	0.0	0.0	0.0	0.0	0.0	0.0	0.0	0.0	0.0	0.0	0.0	0.0	0.0	0.0	0.0	0.0	0.0	0.0	0.0	0.0	0.0	0.0	78.578667	0.0	0.0	0.0	0.0	0.0	0.0	0.0	0.0	0.0	0.0	0.0	0.0	0.0	0.0	0.0	0.0	0.0	0.0	0.0	0.0	0.0	0.0	0.0	0.0	0.0	0.0	0.0	0.0	0.0	0.0	0.0	0.0	0.0	0.0	0.0	0.0	0.0	0.0	0.0	0.0	0.0	0.0	0.0	0.0	0.0	0.0	0.0	0.0	0.0	0.0	0.0	0.0
92.220261	89.350677	95.838242	96.090118	92.173103	89.193542	89.173973	96.141243	89.134354	92.227623	96.216835	96.130516	92.051239	96.262512	96.173256	100.0	89.259415	96.189194	89.287628	89.175484	89.191971	89.406319	89.16626	89.178513	89.124557	89.066818	89.281021	89.168564	96.023575	95.884033	95.852325	91.035095	91.071213	92.215485	90.840347	90.843964	91.183533	91.229286	91.547882	91.536926	94.878387	79.303619	0.0	0.0	0.0	0.0	0.0	0.0	0.0	0.0	0.0	0.0	0.0	0.0	0.0	0.0	0.0	0.0	0.0	0.0	0.0	0.0	0.0	0.0	0.0	0.0	0.0	0.0	0.0	0.0	0.0	0.0	0.0	78.804657	0.0	0.0	0.0	0.0	0.0	0.0	0.0	0.0	0.0	0.0	0.0	0.0	0.0	0.0	0.0	0.0	0.0	0.0	0.0	0.0	0.0	0.0	0.0	0.0	0.0	0.0	0.0	0.0	0.0	0.0	0.0	0.0	0.0	0.0	0.0	0.0	0.0	0.0	0.0	0.0	0.0	0.0	0.0	0.0	0.0	0.0	0.0	0.0	0.0	0.0	0.0	0.0
89.510338	91.553284	89.363342	89.290306	89.476433	98.37262	98.336372	89.14032	98.339157	89.47583	89.297874	89.258392	89.295334	89.282196	89.269684	89.259415	100.0	89.24884	98.165283	98.348969	98.346603	91.583588	98.017883	97.964462	98.265121	98.378578	98.340446	98.32193	89.247223	89.349335	89.377472	90.055191	89.019882	89.537071	88.891647	88.861603	89.280762	89.264183	89.267426	89.218719	88.756836	79.15712	78.625641	0.0	0.0	0.0	0.0	0.0	0.0	0.0	0.0	0.0	0.0	0.0	0.0	0.0	0.0	0.0	0.0	0.0	0.0	0.0	0.0	0.0	0.0	0.0	0.0	0.0	0.0	0.0	0.0	0.0	78.809067	0.0	0.0	0.0	0.0	0.0	0.0	0.0	0.0	0.0	0.0	0.0	0.0	0.0	0.0	0.0	0.0	0.0	0.0	0.0	0.0	0.0	0.0	0.0	0.0	0.0	0.0	0.0	0.0	0.0	0.0	0.0	0.0	0.0	0.0	0.0	0.0	0.0	0.0	0.0	0.0	0.0	0.0	0.0	0.0	0.0	0.0	0.0	0.0	0.0	0.0	0.0	0.0	0.0
92.266731	89.347244	96.43338	97.406418	92.22728	89.235558	89.217438	98.459053	89.140755	92.238319	99.197098	98.556007	92.020821	99.362061	98.355408	96.189194	89.24884	100.0	89.269989	89.2211	89.256096	89.418732	89.190376	89.295303	89.174797	89.162933	89.274445	89.174614	97.141922	96.393753	96.435638	90.948021	91.00473	92.208229	90.87426	90.950233	91.244415	91.215942	91.538742	91.554604	94.967949	79.331734	78.917419	0.0	0.0	0.0	0.0	0.0	0.0	0.0	0.0	0.0	0.0	0.0	0.0	0.0	0.0	0.0	0.0	0.0	0.0	0.0	0.0	0.0	0.0	0.0	0.0	0.0	0.0	0.0	0.0	0.0	0.0	0.0	0.0	0.0	0.0	0.0	0.0	0.0	0.0	0.0	0.0	0.0	0.0	0.0	0.0	0.0	0.0	0.0	0.0	0.0	0.0	0.0	0.0	0.0	0.0	0.0	0.0	0.0	0.0	0.0	0.0	0.0	0.0	0.0	0.0	0.0	0.0	0.0	0.0	0.0	0.0	0.0	0.0	0.0	0.0	0.0	0.0	0.0	0.0	0.0	0.0	0.0	0.0	0.0
89.528717	91.644241	89.477798	89.309814	89.51297	98.262413	98.098709	89.154251	98.039078	89.574936	89.293961	89.326088	89.290894	89.289093	89.2845	89.287628	98.165283	89.269989	100.0	98.326065	98.145508	91.636726	97.778999	97.755615	97.921616	98.109314	98.287186	98.256393	89.17984	89.489716	89.483765	90.235077	88.942627	89.630112	88.916664	88.960754	89.354752	89.275375	89.315948	89.196579	88.7537	79.107788	78.67215	0.0	0.0	0.0	0.0	0.0	0.0	0.0	0.0	0.0	0.0	0.0	0.0	0.0	0.0	0.0	0.0	0.0	0.0	0.0	0.0	0.0	0.0	0.0	0.0	0.0	0.0	0.0	0.0	0.0	0.0	0.0	0.0	0.0	0.0	0.0	0.0	0.0	0.0	0.0	0.0	0.0	0.0	0.0	0.0	0.0	0.0	0.0	0.0	0.0	0.0	0.0	0.0	0.0	0.0	0.0	0.0	0.0	0.0	0.0	0.0	0.0	0.0	0.0	0.0	0.0	0.0	0.0	0.0	0.0	0.0	0.0	0.0	0.0	0.0	0.0	0.0	0.0	0.0	0.0	0.0	0.0	0.0	0.0
89.429916	91.541946	89.307846	89.240387	89.446091	98.339294	98.312286	89.120949	98.194046	89.47049	89.217773	89.222366	89.254089	89.21315	89.261841	89.175484	98.348969	89.2211	98.326065	100.0	98.409164	91.574493	97.918732	97.901566	98.084686	98.22496	98.390137	98.365784	89.103867	89.333702	89.340912	90.192276	88.947937	89.505013	88.831367	88.831512	89.293533	89.310501	89.220711	89.195641	88.756775	79.314224	78.6595	0.0	0.0	0.0	0.0	0.0	0.0	0.0	0.0	0.0	0.0	0.0	0.0	0.0	0.0	0.0	0.0	0.0	0.0	0.0	0.0	0.0	0.0	0.0	0.0	0.0	0.0	0.0	0.0	0.0	0.0	0.0	0.0	0.0	0.0	0.0	0.0	0.0	0.0	0.0	0.0	0.0	0.0	0.0	0.0	0.0	0.0	0.0	0.0	0.0	0.0	0.0	0.0	0.0	0.0	0.0	0.0	0.0	0.0	0.0	0.0	0.0	0.0	0.0	0.0	0.0	0.0	0.0	0.0	0.0	0.0	0.0	0.0	0.0	0.0	0.0	0.0	0.0	0.0	0.0	0.0	0.0	0.0	0.0
89.523804	91.503281	89.314529	89.241699	89.493149	98.371307	98.347504	89.159386	98.316818	89.452545	89.241837	89.190453	89.237534	89.202301	89.285645	89.191971	98.346603	89.256096	98.145508	98.409164	100.0	91.487587	98.005928	98.004868	98.129898	98.3228	98.30777	98.327019	89.167725	89.349884	89.38028	90.156494	88.878937	89.520248	88.862595	88.891602	89.285912	89.246651	89.167595	89.20829	88.706192	79.308014	78.591553	0.0	0.0	0.0	0.0	0.0	0.0	0.0	0.0	0.0	0.0	0.0	0.0	0.0	0.0	0.0	0.0	0.0	0.0	0.0	0.0	0.0	0.0	0.0	0.0	0.0	0.0	0.0	0.0	0.0	0.0	0.0	0.0	0.0	0.0	0.0	0.0	0.0	0.0	0.0	0.0	0.0	0.0	0.0	0.0	0.0	0.0	0.0	0.0	0.0	0.0	0.0	0.0	0.0	0.0	0.0	0.0	0.0	0.0	0.0	0.0	0.0	0.0	0.0	0.0	0.0	0.0	0.0	0.0	0.0	0.0	0.0	0.0	0.0	0.0	0.0	0.0	0.0	0.0	0.0	0.0	0.0	0.0	0.0
89.592789	99.242447	89.388268	89.431976	89.559067	91.567474	91.433708	89.315414	91.268707	89.538399	89.422005	89.440353	89.323471	89.402557	89.386192	89.406319	91.583588	89.418732	91.636726	91.574493	91.487587	100.0	91.480713	91.500984	91.419235	91.344238	91.555939	91.482727	89.341026	89.437866	89.532806	90.977158	88.822647	89.592422	88.604065	88.630722	88.93885	88.974869	89.066574	89.027618	89.089325	79.211365	0.0	0.0	79.025055	0.0	0.0	0.0	0.0	0.0	0.0	0.0	0.0	0.0	0.0	0.0	0.0	0.0	0.0	0.0	0.0	0.0	0.0	0.0	0.0	0.0	0.0	0.0	0.0	0.0	0.0	0.0	0.0	0.0	0.0	0.0	0.0	0.0	0.0	0.0	0.0	0.0	0.0	0.0	0.0	0.0	0.0	0.0	0.0	0.0	0.0	0.0	0.0	0.0	0.0	0.0	0.0	0.0	0.0	0.0	0.0	0.0	0.0	0.0	0.0	0.0	0.0	0.0	0.0	0.0	0.0	0.0	0.0	0.0	0.0	0.0	0.0	0.0	0.0	0.0	0.0	0.0	0.0	0.0	0.0	0.0
89.46273	91.517616	89.419388	89.32489	89.512161	97.963638	98.059639	89.152374	97.9338	89.426338	89.269501	89.248688	89.224854	89.263786	89.228531	89.16626	98.017883	89.190376	97.778999	97.918732	98.005928	91.480713	100.0	98.425827	98.035934	97.865158	97.943298	97.954163	89.091171	89.383682	89.404137	90.106049	88.881378	89.542244	88.869041	88.88134	89.392242	89.325287	89.274887	89.264267	88.769165	79.198746	0.0	0.0	0.0	0.0	0.0	0.0	0.0	0.0	0.0	0.0	0.0	0.0	0.0	0.0	0.0	0.0	0.0	0.0	0.0	0.0	0.0	0.0	0.0	0.0	0.0	0.0	0.0	0.0	0.0	0.0	0.0	0.0	0.0	0.0	0.0	0.0	0.0	0.0	0.0	0.0	0.0	0.0	0.0	0.0	0.0	0.0	0.0	0.0	0.0	0.0	0.0	0.0	0.0	0.0	0.0	0.0	0.0	0.0	0.0	0.0	0.0	0.0	0.0	0.0	0.0	0.0	0.0	0.0	0.0	0.0	0.0	0.0	0.0	0.0	0.0	0.0	0.0	0.0	0.0	0.0	0.0	0.0	0.0	0.0
89.482437	91.508453	89.385834	89.320114	89.474983	97.892845	98.012756	89.111877	98.000076	89.578575	89.319931	89.259933	89.293968	89.293625	89.268631	89.178513	97.964462	89.295303	97.755615	97.901566	98.004868	91.500984	98.425827	100.0	97.958511	97.786087	97.859589	97.893356	89.169647	89.337555	89.371964	90.143784	88.94101	89.560074	88.853912	88.875397	89.360992	89.308144	89.216705	89.27433	88.697968	78.970291	0.0	0.0	0.0	0.0	0.0	0.0	0.0	0.0	0.0	0.0	0.0	0.0	0.0	0.0	0.0	0.0	0.0	0.0	0.0	0.0	0.0	0.0	0.0	0.0	0.0	0.0	0.0	0.0	0.0	0.0	0.0	0.0	0.0	0.0	0.0	0.0	0.0	0.0	0.0	0.0	0.0	0.0	0.0	0.0	0.0	0.0	0.0	0.0	0.0	0.0	0.0	0.0	0.0	0.0	0.0	0.0	0.0	0.0	0.0	0.0	0.0	0.0	0.0	0.0	0.0	0.0	0.0	0.0	0.0	0.0	0.0	0.0	0.0	0.0	0.0	0.0	0.0	0.0	0.0	0.0	0.0	0.0	0.0	0.0
89.332626	91.444412	89.257973	89.166901	89.311279	98.199646	98.157982	89.152054	98.19426	89.345215	89.112625	89.157646	89.201187	89.142319	89.134338	89.124557	98.265121	89.174797	97.921616	98.084686	98.129898	91.419235	98.035934	97.958511	100.0	98.141167	98.168777	98.131638	89.109802	89.248108	89.290176	90.052246	88.903961	89.40834	88.727615	88.719467	89.219254	89.143387	89.069336	89.004097	88.702072	78.669907	0.0	0.0	0.0	0.0	0.0	0.0	0.0	0.0	0.0	0.0	0.0	0.0	0.0	0.0	0.0	0.0	0.0	0.0	0.0	0.0	0.0	0.0	0.0	0.0	0.0	0.0	0.0	0.0	0.0	0.0	0.0	0.0	0.0	0.0	0.0	0.0	0.0	0.0	0.0	0.0	0.0	0.0	0.0	0.0	0.0	0.0	0.0	0.0	0.0	0.0	0.0	0.0	0.0	0.0	0.0	0.0	0.0	0.0	0.0	0.0	0.0	0.0	0.0	0.0	0.0	0.0	0.0	0.0	0.0	0.0	0.0	0.0	0.0	0.0	0.0	0.0	0.0	0.0	0.0	0.0	0.0	0.0	0.0	0.0
89.313477	91.366531	89.232269	89.135376	89.283226	98.444427	98.332504	89.068832	98.038635	89.371025	89.148422	89.100708	89.186966	89.123413	89.199158	89.066818	98.378578	89.162933	98.109314	98.22496	98.3228	91.344238	97.865158	97.786087	98.141167	100.0	98.2547	98.295273	89.026627	89.163818	89.230003	89.993973	88.886734	89.351959	88.751144	88.783722	89.121307	89.12291	89.107674	89.063622	88.622604	78.587845	0.0	0.0	0.0	0.0	0.0	0.0	0.0	0.0	0.0	0.0	0.0	0.0	0.0	0.0	0.0	0.0	0.0	0.0	0.0	0.0	0.0	0.0	0.0	0.0	0.0	0.0	0.0	0.0	0.0	0.0	0.0	0.0	0.0	0.0	0.0	0.0	0.0	0.0	0.0	0.0	0.0	0.0	0.0	0.0	0.0	0.0	0.0	0.0	0.0	0.0	0.0	0.0	0.0	0.0	0.0	0.0	0.0	0.0	0.0	0.0	0.0	0.0	0.0	0.0	0.0	0.0	0.0	0.0	0.0	0.0	0.0	0.0	0.0	0.0	0.0	0.0	0.0	0.0	0.0	0.0	0.0	0.0	0.0	0.0
89.465446	91.5439	89.358002	89.310432	89.491806	98.346046	98.246841	89.132736	98.247856	89.482857	89.284668	89.279259	89.276436	89.218399	89.303833	89.281021	98.340446	89.274445	98.287186	98.390137	98.30777	91.555939	97.943298	97.859589	98.168777	98.2547	100.0	98.705643	89.198349	89.447952	89.430878	90.158592	88.863525	89.489403	88.810455	88.793335	89.264854	89.272232	89.191483	89.167496	88.760368	79.187202	0.0	0.0	0.0	0.0	0.0	0.0	0.0	0.0	0.0	0.0	0.0	0.0	0.0	0.0	0.0	0.0	0.0	0.0	0.0	0.0	0.0	0.0	0.0	0.0	0.0	0.0	0.0	0.0	0.0	0.0	0.0	0.0	0.0	0.0	0.0	0.0	0.0	0.0	0.0	0.0	0.0	0.0	0.0	0.0	0.0	0.0	0.0	0.0	0.0	0.0	0.0	0.0	0.0	0.0	0.0	0.0	0.0	0.0	0.0	0.0	0.0	0.0	0.0	0.0	0.0	0.0	0.0	0.0	0.0	0.0	0.0	0.0	0.0	0.0	0.0	0.0	0.0	0.0	0.0	0.0	0.0	0.0	0.0	0.0
89.391327	91.503036	89.325844	89.220642	89.356987	98.322884	98.188103	89.10836	98.345932	89.37899	89.173203	89.174049	89.223816	89.171608	89.146713	89.168564	98.32193	89.174614	98.256393	98.365784	98.327019	91.482727	97.954163	97.893356	98.131638	98.295273	98.705643	100.0	89.146103	89.372391	89.340134	90.076553	88.782677	89.42688	88.722321	88.784935	89.231743	89.227287	89.094231	89.100479	88.764664	78.63118	0.0	0.0	0.0	0.0	0.0	0.0	0.0	0.0	0.0	0.0	0.0	0.0	0.0	0.0	0.0	0.0	0.0	0.0	0.0	0.0	0.0	0.0	0.0	0.0	0.0	0.0	0.0	0.0	0.0	0.0	0.0	0.0	0.0	0.0	0.0	0.0	0.0	0.0	0.0	0.0	0.0	0.0	0.0	0.0	0.0	0.0	0.0	0.0	0.0	0.0	0.0	0.0	0.0	0.0	0.0	0.0	0.0	0.0	0.0	0.0	0.0	0.0	0.0	0.0	0.0	0.0	0.0	0.0	0.0	0.0	0.0	0.0	0.0	0.0	0.0	0.0	0.0	0.0	0.0	0.0	0.0	0.0	0.0	0.0
92.21875	89.37883	96.13932	97.384827	92.074539	89.101395	89.146317	97.279449	88.978592	92.154785	97.260574	97.273865	91.936485	97.265663	97.097168	96.023575	89.247223	97.141922	89.17984	89.103867	89.167725	89.341026	89.091171	89.169647	89.109802	89.026627	89.198349	89.146103	100.0	95.983734	96.136681	90.861649	91.02317	92.081863	90.964203	90.954834	91.136353	91.205307	91.396698	91.459122	94.844925	79.315201	0.0	0.0	0.0	0.0	0.0	0.0	0.0	0.0	0.0	0.0	0.0	0.0	0.0	0.0	0.0	0.0	0.0	0.0	0.0	0.0	0.0	0.0	0.0	0.0	0.0	0.0	0.0	0.0	0.0	0.0	0.0	0.0	0.0	0.0	0.0	0.0	0.0	0.0	0.0	0.0	0.0	0.0	0.0	0.0	0.0	0.0	0.0	0.0	0.0	0.0	0.0	0.0	0.0	0.0	0.0	0.0	0.0	0.0	0.0	0.0	0.0	0.0	0.0	0.0	0.0	0.0	0.0	0.0	0.0	0.0	0.0	0.0	0.0	0.0	0.0	0.0	0.0	0.0	0.0	0.0	0.0	0.0	0.0	0.0
92.347214	89.456696	98.818222	96.304939	92.31604	89.372116	89.383575	96.326538	89.243332	92.321281	96.453461	96.411057	92.097931	96.433029	96.394928	95.884033	89.349335	96.393753	89.489716	89.333702	89.349884	89.437866	89.383682	89.337555	89.248108	89.163818	89.447952	89.372391	95.983734	100.0	99.007339	90.994896	91.120865	92.340485	91.142845	91.143417	91.498413	91.42598	91.744911	91.72493	94.728485	79.195007	0.0	0.0	0.0	0.0	0.0	0.0	0.0	0.0	0.0	0.0	0.0	0.0	0.0	0.0	0.0	0.0	0.0	0.0	0.0	0.0	0.0	0.0	0.0	0.0	0.0	0.0	0.0	0.0	0.0	0.0	0.0	0.0	0.0	0.0	0.0	0.0	0.0	0.0	0.0	0.0	0.0	0.0	0.0	0.0	0.0	0.0	0.0	0.0	0.0	0.0	0.0	0.0	0.0	0.0	0.0	0.0	0.0	0.0	0.0	0.0	0.0	0.0	0.0	0.0	0.0	0.0	0.0	0.0	0.0	0.0	0.0	0.0	0.0	0.0	0.0	0.0	0.0	0.0	0.0	0.0	0.0	0.0	0.0	0.0
92.347534	89.461487	98.876602	96.327927	92.26651	89.409218	89.394119	96.331589	89.283905	92.270752	96.459167	96.457558	92.106499	96.448555	96.432205	95.852325	89.377472	96.435638	89.483765	89.340912	89.38028	89.532806	89.404137	89.371964	89.290176	89.230003	89.430878	89.340134	96.136681	99.007339	100.0	91.014549	91.159576	92.320419	91.167442	91.165024	91.459015	91.400856	91.742989	91.726166	94.815979	79.262329	0.0	0.0	0.0	0.0	0.0	0.0	0.0	0.0	0.0	0.0	0.0	0.0	0.0	0.0	0.0	0.0	0.0	0.0	0.0	0.0	0.0	0.0	0.0	0.0	0.0	0.0	0.0	0.0	0.0	0.0	0.0	0.0	0.0	0.0	0.0	0.0	0.0	0.0	0.0	0.0	0.0	0.0	0.0	0.0	0.0	0.0	0.0	0.0	0.0	0.0	0.0	0.0	0.0	0.0	0.0	0.0	0.0	0.0	0.0	0.0	0.0	0.0	0.0	0.0	0.0	0.0	0.0	0.0	0.0	0.0	0.0	0.0	0.0	0.0	0.0	0.0	0.0	0.0	0.0	0.0	0.0	0.0	0.0	0.0
91.63253	90.9814	91.067657	91.051537	91.628601	90.165482	90.161224	90.87587	90.041946	91.687103	90.931747	90.934708	91.482956	90.974709	90.957733	91.035095	90.055191	90.948021	90.235077	90.192276	90.156494	90.977158	90.106049	90.143784	90.052246	89.993973	90.158592	90.076553	90.861649	90.994896	91.014549	100.0	90.528946	91.719345	90.147842	90.223969	90.595871	90.604385	90.90152	90.899887	90.483673	79.077507	0.0	0.0	0.0	0.0	0.0	0.0	0.0	0.0	0.0	0.0	0.0	0.0	0.0	0.0	0.0	0.0	0.0	0.0	0.0	0.0	0.0	0.0	0.0	0.0	0.0	0.0	0.0	0.0	0.0	0.0	0.0	0.0	0.0	0.0	0.0	0.0	0.0	0.0	0.0	0.0	0.0	0.0	0.0	0.0	0.0	0.0	0.0	0.0	0.0	0.0	0.0	0.0	0.0	0.0	0.0	0.0	0.0	0.0	0.0	0.0	0.0	0.0	0.0	0.0	0.0	0.0	0.0	0.0	0.0	0.0	0.0	0.0	0.0	0.0	0.0	0.0	0.0	0.0	0.0	0.0	0.0	0.0	0.0	0.0
93.526566	88.761826	91.076797	91.040298	93.505966	88.898209	88.966827	90.909088	88.76178	93.619904	91.02179	91.036377	93.406746	91.000427	90.948227	91.071213	89.019882	91.00473	88.942627	88.947937	88.878937	88.822647	88.881378	88.94101	88.903961	88.886734	88.863525	88.782677	91.02317	91.120865	91.159576	90.528946	100.0	93.617752	92.404434	92.438141	92.825378	92.82074	93.04332	93.025223	90.564919	78.883728	0.0	0.0	0.0	0.0	0.0	0.0	0.0	0.0	0.0	0.0	0.0	0.0	0.0	0.0	0.0	0.0	0.0	0.0	0.0	0.0	0.0	0.0	0.0	0.0	0.0	0.0	0.0	0.0	0.0	0.0	0.0	0.0	0.0	0.0	0.0	0.0	0.0	0.0	0.0	0.0	0.0	0.0	0.0	0.0	0.0	0.0	0.0	0.0	0.0	0.0	0.0	0.0	0.0	0.0	0.0	0.0	0.0	0.0	0.0	0.0	0.0	0.0	0.0	0.0	0.0	0.0	0.0	0.0	0.0	0.0	0.0	0.0	0.0	0.0	0.0	0.0	0.0	0.0	0.0	0.0	0.0	0.0	0.0	0.0
99.306351	89.551987	92.341553	92.277878	98.573303	89.538933	89.482727	92.141586	89.412697	99.340027	92.211716	92.222061	99.048813	92.068588	92.195129	92.215485	89.537071	92.208229	89.630112	89.505013	89.520248	89.592422	89.542244	89.560074	89.40834	89.351959	89.489403	89.42688	92.081863	92.340485	92.320419	91.719345	93.617752	100.0	94.488861	94.512161	95.013718	94.865402	95.381744	95.47673	91.639175	79.201324	0.0	0.0	0.0	0.0	0.0	0.0	0.0	0.0	0.0	0.0	0.0	0.0	0.0	0.0	0.0	0.0	0.0	0.0	0.0	0.0	0.0	0.0	0.0	0.0	0.0	0.0	0.0	0.0	0.0	0.0	0.0	0.0	0.0	0.0	0.0	0.0	0.0	0.0	0.0	0.0	0.0	0.0	0.0	0.0	0.0	0.0	0.0	0.0	0.0	0.0	0.0	0.0	0.0	0.0	0.0	0.0	0.0	0.0	0.0	0.0	0.0	0.0	0.0	0.0	0.0	0.0	0.0	0.0	0.0	0.0	0.0	0.0	0.0	0.0	0.0	0.0	0.0	0.0	0.0	0.0	0.0	0.0	0.0	0.0
94.506073	88.536133	91.127228	90.930954	94.389603	88.855354	88.808075	90.807999	88.756546	94.482979	90.936104	90.883621	94.265648	90.90992	90.903793	90.840347	88.891647	90.87426	88.916664	88.831367	88.862595	88.604065	88.869041	88.853912	88.727615	88.751144	88.810455	88.722321	90.964203	91.142845	91.167442	90.147842	92.404434	94.488861	100.0	99.092194	95.436325	95.490631	95.422729	95.383087	90.237183	79.193497	0.0	0.0	0.0	0.0	0.0	0.0	0.0	0.0	0.0	0.0	0.0	0.0	0.0	0.0	0.0	0.0	0.0	0.0	0.0	0.0	0.0	0.0	0.0	0.0	0.0	0.0	0.0	0.0	0.0	0.0	0.0	0.0	0.0	0.0	0.0	0.0	0.0	0.0	0.0	0.0	0.0	0.0	0.0	0.0	0.0	0.0	0.0	0.0	0.0	0.0	0.0	0.0	0.0	0.0	0.0	0.0	0.0	0.0	0.0	0.0	0.0	0.0	0.0	0.0	0.0	0.0	0.0	0.0	0.0	0.0	0.0	0.0	0.0	0.0	0.0	0.0	0.0	0.0	0.0	0.0	0.0	0.0	0.0	0.0
94.490524	88.643753	91.190353	90.978859	94.35939	88.868042	88.890274	90.827423	88.745544	94.523216	90.961449	90.975418	94.250534	90.925964	90.938965	90.843964	88.861603	90.950233	88.960754	88.831512	88.891602	88.630722	88.88134	88.875397	88.719467	88.783722	88.793335	88.784935	90.954834	91.143417	91.165024	90.223969	92.438141	94.512161	99.092194	100.0	95.536575	95.515663	95.375008	95.419495	90.371834	79.311989	0.0	0.0	0.0	0.0	0.0	0.0	0.0	0.0	0.0	0.0	0.0	0.0	0.0	0.0	0.0	0.0	0.0	0.0	0.0	0.0	0.0	0.0	0.0	0.0	0.0	0.0	0.0	0.0	0.0	0.0	0.0	0.0	0.0	0.0	0.0	0.0	0.0	0.0	0.0	0.0	0.0	0.0	0.0	0.0	0.0	0.0	0.0	0.0	0.0	0.0	0.0	0.0	0.0	0.0	0.0	0.0	0.0	0.0	0.0	0.0	0.0	0.0	0.0	0.0	0.0	0.0	0.0	0.0	0.0	0.0	0.0	0.0	0.0	0.0	0.0	0.0	0.0	0.0	0.0	0.0	0.0	0.0	0.0	0.0
95.043396	88.931061	91.464043	91.390022	94.949524	89.217438	89.287369	91.173737	89.138535	95.075348	91.260643	91.284355	94.901978	91.315826	91.304688	91.183533	89.280762	91.244415	89.354752	89.293533	89.285912	88.93885	89.392242	89.360992	89.219254	89.121307	89.264854	89.231743	91.136353	91.498413	91.459015	90.595871	92.825378	95.013718	95.436325	95.536575	100.0	98.722076	96.07254	96.136963	90.636124	79.442963	0.0	0.0	0.0	0.0	0.0	0.0	0.0	0.0	0.0	0.0	0.0	0.0	0.0	0.0	0.0	0.0	0.0	0.0	0.0	0.0	0.0	0.0	0.0	0.0	0.0	0.0	0.0	0.0	0.0	0.0	0.0	0.0	0.0	0.0	0.0	0.0	0.0	0.0	0.0	0.0	0.0	0.0	0.0	0.0	0.0	0.0	0.0	0.0	0.0	0.0	0.0	0.0	0.0	0.0	0.0	0.0	0.0	0.0	0.0	0.0	0.0	0.0	0.0	0.0	0.0	0.0	0.0	0.0	0.0	0.0	0.0	0.0	0.0	0.0	0.0	0.0	0.0	0.0	0.0	0.0	0.0	0.0	0.0	0.0
95.027466	89.017731	91.402847	91.355011	94.880997	89.184448	89.272217	91.140564	89.143158	94.978836	91.272141	91.272469	94.795898	91.163078	91.257156	91.229286	89.264183	91.215942	89.275375	89.310501	89.246651	88.974869	89.325287	89.308144	89.143387	89.12291	89.272232	89.227287	91.205307	91.42598	91.400856	90.604385	92.82074	94.865402	95.490631	95.515663	98.722076	100.0	95.919785	96.119751	90.710022	79.352936	0.0	0.0	0.0	0.0	0.0	0.0	0.0	0.0	0.0	0.0	0.0	0.0	0.0	0.0	0.0	0.0	0.0	0.0	0.0	0.0	0.0	0.0	0.0	0.0	0.0	0.0	0.0	0.0	0.0	0.0	0.0	0.0	0.0	0.0	0.0	0.0	0.0	0.0	0.0	0.0	0.0	0.0	0.0	0.0	0.0	0.0	0.0	0.0	0.0	0.0	0.0	0.0	0.0	0.0	0.0	0.0	0.0	0.0	0.0	0.0	0.0	0.0	0.0	0.0	0.0	0.0	0.0	0.0	0.0	0.0	0.0	0.0	0.0	0.0	0.0	0.0	0.0	0.0	0.0	0.0	0.0	0.0	0.0	0.0
95.589684	89.003922	91.737869	91.659782	95.454895	89.224548	89.210335	91.526489	89.001785	95.522789	91.606514	91.568954	95.36834	91.463074	91.568314	91.547882	89.267426	91.538742	89.315948	89.220711	89.167595	89.066574	89.274887	89.216705	89.069336	89.107674	89.191483	89.094231	91.396698	91.744911	91.742989	90.90152	93.04332	95.381744	95.422729	95.375008	96.07254	95.919785	100.0	98.586136	90.894073	79.338531	0.0	0.0	0.0	0.0	0.0	0.0	0.0	0.0	0.0	0.0	0.0	0.0	0.0	0.0	0.0	0.0	0.0	0.0	0.0	0.0	0.0	0.0	0.0	0.0	0.0	0.0	0.0	0.0	0.0	0.0	0.0	0.0	0.0	0.0	0.0	0.0	0.0	0.0	0.0	0.0	0.0	0.0	0.0	0.0	0.0	0.0	0.0	0.0	0.0	0.0	0.0	0.0	0.0	0.0	0.0	0.0	0.0	0.0	0.0	0.0	0.0	0.0	0.0	0.0	0.0	0.0	0.0	0.0	0.0	0.0	0.0	0.0	0.0	0.0	0.0	0.0	0.0	0.0	0.0	0.0	0.0	0.0	0.0	0.0
95.506912	89.043312	91.70166	91.619156	95.424728	89.228882	89.20359	91.501595	89.041779	95.505142	91.526314	91.502396	95.292572	91.53006	91.500946	91.536926	89.218719	91.554604	89.196579	89.195641	89.20829	89.027618	89.264267	89.27433	89.004097	89.063622	89.167496	89.100479	91.459122	91.72493	91.726166	90.899887	93.025223	95.47673	95.383087	95.419495	96.136963	96.119751	98.586136	100.0	90.916214	79.458206	0.0	0.0	0.0	0.0	0.0	0.0	0.0	0.0	0.0	0.0	0.0	0.0	0.0	0.0	0.0	0.0	0.0	0.0	0.0	0.0	0.0	0.0	0.0	0.0	0.0	0.0	0.0	0.0	0.0	0.0	0.0	0.0	0.0	0.0	0.0	0.0	0.0	0.0	0.0	0.0	0.0	0.0	0.0	0.0	0.0	0.0	0.0	0.0	0.0	0.0	0.0	0.0	0.0	0.0	0.0	0.0	0.0	0.0	0.0	0.0	0.0	0.0	0.0	0.0	0.0	0.0	0.0	0.0	0.0	0.0	0.0	0.0	0.0	0.0	0.0	0.0	0.0	0.0	0.0	0.0	0.0	0.0	0.0	0.0
91.563889	89.078323	94.803711	94.986732	91.682205	88.776436	88.850403	95.015656	88.615997	91.621689	95.047485	94.982567	91.465492	94.985397	94.984299	94.878387	88.756836	94.967949	88.7537	88.756775	88.706192	89.089325	88.769165	88.697968	88.702072	88.622604	88.760368	88.764664	94.844925	94.728485	94.815979	90.483673	90.564919	91.639175	90.237183	90.371834	90.636124	90.710022	90.894073	90.916214	100.0	79.311646	78.71286	0.0	79.061661	0.0	79.164032	79.067505	0.0	78.711716	0.0	79.127068	78.188927	0.0	78.881454	0.0	0.0	0.0	0.0	0.0	0.0	0.0	0.0	79.196304	79.089165	79.174545	79.204689	79.048798	79.26339	79.271202	78.395683	78.686913	78.934494	78.873871	0.0	0.0	0.0	0.0	0.0	0.0	0.0	0.0	0.0	0.0	0.0	0.0	0.0	0.0	0.0	0.0	0.0	0.0	0.0	0.0	0.0	0.0	0.0	0.0	0.0	0.0	0.0	0.0	0.0	0.0	0.0	0.0	0.0	0.0	0.0	0.0	0.0	0.0	0.0	0.0	0.0	0.0	0.0	0.0	0.0	0.0	0.0	0.0	0.0	0.0	0.0	0.0
78.950569	79.248825	78.930191	79.488258	79.311783	79.066338	79.123093	78.609245	78.544266	79.001755	79.395569	79.417198	79.00412	79.293297	79.112259	79.303619	79.15712	79.331734	79.107788	79.314224	79.308014	79.211365	79.198746	78.970291	78.669907	78.587845	79.187202	78.63118	79.315201	79.195007	79.262329	79.077507	78.883728	79.201324	79.193497	79.311989	79.442963	79.352936	79.338531	79.458206	79.311646	100.0	82.120201	88.07637	93.013756	99.171158	93.054291	93.222366	93.154587	91.239044	91.304596	93.426987	82.00032	99.930344	93.237457	98.651855	81.354111	81.64183	81.303635	79.517166	79.391487	79.199127	78.855522	91.959824	88.103912	88.108688	95.620667	98.773621	92.776627	93.036118	79.275757	81.310654	82.246628	82.237869	0.0	0.0	0.0	0.0	0.0	0.0	0.0	0.0	0.0	0.0	0.0	0.0	0.0	0.0	0.0	0.0	0.0	0.0	0.0	0.0	0.0	0.0	0.0	0.0	0.0	0.0	0.0	0.0	0.0	0.0	0.0	0.0	0.0	0.0	0.0	0.0	0.0	0.0	0.0	0.0	0.0	0.0	0.0	0.0	0.0	0.0	0.0	0.0	0.0	0.0	0.0	0.0
79.103531	0.0	0.0	78.94487	79.077057	78.651474	0.0	78.047523	78.169083	79.16433	78.687828	78.716423	0.0	0.0	0.0	0.0	78.625641	78.917419	78.67215	78.6595	78.591553	0.0	0.0	0.0	0.0	0.0	0.0	0.0	0.0	0.0	0.0	0.0	0.0	0.0	0.0	0.0	0.0	0.0	0.0	0.0	78.71286	82.120201	100.0	82.645416	82.031105	81.650658	82.107239	82.284027	82.141968	81.68013	81.631668	82.125114	99.09758	81.610229	82.071777	81.690613	80.738907	80.768555	80.671036	79.016396	79.102615	78.966202	78.80835	81.789886	82.500664	82.526581	81.606232	81.669739	81.991371	82.068039	78.935043	80.775291	98.557472	98.405609	0.0	0.0	0.0	0.0	0.0	0.0	0.0	0.0	0.0	0.0	0.0	0.0	0.0	0.0	0.0	0.0	0.0	0.0	0.0	0.0	0.0	0.0	0.0	0.0	0.0	0.0	0.0	0.0	0.0	0.0	0.0	0.0	0.0	0.0	0.0	0.0	0.0	0.0	0.0	0.0	0.0	0.0	0.0	0.0	0.0	0.0	0.0	0.0	0.0	0.0	0.0	0.0
78.939667	0.0	78.79554	78.890549	78.891777	0.0	0.0	0.0	0.0	0.0	0.0	0.0	0.0	0.0	0.0	0.0	0.0	0.0	0.0	0.0	0.0	0.0	0.0	0.0	0.0	0.0	0.0	0.0	0.0	0.0	0.0	0.0	0.0	0.0	0.0	0.0	0.0	0.0	0.0	0.0	0.0	88.07637	82.645416	100.0	88.241829	87.430527	88.316345	88.567947	88.528915	87.198853	87.107361	88.373039	82.631439	87.457748	88.439674	87.463547	80.873016	80.99147	80.942886	78.917793	79.086823	78.965912	78.80574	87.402039	98.74353	99.352318	87.28405	87.535416	87.890465	88.12236	78.973175	81.017487	82.637787	82.58963	0.0	0.0	0.0	0.0	0.0	0.0	0.0	0.0	0.0	0.0	0.0	0.0	0.0	0.0	0.0	0.0	0.0	0.0	0.0	0.0	0.0	0.0	0.0	0.0	0.0	0.0	0.0	0.0	0.0	0.0	0.0	0.0	0.0	0.0	0.0	0.0	0.0	0.0	0.0	0.0	0.0	0.0	0.0	0.0	0.0	0.0	0.0	0.0	0.0	0.0	0.0	0.0
78.78463	78.885109	78.891991	0.0	0.0	0.0	0.0	0.0	0.0	0.0	0.0	0.0	0.0	0.0	0.0	0.0	0.0	0.0	0.0	0.0	0.0	79.025055	0.0	0.0	0.0	0.0	0.0	0.0	0.0	0.0	0.0	0.0	0.0	0.0	0.0	0.0	0.0	0.0	0.0	0.0	79.061661	93.013756	82.031105	88.241829	100.0	92.521767	99.997299	93.969772	93.822937	92.210175	92.25943	96.581451	81.853409	92.540131	93.935196	92.607162	81.089928	81.128586	81.257034	78.850204	79.310936	79.017731	78.928192	91.963982	88.27153	88.278091	92.203232	92.505814	93.289703	94.837425	78.994881	81.00116	82.057838	81.980576	0.0	0.0	0.0	0.0	0.0	0.0	0.0	0.0	0.0	0.0	0.0	0.0	0.0	0.0	0.0	0.0	0.0	0.0	0.0	0.0	0.0	0.0	0.0	0.0	0.0	0.0	0.0	0.0	0.0	0.0	0.0	0.0	0.0	0.0	0.0	0.0	0.0	0.0	0.0	0.0	0.0	0.0	0.0	0.0	0.0	0.0	0.0	0.0	0.0	0.0	0.0	0.0
0.0	0.0	78.817238	0.0	0.0	0.0	0.0	0.0	0.0	0.0	0.0	0.0	0.0	78.919357	0.0	0.0	0.0	0.0	0.0	0.0	0.0	0.0	0.0	0.0	0.0	0.0	0.0	0.0	0.0	0.0	0.0	0.0	0.0	0.0	0.0	0.0	0.0	0.0	0.0	0.0	0.0	99.171158	81.650658	87.430527	92.521767	100.0	92.491821	92.776428	92.696457	90.599625	90.69014	92.846878	81.583221	99.084976	92.704536	98.555466	81.020355	81.273933	81.20298	79.048492	79.193497	78.972229	79.042397	91.448776	87.296127	87.394135	95.191422	98.580307	92.256119	92.451065	79.240616	81.052841	81.693832	81.66967	0.0	0.0	0.0	0.0	0.0	0.0	0.0	0.0	0.0	0.0	0.0	0.0	0.0	0.0	0.0	0.0	0.0	0.0	0.0	0.0	0.0	0.0	0.0	0.0	0.0	0.0	0.0	0.0	0.0	0.0	0.0	0.0	0.0	0.0	0.0	0.0	0.0	0.0	0.0	0.0	0.0	0.0	0.0	0.0	0.0	0.0	0.0	0.0	0.0	0.0	0.0	0.0
0.0	78.832489	0.0	0.0	0.0	0.0	0.0	0.0	0.0	78.727394	0.0	0.0	0.0	0.0	0.0	0.0	0.0	0.0	0.0	0.0	0.0	0.0	0.0	0.0	0.0	0.0	0.0	0.0	0.0	0.0	0.0	0.0	0.0	0.0	0.0	0.0	0.0	0.0	0.0	0.0	79.164032	93.054291	82.107239	88.316345	99.997299	92.491821	100.0	93.93882	93.858871	92.19017	92.265053	96.573486	81.874161	92.513519	93.888618	92.610062	81.099564	81.169281	81.16655	78.797882	79.298073	79.1203	79.038452	92.032768	88.323235	88.307648	92.22493	92.541748	93.260979	94.864151	78.969978	81.003769	82.085075	82.021576	0.0	0.0	0.0	0.0	0.0	0.0	0.0	0.0	0.0	0.0	0.0	0.0	0.0	0.0	0.0	0.0	0.0	0.0	0.0	0.0	0.0	0.0	0.0	0.0	0.0	0.0	0.0	0.0	0.0	0.0	0.0	0.0	0.0	0.0	0.0	0.0	0.0	0.0	0.0	0.0	0.0	0.0	0.0	0.0	0.0	0.0	0.0	0.0	0.0	0.0	0.0	0.0
0.0	79.081444	0.0	0.0	0.0	78.647835	0.0	0.0	0.0	0.0	0.0	0.0	0.0	0.0	0.0	0.0	0.0	0.0	0.0	0.0	0.0	0.0	0.0	0.0	0.0	0.0	0.0	0.0	0.0	0.0	0.0	0.0	0.0	0.0	0.0	0.0	0.0	0.0	0.0	0.0	79.067505	93.222366	82.284027	88.567947	93.969772	92.776428	93.93882	100.0	98.072891	91.984901	92.108223	94.298828	82.132057	92.668823	98.16275	92.821449	81.268944	81.296387	81.441666	78.901154	79.100983	79.097572	79.225418	92.304474	88.524551	88.561295	92.417297	92.771561	93.672577	94.125801	79.098129	81.283524	82.284058	82.30072	0.0	0.0	0.0	0.0	0.0	0.0	0.0	0.0	0.0	0.0	0.0	0.0	0.0	0.0	0.0	0.0	0.0	0.0	0.0	0.0	0.0	0.0	0.0	0.0	0.0	0.0	0.0	0.0	0.0	0.0	0.0	0.0	0.0	0.0	0.0	0.0	0.0	0.0	0.0	0.0	0.0	0.0	0.0	0.0	0.0	0.0	0.0	0.0	0.0	0.0	0.0	0.0
0.0	79.028748	0.0	0.0	0.0	0.0	0.0	0.0	0.0	0.0	0.0	0.0	0.0	0.0	0.0	0.0	0.0	0.0	0.0	0.0	0.0	0.0	0.0	0.0	0.0	0.0	0.0	0.0	0.0	0.0	0.0	0.0	0.0	0.0	0.0	0.0	0.0	0.0	0.0	0.0	0.0	93.154587	82.141968	88.528915	93.822937	92.696457	93.858871	98.072891	100.0	91.958633	92.071686	94.171616	82.073425	92.639748	98.738022	92.824341	81.263649	81.359581	81.541359	78.929489	79.062691	78.946136	79.493713	92.243927	88.407997	88.515656	92.450851	92.72612	93.594978	94.101715	79.193893	81.164001	82.251503	82.313492	0.0	0.0	0.0	0.0	0.0	0.0	0.0	0.0	0.0	0.0	0.0	0.0	0.0	0.0	0.0	0.0	0.0	0.0	0.0	0.0	0.0	0.0	0.0	0.0	0.0	0.0	0.0	0.0	0.0	0.0	0.0	0.0	0.0	0.0	0.0	0.0	0.0	0.0	0.0	0.0	0.0	0.0	0.0	0.0	0.0	0.0	0.0	0.0	0.0	0.0	0.0	0.0
78.840828	79.108398	0.0	0.0	0.0	0.0	0.0	0.0	0.0	0.0	0.0	0.0	0.0	0.0	0.0	0.0	0.0	0.0	0.0	0.0	0.0	0.0	0.0	0.0	0.0	0.0	0.0	0.0	0.0	0.0	0.0	0.0	0.0	0.0	0.0	0.0	0.0	0.0	0.0	0.0	78.711716	91.239044	81.68013	87.198853	92.210175	90.599625	92.19017	91.984901	91.958633	100.0	98.998108	92.419807	81.620796	90.642334	92.051758	90.732727	80.816216	80.90123	81.09314	79.016861	79.161697	79.047066	78.94133	90.473999	87.151382	87.133774	90.497299	90.643303	91.592865	91.971802	79.19091	80.631012	81.826202	81.92218	0.0	0.0	0.0	0.0	0.0	0.0	0.0	0.0	0.0	0.0	0.0	0.0	0.0	0.0	0.0	0.0	0.0	0.0	0.0	0.0	0.0	0.0	0.0	0.0	0.0	0.0	0.0	0.0	0.0	0.0	0.0	0.0	0.0	0.0	0.0	0.0	0.0	0.0	0.0	0.0	0.0	0.0	0.0	0.0	0.0	0.0	0.0	0.0	0.0	0.0	0.0	0.0
78.692024	0.0	0.0	0.0	0.0	0.0	0.0	0.0	0.0	0.0	0.0	0.0	0.0	0.0	0.0	0.0	0.0	0.0	0.0	0.0	0.0	0.0	0.0	0.0	0.0	0.0	0.0	0.0	0.0	0.0	0.0	0.0	0.0	0.0	0.0	0.0	0.0	0.0	0.0	0.0	0.0	91.304596	81.631668	87.107361	92.25943	90.69014	92.265053	92.108223	92.071686	98.998108	100.0	92.452362	81.684334	90.727112	92.15596	90.775459	80.838516	81.064857	81.122574	79.019577	79.173416	79.019058	79.232101	90.515533	87.089485	87.16349	90.536285	90.716461	91.650421	92.093437	79.297852	80.835419	81.775818	81.775681	0.0	0.0	0.0	0.0	0.0	0.0	0.0	0.0	0.0	0.0	0.0	0.0	0.0	0.0	0.0	0.0	0.0	0.0	0.0	0.0	0.0	0.0	0.0	0.0	0.0	0.0	0.0	0.0	0.0	0.0	0.0	0.0	0.0	0.0	0.0	0.0	0.0	0.0	0.0	0.0	0.0	0.0	0.0	0.0	0.0	0.0	0.0	0.0	0.0	0.0	0.0	0.0
