48665.5	1855352.4	2203210.3	2710756.3	2175864.3	1888.43	2878388.11	285558.4	2782004.3	2768066.3	1355015.12	73044.12	73044.9	2751189.3	1928.32	2582831.3	2692233.3	1442032.3	2721173.3	2726118.3	264445.3	80860.3	2825844.3	1926.3	164348.7	2686304.3	68214.14	1214242.5	146923.5	2563602.3	278992.5	47716.12	2083284.3	457428.16	2662065.3	2742134.3	67345.6	1932.7	1887.6	59299.27	68232.4	2203204.3	665577.7	285570.6	68203.11	1783515.3	2838015.3	2072505.3	116188.4	1079985.11	1849967.7	45398.5	2809700.4	114686.5	33899.19	1890.28	2135430.3	1882757.3	249586.4	2184053.3	2730915.3	42881.4	1437453.6	1885.4	1907.4	2714844.4	1725411.3	646637.3	67304.8	2781734.3	2306165.3	1915.7	2495589.3	1214101.3	68232.3	1827580.3	2496836.3	1413221.3	2768067.3	2695266.3	2801030.3	2801029.3	1054862.11	2609809.3	2653200.3	2865673.3	424188.3	40318.15	47760.6	2797636.3	2594463.3	2721243.3	2721244.3	2662397.3	2049881.3	227882.62	67258.29	68202.59	2772432.3	67263.32	2748873.3	2840373.3	1664033.3	2005885.3	67294.6	2855836.3	1892.7	455632.4	1306175.6	132474.54	2692234.3	68570.35	2866715.3	2738410.3	553510.3	1403539.3	47763.27	58346.16	2721245.3	2293571.4	1938841.3	285578.13	1912.57	1920.4	47763.9	234612.4	2607753.3	1648182.5	1812480.3	2801031.3	1972846.3	66374.6	54571.43	2099583.3	2305220.3	58340.34	1522758.3	36818.16	54571.44	68209.3	319947.4	54571.45	54571.47	54571.46	1967.6	1616117.3	545123.5	2203205.3	132473.7	1854574.8	2838850.3	2768069.3	68270.4	2136401.3	66871.3	67267.5	39478.4	2684468.3	1905.9	67294.3	54571.11	54571.48	67260.4	953739.5	67367.6	362257.4	1169025.9	591167.6	862751.12	28894.3	202862.4	1893.7	67296.3	193462.5	2705439.3	2717324.3	1333528.4	2282738.3	2585716.3	2898276.3	436397.4	1690221.3	2174846.3	2768068.3	2676871.3	38300.11	1950.16	316280.3	1077946.3	1977088.4	1616117.8	1535768.3	2762559.4	1223523.8	51201.9	66425.3	173860.4	284034.3	1940.3	1901.27	83656.11	2599401.3	2692235.3	53451.4	2742136.3	1888.4	2797167.3	1984801.3	83656.9	2684469.3	1038929.12	403935.6	371608.7	2763006.3	476552.4	1343740.29	1912.5	92644.9	2750011.3	2742137.3
100.0	85.755295	78.20755	78.30957	78.350342	78.652504	77.994896	78.628174	78.532059	78.446976	78.967819	79.602242	79.522919	79.495811	79.400917	79.299271	79.420822	79.05941	79.154388	79.241714	79.111557	79.402298	79.228844	79.101944	79.203018	79.045456	79.040649	79.382736	79.328979	79.163773	78.960907	79.134857	79.228134	79.179367	79.182983	79.290787	79.096176	79.319305	79.439339	79.367622	79.390808	79.101913	79.3638	79.19812	79.481247	78.917809	78.917511	78.947937	78.855804	78.994408	79.303085	78.826225	78.701233	78.862396	78.923714	78.897995	78.746437	78.962631	78.756699	78.911484	78.820328	79.216904	79.093353	79.253647	79.110703	79.238686	78.870132	78.916618	79.060982	78.750351	78.90065	78.758881	78.758072	78.988739	79.097244	79.19593	78.771423	78.915703	78.77037	78.913254	78.523392	78.489967	78.792526	78.838913	78.606354	78.699234	78.738441	78.989082	78.678116	78.495438	78.684433	78.66671	78.774658	78.876816	78.88559	78.839485	79.167267	79.055412	79.14682	79.287727	79.083267	79.16748	79.147316	79.263535	79.222839	79.156784	78.994278	79.114487	79.065964	79.106544	79.311325	79.445145	79.488892	79.352509	79.230026	79.171196	78.996826	79.060776	79.025436	79.111488	79.083694	79.560486	79.059464	79.221741	79.350388	79.206505	79.214264	79.185013	79.169754	79.174026	79.254929	79.159775	79.233749	78.891357	79.335251	79.228043	79.193085	79.289932	79.424393	79.27433	78.616989	78.708923	78.683578	78.875656	78.717331	78.772522	78.820847	78.945572	78.997635	78.953064	78.733582	79.007271	78.646019	78.586792	78.711502	78.657623	79.426743	79.247597	79.319153	79.38765	79.193787	79.271835	79.430099	79.303131	79.343246	79.332947	78.798355	78.906082	79.138962	79.13176	79.088257	79.012878	78.978973	78.646988	78.644333	78.589142	78.530167	78.506531	79.087555	79.379501	79.446167	78.945374	79.135414	79.12114	79.121796	79.116386	79.147812	79.043221	79.183197	79.248505	79.155533	79.043243	79.353516	79.457588	79.522614	79.419266	79.366394	79.377609	79.317001	78.888016	78.680573	78.553879	79.17984	79.080811	79.131386	79.041351	78.499374	78.210571	78.128143	79.8853	79.154099	79.409134	78.876312	79.058044	78.765259	78.733948	78.779251	78.654526	78.887154	79.163696
85.755295	100.0	77.696945	77.946297	78.012772	78.016678	77.574234	78.236938	78.312714	78.023186	78.464355	79.050095	79.128159	78.844284	78.783264	78.881615	78.840904	78.542953	78.776718	78.823769	78.54982	78.771812	78.588783	78.602997	78.554909	78.589951	78.415344	78.788002	78.68219	78.849716	78.725235	78.561485	78.756424	78.678413	78.582527	78.687553	78.609039	78.899155	78.749947	78.847305	78.7267	78.59816	78.833466	78.712746	78.957359	78.518318	78.499634	78.58934	78.407402	78.432388	79.091324	78.56665	78.120773	78.456238	78.573692	78.580399	78.220917	78.318001	78.272232	78.397659	78.494797	78.691261	78.603012	78.776505	78.878265	78.858124	78.51265	78.471771	78.5	78.416794	78.521927	78.336563	78.387375	78.54689	78.800369	78.739944	78.229797	78.377983	78.418121	78.506561	78.071327	78.083344	78.332855	78.392761	78.149765	78.345467	78.354248	78.644501	78.246964	78.041771	78.125626	78.119606	78.392197	78.504951	78.448647	78.473488	79.049408	78.726624	78.841202	78.930771	78.672623	78.66256	78.793159	79.011871	78.753525	78.838089	78.739365	78.797852	78.524284	78.696075	78.634857	78.727753	78.723114	78.71846	78.62027	78.609055	78.558228	78.596237	78.594315	78.467529	78.582222	78.947372	78.714386	78.672691	78.711784	78.8508	79.090118	78.846283	78.9729	78.906876	78.880875	78.812233	78.991074	78.677002	78.865372	78.844101	78.798424	78.805817	78.916321	78.815002	78.142921	78.306641	78.39373	78.433395	78.272087	78.336525	78.448135	78.511002	78.529541	78.402847	78.325333	78.570587	78.195976	78.094727	78.211143	78.182961	78.856735	78.913574	78.942146	78.967728	78.889465	78.895599	79.14399	78.925751	78.782593	78.824791	78.432869	78.650787	78.659088	78.576569	78.812538	78.539444	78.557533	78.292252	78.43222	78.204529	78.158005	78.282326	78.574387	78.749802	79.021965	78.456741	78.851349	78.688965	78.574524	78.520699	78.554359	78.637482	78.90258	78.824654	78.718826	78.584335	78.899719	78.837326	79.091324	79.098	79.005333	78.941376	78.924225	78.277283	78.296097	78.213989	78.833801	78.688995	78.743637	78.761276	78.213821	78.008682	78.039047	79.283653	78.728386	78.910416	78.428101	78.41153	78.035339	78.130257	78.136093	78.179604	78.451408	78.484146
78.20755	77.696945	100.0	79.28598	79.164154	79.287079	78.617073	79.142365	79.083656	78.98082	79.181465	79.701508	79.700813	79.495964	79.40097	79.467819	79.482628	79.412437	79.402252	79.642967	79.456757	79.524971	79.467751	79.326477	79.406906	79.211258	79.411896	79.508118	79.915268	79.778954	79.646965	79.604355	79.749008	79.743134	79.603745	79.819626	79.502159	79.839867	79.898445	79.928848	79.831261	79.727936	79.911278	79.834518	80.00663	79.591217	79.544037	79.634323	79.53624	79.584625	79.766098	79.367867	79.103424	79.263855	79.379166	79.496124	79.100235	79.379921	79.035187	79.387299	79.636002	79.783249	79.844444	79.671112	79.845627	79.729637	79.339149	79.512703	79.333176	79.296463	79.200699	79.228767	79.331375	79.398727	79.675507	79.742271	79.344421	79.457321	79.375732	79.383224	79.000031	79.066879	79.284271	79.233887	79.103348	79.062294	79.216507	79.19986	79.243713	79.177422	79.133728	79.115402	79.140015	79.322861	79.560211	79.28933	79.456139	79.398438	79.433578	79.602859	79.619339	79.457382	79.561752	79.454865	79.604172	79.503418	79.327682	79.400223	79.608521	79.619965	79.654022	79.657745	79.688095	79.637817	79.581215	79.472748	79.402725	79.343933	79.388573	79.5923	79.517502	79.7351	79.512924	79.583191	79.740448	79.370941	79.106621	79.118858	79.268494	79.105835	79.106323	79.03421	79.164764	78.872803	79.25444	79.14772	79.132698	79.233253	79.251724	79.325768	79.235649	79.543533	79.601051	79.645355	79.373917	79.513931	79.517006	79.55545	79.597755	79.630844	79.590065	79.37001	79.336716	79.199554	79.453308	79.553864	79.361565	79.59269	79.644302	79.529488	79.398102	79.436615	79.741859	79.438126	79.42157	79.456482	79.097168	79.25853	79.377151	79.203415	79.688835	79.163315	79.179855	79.537567	79.459885	79.47052	79.175659	79.21553	79.547707	79.825089	79.732635	79.339195	79.639099	79.435135	79.441559	79.538589	79.62178	79.567902	79.527191	79.798431	79.864304	79.597961	79.595047	79.669922	79.922089	79.729324	79.819344	79.97345	79.705261	79.282082	79.099091	79.002136	79.657547	79.37899	79.29454	79.531403	78.644577	78.90522	78.887314	79.494881	79.712646	80.196617	79.503891	79.600967	79.458275	79.476791	79.413162	79.314362	79.706604	79.558044
78.30957	77.946297	79.28598	100.0	80.455811	80.362686	78.880783	79.274849	79.215118	78.962227	79.032944	79.547119	79.448296	79.370529	79.38649	79.360649	79.459427	79.36721	79.37558	79.582047	79.329407	79.314346	79.356064	79.331757	79.382545	79.243431	79.246902	79.440781	79.603622	79.714066	79.503906	79.477036	79.444374	79.504105	79.414146	79.589767	79.438202	79.548218	79.491631	79.620415	79.662895	79.399246	79.691818	79.668884	79.710022	79.487419	79.511261	79.521637	79.292152	79.572563	79.552521	79.292679	79.065208	79.326889	79.222672	79.366562	79.201385	79.219086	79.074249	79.325569	79.47406	79.568275	79.638458	79.508698	79.595459	79.633499	79.320801	79.515915	79.266632	79.283371	79.363998	79.250748	79.268333	79.332916	79.645126	79.522163	79.298752	79.41893	79.396652	79.481644	79.20726	79.119308	79.269485	79.334198	79.220566	79.267212	79.326981	79.23632	79.215408	79.203812	79.065704	79.235641	79.225243	79.225876	79.401817	79.298431	79.433159	79.449692	79.437317	79.597023	79.525688	79.622307	79.502304	79.752289	79.585419	79.505844	79.528465	79.553909	79.843582	79.976875	79.86245	79.693535	79.886887	79.736725	79.852188	79.80191	79.703918	79.693581	79.723648	79.78006	79.944305	79.998466	79.784027	79.821793	79.928665	79.45607	79.329224	79.341187	79.390335	79.318222	79.341156	79.274384	79.311157	79.058945	79.180679	79.231949	79.320824	79.43557	79.275467	79.386429	79.381302	79.38179	79.468224	79.494781	79.351898	79.52504	79.583786	79.609207	79.617249	79.643021	79.513199	79.319168	79.386765	79.285477	79.524261	79.338409	79.47187	79.523232	79.629211	79.485641	79.333542	79.378433	79.614853	79.457825	79.374771	79.401566	79.242615	79.331917	79.552994	79.472458	79.582764	79.462234	79.317993	79.52655	79.599655	79.433075	79.288055	79.368317	79.458481	79.702881	79.773094	79.428749	79.575455	79.342163	79.748169	79.59343	79.654579	79.737259	79.559067	79.62896	79.757568	79.782318	79.601776	79.690727	79.961151	79.786423	79.835083	80.078819	79.794754	79.215569	78.953728	78.999275	79.571243	79.416718	79.448761	79.4198	78.815872	78.937729	79.078606	79.548347	79.827866	80.49485	79.61734	79.626602	79.484711	79.425385	79.625122	79.438972	79.71936	79.598022
78.350342	78.012772	79.164154	80.455811	100.0	82.772331	78.955177	79.305595	79.329216	78.851669	79.216293	79.740387	79.965988	79.826584	79.707947	79.67485	79.707405	79.435669	79.61705	79.720367	79.537155	79.719849	79.556587	79.641441	79.469437	79.33313	79.329109	79.640015	79.72966	79.886803	79.669006	79.631073	79.638275	79.680862	79.652313	79.621643	79.479355	79.784317	79.802887	79.758156	79.804749	79.572998	79.837646	79.844093	79.889389	79.363403	79.572815	79.674538	79.489517	79.457489	79.802597	79.603691	79.032028	79.320358	79.371765	79.553757	79.151993	79.334747	79.211441	79.469528	79.582413	79.638184	79.675804	79.733414	79.822266	79.642899	79.441223	79.571716	79.374832	79.165695	79.300858	79.333145	79.156097	79.522797	79.667572	79.753387	79.05838	79.400726	79.28418	79.376266	79.124466	79.125931	79.169373	79.242119	79.163315	79.204666	79.217361	79.351669	79.143333	78.990929	79.085144	79.087997	79.185646	79.325562	79.3255	79.381729	79.495346	79.412979	79.55069	79.574501	79.534508	79.54306	79.569756	79.600647	79.668823	79.515472	79.442238	79.542709	80.000671	80.09745	80.156593	79.974091	80.056145	79.963852	80.120598	80.06955	79.854584	79.923019	79.967438	79.968384	80.103348	80.203583	79.986198	79.908791	80.122284	79.456993	79.245338	79.117828	79.210327	79.201035	79.239349	79.12812	79.290787	78.905724	79.209335	79.152039	79.128036	79.227661	79.258148	79.298836	79.138336	79.383881	79.371078	79.411598	79.328842	79.373138	79.61113	79.643387	79.572388	79.574783	79.419029	79.384247	79.370163	79.292931	79.332191	79.264359	79.490799	79.429565	79.594795	79.489914	79.239006	79.21962	79.501427	79.367455	79.343445	79.345047	79.091095	79.43515	79.564163	79.397842	79.684242	79.192612	79.384468	79.382843	79.296982	79.159615	79.258316	79.323273	79.431175	79.579819	79.687057	79.218033	79.609222	79.441132	79.554604	79.5112	79.610336	79.652077	79.546783	79.776138	79.604057	79.598564	79.737038	79.872253	79.845749	80.075775	79.896835	79.986984	79.804733	79.298431	79.13356	78.963028	79.733459	79.714203	79.4133	79.623192	78.942741	78.94751	78.99231	79.565964	79.876801	80.492462	79.512161	79.676346	79.385788	79.593071	79.549995	79.749817	79.825279	79.833557
78.652504	78.016678	79.287079	80.362686	82.772331	100.0	78.982803	79.677307	79.769081	79.023285	79.628426	80.067261	79.956146	80.032104	79.736801	79.768799	79.924194	79.727821	79.788216	80.077759	79.764008	79.842552	79.763855	79.681366	79.578873	79.533951	79.631317	79.782516	79.884628	79.967819	79.862457	79.680298	79.751419	79.85788	79.862061	79.94136	79.72496	79.897644	79.947533	79.963882	79.942131	79.943146	79.96064	79.874252	80.131912	79.473915	79.603798	79.679672	79.615448	79.803123	80.004593	79.667923	79.103951	79.468369	79.535019	79.792671	79.408699	79.456177	79.257874	79.557137	79.704567	79.84417	80.01088	79.845421	79.992966	80.093781	79.543587	79.671783	79.483124	79.275032	79.447685	79.399033	79.331345	79.584717	79.77504	79.921738	79.337036	79.528511	79.446434	79.685883	79.228424	79.259933	79.378838	79.449615	79.376808	79.345764	79.349869	79.393532	79.363174	79.149734	79.285934	79.213615	79.163055	79.297821	79.46846	79.401443	79.801788	79.699532	79.829742	79.89032	79.797577	79.91893	79.911301	79.890396	79.896088	79.848404	79.647583	79.778526	80.251236	80.272636	80.133911	80.158554	80.316254	80.177963	80.330368	80.150665	80.056602	79.97052	79.974915	80.084946	80.10936	80.194275	80.176025	80.181458	80.194901	79.613472	79.425865	79.366104	79.512482	79.345673	79.493477	79.326508	79.441505	79.161163	79.63726	79.476418	79.305519	79.524261	79.763062	79.590866	79.383057	79.801712	79.779221	79.828491	79.468246	79.652229	79.888054	79.702667	79.822426	79.943047	79.80304	79.632309	79.5746	79.522285	79.457687	79.534164	79.695023	79.566429	79.740562	79.775711	79.468307	79.50547	79.721603	79.543823	79.699875	79.623108	79.431824	79.482773	79.651939	79.691254	79.893875	79.541458	79.402779	79.40416	79.397171	79.446503	79.413849	79.413956	79.783371	80.002159	80.030807	79.595673	79.775955	79.628487	79.697662	79.763596	79.71656	79.791016	79.794243	80.051018	79.848396	79.828033	80.074631	80.181747	80.185349	80.171051	80.080902	80.183937	79.975868	79.390213	79.44017	79.247345	80.072975	79.928047	79.732529	79.624527	79.176041	79.12571	79.159782	79.858627	80.034515	80.852585	79.725403	79.913605	79.784576	79.713196	79.661758	79.717583	80.188797	79.988892
77.994896	77.574234	78.617073	78.880783	78.955177	78.982803	100.0	80.837021	80.794861	78.343887	78.470039	78.961433	78.983337	78.781387	78.683975	78.786362	78.790405	78.542786	78.75032	78.714905	78.679459	78.719421	78.603912	78.676468	78.435509	78.345222	78.355316	78.798592	78.882042	78.950981	78.804642	78.782326	78.897629	78.794426	78.739059	78.790367	78.819809	78.966949	79.043373	79.037033	78.936592	78.810806	79.027695	78.863602	78.906754	78.524872	78.665504	78.666748	78.63195	78.760086	78.735901	78.687912	78.418686	78.494591	78.550972	78.609909	78.373825	78.547424	78.384338	78.632111	78.735481	78.817627	78.887794	78.864571	79.004974	78.962212	78.532333	78.606613	78.548134	78.380844	78.424667	78.539772	78.422424	78.46183	78.817085	78.857834	78.448845	78.557434	78.457077	78.63327	78.228668	78.207947	78.376663	78.605743	78.309639	78.447685	78.411545	78.585449	78.327515	78.297714	78.309235	78.265976	78.30394	78.500076	78.522583	78.495865	78.771622	78.637741	78.677246	78.680359	78.879044	78.747208	78.79995	78.764557	78.783325	78.755547	78.601761	78.745178	78.87413	78.914345	78.78215	78.8452	78.959221	78.792488	78.763885	78.811066	78.69548	78.610077	78.623047	78.610855	78.85788	78.8862	78.64122	78.875229	78.961853	78.798294	78.52639	78.685005	78.510117	78.442245	78.480759	78.578201	78.66806	78.327377	78.40834	78.472977	78.47673	78.536682	78.594589	78.737625	78.342384	78.500671	78.622894	78.626572	78.491165	78.487869	78.653557	78.756943	78.802277	78.745972	78.512375	78.506653	78.470985	78.519409	78.372116	78.483383	78.638222	78.663559	78.68306	78.768509	78.539948	78.512886	78.918579	78.62603	78.647995	78.66539	78.531265	78.575851	78.776337	78.727486	78.833481	78.545647	78.606361	78.686424	78.610939	78.660553	78.455887	78.593109	78.82531	79.146362	79.236282	78.628983	78.640991	78.796234	78.735405	78.639549	78.883568	78.830566	78.753906	79.076233	78.827347	78.512947	79.062637	78.94342	78.983353	78.909424	78.865868	79.08342	78.879654	78.301132	78.347519	78.201706	78.827606	78.938126	78.650902	78.832481	78.399384	78.343903	78.278671	79.007912	79.232307	79.986465	78.887955	78.902679	78.614548	78.496826	78.454422	78.599365	79.108185	78.812134
78.628174	78.236938	79.142365	79.274849	79.305595	79.677307	80.837021	100.0	88.805176	78.601784	79.165131	79.572975	79.68895	79.500183	79.35849	79.384506	79.533226	79.331039	79.397995	79.571754	79.420547	79.461128	79.396301	79.253464	79.234055	79.235184	79.203339	79.381439	79.53862	79.723801	79.394852	79.436668	79.557213	79.593788	79.451561	79.563148	79.348221	79.597191	79.628265	79.736549	79.745537	79.469589	79.787643	79.525543	79.77092	79.170845	79.248627	79.383987	79.08522	79.352127	79.544106	79.366829	78.786789	79.153046	79.281784	79.460861	78.910843	78.992439	78.963089	79.238739	79.206116	79.455345	79.502975	79.475037	79.601776	79.473503	79.245415	79.342163	79.311462	79.111313	79.031982	79.067429	79.034836	79.296997	79.594292	79.43425	78.876938	79.194397	79.034874	79.326981	78.828033	78.76445	79.023605	79.07608	78.958374	78.908585	79.009445	79.263832	78.865196	78.795578	78.801483	78.891342	78.910553	79.023392	79.051819	79.046127	79.543045	79.350494	79.4953	79.534439	79.447388	79.408066	79.463722	79.548691	79.622757	79.404831	79.315056	79.381523	79.504974	79.583984	79.499725	79.526184	79.779007	79.62085	79.601524	79.400391	79.474976	79.481247	79.348747	79.450928	79.471664	79.738998	79.383713	79.49794	79.545441	79.287697	79.177521	79.157913	79.212242	79.18988	79.180611	79.135376	79.046822	78.896515	79.227753	79.123558	79.124046	79.191696	79.398132	79.269638	78.829155	78.883209	79.001877	79.082794	78.860916	78.970703	79.140244	79.218018	79.232773	79.074425	79.030243	79.023315	79.019592	78.760635	78.896759	78.877556	79.425476	79.449348	79.407394	79.391968	79.045113	79.155121	79.56102	79.341125	79.232758	79.179565	79.033043	79.151352	79.48291	79.315796	79.521759	79.183899	79.201302	79.291306	79.306915	79.132637	79.123268	79.205605	79.500084	79.515823	79.74118	79.122818	79.290604	79.155251	79.168304	79.165085	79.365234	79.272995	79.379593	79.643333	79.368774	79.249046	79.587158	79.629333	79.726746	79.699051	79.540009	79.78315	79.664444	79.112869	79.07061	79.03228	79.768288	79.610611	79.35437	79.530037	78.850288	78.706146	78.822281	79.585648	79.88723	80.546005	79.336319	79.422028	79.363785	79.378433	79.25119	79.336746	79.578896	79.571457
78.532059	78.312714	79.083656	79.215118	79.329216	79.769081	80.794861	88.805176	100.0	78.838974	79.113388	79.676376	79.711685	79.577209	79.345627	79.391106	79.381454	79.341377	79.320419	79.363701	79.302094	79.306702	79.260178	79.377602	79.491028	79.093048	79.206558	79.385292	79.471603	79.513885	79.487671	79.403534	79.447655	79.462692	79.428085	79.43544	79.360504	79.570595	79.628044	79.682571	79.570641	79.511696	79.695358	79.567093	79.701019	79.251999	79.200394	79.247665	79.218735	79.371674	79.609711	79.362656	78.919922	79.133484	79.320053	79.634346	79.058243	79.258003	79.123276	79.218887	79.221649	79.349564	79.499619	79.523514	79.643959	79.585052	79.260269	79.248131	79.342827	79.09108	79.108658	79.10289	79.141632	79.363266	79.705269	79.484512	79.023956	79.245354	79.101158	79.275414	78.996223	78.917664	79.078583	79.090668	78.894203	79.037941	79.081253	79.350037	79.089142	78.845856	78.973724	78.907715	79.014244	78.983315	79.350433	79.073189	79.656296	79.409378	79.51178	79.642303	79.480965	79.498421	79.437027	79.57431	79.66935	79.440643	79.443169	79.504074	79.637733	79.651672	79.695282	79.618927	79.70108	79.665787	79.735901	79.625168	79.490952	79.659218	79.515366	79.535812	79.568741	79.786064	79.370392	79.588989	79.622742	79.325699	79.217117	79.165619	79.584106	79.194618	79.084618	79.094742	79.15477	78.867317	79.257881	79.188011	79.126633	79.235428	79.306488	79.21067	78.822906	79.06839	79.205666	79.131302	79.003342	79.040161	79.149147	79.181213	79.240715	79.198151	79.085831	79.089554	78.995522	78.83609	78.902077	78.906616	79.363106	79.464211	79.34407	79.283661	79.169556	79.253975	79.570892	79.365356	79.349548	79.208939	79.041534	79.215393	79.507874	79.245964	79.627014	79.136307	79.12043	79.286728	79.285675	79.254333	79.216431	79.241486	79.429138	79.542358	79.758179	79.184784	79.296112	79.249466	79.290375	79.30687	79.273064	79.30545	79.305008	79.728523	79.395004	79.344849	79.648155	79.562607	79.701523	79.614563	79.608612	79.570129	79.627075	79.195343	79.077759	79.05423	79.642242	79.48877	79.428192	79.468903	78.75383	78.619659	78.749359	79.661285	79.825546	80.656326	79.269646	79.456734	79.252167	79.314499	79.319748	79.274872	79.599449	79.571609
78.446976	78.023186	78.98082	78.962227	78.851669	79.023285	78.343887	78.601784	78.838974	100.0	81.845451	82.858093	82.962257	82.385239	82.403053	82.469635	82.67363	82.647415	82.567078	82.947113	82.730293	82.827408	82.667633	82.702942	82.612564	82.580505	82.591171	82.839966	82.748177	82.824371	82.535919	82.398087	82.794632	82.59375	82.575012	82.8022	82.456406	82.642334	82.696381	82.680817	82.675613	82.598755	82.97023	82.771454	82.931702	82.877396	83.057755	83.249359	82.966682	83.167999	82.613869	83.077286	82.840836	83.471985	83.560989	83.804726	83.151337	83.757835	83.415131	82.46817	83.061691	83.145493	82.835999	83.343948	83.038635	83.15741	83.176476	82.834869	83.305	83.269554	83.3116	83.177933	83.431908	83.014832	83.125816	82.969978	82.974823	83.109482	82.92804	82.724037	82.216644	82.300285	82.456963	82.524254	82.44104	82.404915	82.624344	81.571884	81.87619	81.937569	82.123665	82.030762	82.079849	82.097687	82.432846	82.3713	80.521553	80.443542	80.585754	80.667587	80.611069	80.59404	80.582321	80.693062	80.787079	80.537079	80.315964	80.534584	79.860992	79.794891	79.873825	79.92778	79.973831	79.937302	80.059029	79.972389	79.81707	79.746048	79.739944	79.767632	79.948059	80.061089	79.856232	79.970367	80.047813	80.457474	80.214355	80.225281	80.259529	80.131096	80.088181	80.116608	80.117691	79.907547	80.426964	80.195892	80.055557	80.162849	80.278061	80.383087	80.855301	81.076538	81.209976	81.23793	80.986374	81.014038	81.175858	81.349213	81.330269	81.348	81.067551	81.589111	81.054092	80.932281	81.047012	81.025513	80.637909	80.78656	80.98362	80.850052	80.632645	80.534821	80.943741	80.752655	80.667389	80.874344	80.041023	80.441147	80.486839	80.318855	80.667557	80.175278	80.385605	80.231689	80.294296	80.367302	79.994431	80.212013	80.595154	80.878433	80.962982	80.062012	80.455429	80.556847	80.439636	80.552032	80.403122	80.46032	80.780334	81.214806	80.835526	80.598312	79.904037	79.874222	79.992081	80.044594	80.04068	80.075897	79.929504	79.956726	79.862305	79.838692	80.507523	80.370499	80.45047	80.526596	80.477249	79.946487	79.990013	79.329056	79.725952	79.842735	79.411713	79.505203	79.347824	79.276642	79.16893	79.255569	79.703438	79.45816
78.967819	78.464355	79.181465	79.032944	79.216293	79.628426	78.470039	79.165131	79.113388	81.845451	100.0	84.234268	84.153778	85.34494	84.826843	84.89003	85.036819	86.093796	85.816101	86.355911	86.300919	86.447159	86.327576	86.353241	86.438019	85.945145	85.74968	85.714005	83.268959	83.343292	83.251923	82.969971	83.244911	83.146744	83.177292	83.357956	82.784592	83.079712	83.060883	83.125084	82.976715	83.207405	83.561028	83.470795	83.483109	83.281044	83.302193	83.631065	83.473907	83.581665	83.587563	83.042664	82.942291	83.243958	83.305008	83.351494	82.972366	83.562256	83.271851	83.218002	83.620384	83.558594	83.573959	84.044334	83.791901	83.807152	83.710114	83.497223	83.093285	83.186691	83.252899	83.230118	83.279152	83.39267	83.554642	83.284317	83.244667	83.476303	83.156693	82.655342	82.340538	82.319397	82.364639	82.266693	82.271286	82.237183	82.355507	82.495346	82.130692	82.075165	82.656723	82.557755	82.44873	82.398232	82.820862	82.789513	80.56321	80.639832	80.718903	80.61956	80.84465	80.69278	80.66008	80.836052	80.787636	80.697983	80.557411	80.734039	80.261032	80.2258	80.363068	80.233414	80.36113	80.414841	80.283157	80.347366	80.166245	80.133057	80.18235	80.415428	80.313019	80.448105	80.299622	80.44548	80.36467	80.555908	80.569321	80.595673	80.536224	80.414154	80.51078	80.541443	80.438148	80.189072	80.538727	80.540527	80.387177	80.630005	80.716919	80.617973	80.989105	81.218307	81.307892	81.298935	81.232796	81.215668	81.401253	81.439377	81.507706	81.618591	81.541077	81.64119	81.263245	81.197342	81.369301	81.244507	80.859161	80.94191	81.090675	81.041557	80.925491	80.83902	81.145477	81.032463	80.950462	80.931953	80.346664	80.578278	80.678352	80.705307	80.827927	80.496223	80.461212	80.215477	80.285751	80.293015	80.156433	80.293358	80.922173	80.904205	80.906288	80.561867	80.796104	80.785416	80.788803	80.774475	80.745117	80.847557	80.882477	81.232605	81.067719	80.852692	80.227676	80.204597	80.527466	80.378311	80.389389	80.475761	80.253754	80.233368	80.162079	80.218887	80.636597	80.742821	80.774925	80.883461	80.901611	79.884674	79.978775	79.843712	80.116112	80.220619	79.662537	79.77066	79.843674	79.809998	79.679001	79.701126	80.090927	80.144417
79.602242	79.050095	79.701508	79.547119	79.740387	80.067261	78.961433	79.572975	79.676376	82.858093	84.234268	100.0	92.782219	85.506561	85.31414	85.465378	85.563034	85.583672	85.560753	85.894669	85.812088	85.874588	85.842926	85.808029	85.581039	85.325699	85.730942	86.124939	84.268707	84.311935	84.117867	84.038498	84.37677	84.184601	84.186676	84.348251	83.690674	84.192551	84.275772	84.342804	84.228752	83.993988	84.48484	84.330475	84.403732	84.041458	84.141068	84.290894	83.888863	84.207092	84.634995	84.210571	83.737762	84.113525	84.133789	84.564529	83.561165	84.135658	83.977608	83.747444	84.010185	84.080894	84.459488	84.851974	84.554977	84.729889	84.281326	84.129547	84.08062	84.020126	84.036896	83.892654	84.173599	84.116371	84.379471	84.253517	83.695511	83.985657	83.827042	83.441757	82.894608	83.094269	83.17543	83.176239	83.20472	82.99575	83.211594	83.206223	82.774033	82.800278	83.166702	83.084312	83.118942	83.141846	83.332947	83.612762	81.846298	81.776443	81.830795	81.877319	81.854401	81.768845	81.92627	81.848404	81.898254	81.832092	81.647736	81.777306	81.013519	80.990395	81.192009	81.017471	81.29361	81.108887	81.078232	80.860268	80.796967	80.892838	80.969414	80.908417	81.012115	81.366196	81.036972	81.268768	81.192719	81.417892	81.351654	81.51268	81.456627	81.408539	81.399918	81.271996	81.404816	81.003693	81.535645	81.531822	81.168655	81.454575	81.505997	81.435867	81.843674	82.15712	82.191147	82.258057	82.106842	82.19413	82.451622	82.431488	82.336739	82.453201	82.200241	82.644424	82.165924	82.139832	82.239769	82.078232	81.870544	81.953369	82.150612	82.085335	81.757713	81.695557	82.359795	81.964012	81.878922	81.999435	81.031067	81.353882	81.627876	81.600044	82.072327	81.332741	81.300468	80.970459	80.968414	81.277847	80.960297	81.214836	81.555969	81.791672	81.85878	81.360062	81.501144	81.537567	81.505981	81.494141	81.618134	81.476662	81.931808	82.135193	81.808243	81.473984	81.014885	81.134888	81.387291	81.429871	81.348877	81.488716	81.31562	81.052986	80.90242	80.678162	81.914948	81.712204	81.617096	82.092712	81.141365	80.675148	80.970901	80.433411	80.827927	80.962204	80.462555	80.534538	80.478317	80.572601	80.520889	80.462997	80.864647	80.696228
79.522919	79.128159	79.700813	79.448296	79.965988	79.956146	78.983337	79.68895	79.711685	82.962257	84.153778	92.782219	100.0	85.41449	85.35643	85.585541	85.565048	85.420044	85.515442	85.755203	85.569481	85.667511	85.672379	85.716339	85.333221	85.174278	85.599602	86.041344	84.34021	84.389557	84.110977	83.992599	84.260368	84.139008	84.168022	84.221893	83.608643	84.196487	84.237457	84.318443	84.263763	83.907593	84.369469	84.37149	84.350189	83.85498	84.007767	84.186401	83.890854	84.052689	84.495605	84.169266	83.666649	83.971962	84.014908	84.498352	83.53833	83.949806	83.851608	83.67717	83.905243	84.054543	84.210938	84.679321	84.421837	84.586014	84.145569	84.025131	84.020126	83.89547	83.82402	83.877113	83.993515	84.064285	84.435913	84.227547	83.585907	83.791168	83.780754	83.315155	82.749359	82.973038	82.997894	82.933022	83.092216	82.891716	83.131119	83.201088	82.620636	82.746368	82.944656	82.971359	83.006912	83.081894	83.282158	83.544487	81.909065	81.819244	81.751907	81.87355	81.988029	81.847389	81.926086	81.923218	81.981857	81.847908	81.740845	81.804947	81.182465	81.123535	81.12339	81.126175	81.344223	81.265747	81.161644	81.130661	80.894775	81.061249	81.053787	80.940002	81.097771	81.366478	81.121826	81.317444	81.235672	81.460617	81.326202	81.24955	81.55127	81.285202	81.315109	81.28862	81.405029	81.024483	81.492935	81.514259	81.257469	81.472443	81.587936	81.492851	81.785751	81.995781	82.060272	82.204674	82.101501	82.096794	82.228065	82.28743	82.197037	82.320145	82.147003	82.69342	82.139359	82.084503	82.089355	82.217087	81.848083	81.93071	82.124222	82.097359	81.763153	81.662186	82.381882	82.001472	81.804413	81.929344	81.019516	81.304977	81.601326	81.561157	82.106232	81.259399	81.188873	81.113922	80.945816	81.378693	80.996216	81.153999	81.490509	81.812141	81.813652	81.265106	81.501945	81.552307	81.555664	81.527725	81.521988	81.462479	81.905396	82.172943	81.882492	81.462662	81.160599	81.160828	81.536545	81.358032	81.369965	81.523293	81.310425	81.11795	80.925835	80.796097	82.005173	81.73407	81.717018	82.182182	81.265976	80.743996	80.965698	80.552658	80.871765	81.065018	80.517044	80.611206	80.589935	80.527275	80.541428	80.479568	80.97467	80.872025
79.495811	78.844284	79.495964	79.370529	79.826584	80.032104	78.781387	79.500183	79.577209	82.385239	85.34494	85.506561	85.41449	100.0	89.906754	90.022598	90.186493	86.557907	86.79483	87.14473	87.039604	87.10881	86.913315	87.070122	87.044296	86.585648	86.206184	86.670067	84.094055	84.337357	84.073204	83.834602	84.217964	84.093277	84.052338	84.192337	83.571449	84.183304	84.237549	84.146881	84.028259	83.749451	84.60968	84.49823	84.476364	83.955261	84.129745	84.334351	84.042587	84.166443	84.850952	83.980461	83.575996	84.027435	84.037025	84.361183	83.41861	84.006119	83.869293	83.678482	84.222382	84.417526	84.420067	84.913803	84.737289	84.829987	84.339813	84.277786	83.927002	83.951523	84.061935	83.913986	84.112541	84.095253	84.308861	84.273849	83.771744	84.003113	83.871353	83.404381	82.641678	82.729752	82.909241	82.8685	82.818077	82.724243	82.922318	83.273239	82.565109	82.542435	82.968323	82.903366	82.99971	83.133484	83.29512	83.581528	81.412033	81.355766	81.462234	81.562363	81.582176	81.412193	81.529922	81.487793	81.57399	81.337204	81.274292	81.330116	80.925385	80.952324	81.013702	80.879486	81.107635	80.907494	80.9151	80.767899	80.69326	80.825989	80.667953	80.841599	80.994125	81.205307	80.838417	81.133034	81.102188	81.207245	81.049187	81.101898	81.145279	81.013779	81.026596	80.949646	80.97863	80.703217	81.193436	81.182358	81.115112	81.112976	81.261429	81.245651	81.581261	81.855545	82.056274	82.045959	81.741844	81.810181	82.146622	82.331558	82.256119	82.344734	82.173271	82.360184	81.962067	81.941879	81.912613	81.867325	81.745087	81.621979	81.842514	81.766266	81.393463	81.49649	81.971039	81.602257	81.497116	81.650635	80.713943	81.056572	81.231049	81.106216	81.651688	80.979965	80.975861	80.964325	80.864761	80.953918	80.749619	80.78186	81.329636	81.675629	81.813156	81.201538	81.480927	81.30928	81.327797	81.326767	81.282265	81.278343	81.759087	81.955345	81.712234	81.244644	80.753342	80.822495	81.215103	81.11441	81.128799	80.963058	80.9319	80.667572	80.687401	80.388687	81.652115	81.276505	81.444878	81.816513	81.350662	80.276413	80.522003	80.485962	80.680351	81.124748	80.312874	80.370499	80.314293	80.276123	80.219864	80.210228	80.579544	80.403374
79.400917	78.783264	79.40097	79.38649	79.707947	79.736801	78.683975	79.35849	79.345627	82.403053	84.826843	85.31414	85.35643	89.906754	100.0	94.3629	94.56842	86.142288	86.226555	86.642258	86.508034	86.659119	86.542465	86.650917	86.890259	86.301071	85.8871	86.243263	83.9487	84.107521	83.770355	83.491425	83.930161	83.821114	83.898041	83.967575	83.380585	83.879143	83.916481	83.91774	83.795837	83.689018	84.316635	84.163429	84.229935	83.748886	83.964233	84.042633	83.827866	83.988541	84.50087	83.908859	83.571716	83.714218	83.944519	84.212906	83.261932	83.864998	83.661819	83.500916	83.980545	84.038589	84.070709	84.575287	84.314056	84.487015	84.039665	84.110611	83.893448	83.858704	83.818939	83.698723	83.952744	84.045822	84.1716	83.995941	83.663956	83.870575	83.715469	83.240601	82.703499	82.668427	82.698456	82.845177	82.855133	82.749878	82.996658	83.191902	82.491623	82.533775	83.066086	82.956345	83.033485	82.959358	83.317978	83.645248	81.306511	81.278336	81.306999	81.495743	81.232697	81.32518	81.499573	81.386856	81.498032	81.27446	81.155571	81.366844	80.662224	80.746315	80.911186	80.762909	81.10675	80.944763	80.986298	80.787659	80.577431	80.669289	80.696609	80.653534	80.837585	81.163429	80.810165	80.959778	81.084473	81.251205	80.959259	80.926788	81.14032	81.123108	80.99897	80.965073	81.014748	80.638725	80.953514	81.093773	81.009109	80.967728	81.164642	81.031105	81.531708	81.771217	81.742691	81.934845	81.668411	81.775108	82.060829	82.280991	82.213272	82.264099	81.984207	82.28791	81.809708	81.809113	81.807495	81.843727	81.561035	81.439301	81.774185	81.665924	81.344177	81.337769	81.801819	81.559044	81.429413	81.5737	80.638718	80.879837	81.1427	80.932144	81.663559	81.010895	80.965485	80.726028	80.798035	80.902527	80.742081	80.720154	81.117981	81.357712	81.448685	80.953354	81.392921	81.188309	81.266121	81.21476	81.220177	81.354034	81.788551	81.841972	81.667679	81.234322	80.588585	80.629517	81.013176	80.98317	80.936478	80.981003	80.925156	80.735504	80.554619	80.562073	81.415237	81.151566	81.402267	81.686279	81.124908	80.334274	80.367249	80.220154	80.490746	80.685883	80.128304	80.21257	80.188721	80.201141	80.266411	80.199463	80.580505	80.570969
79.299271	78.881615	79.467819	79.360649	79.67485	79.768799	78.786362	79.384506	79.391106	82.469635	84.89003	85.465378	85.585541	90.022598	94.3629	100.0	94.920326	86.344437	86.442673	86.753448	86.632095	86.800049	86.644577	86.807907	86.834175	86.338303	85.878387	86.306702	83.940186	84.125961	83.932144	83.691841	84.121758	83.981018	83.94825	84.131721	83.436935	84.025253	84.124535	84.070923	83.877014	83.686935	84.375435	84.272537	84.303162	83.890793	83.995087	84.25634	84.031357	84.239319	84.603546	84.121048	83.629303	83.979889	84.010452	84.264595	83.47998	84.028549	83.763138	83.653442	84.106522	84.13472	84.206726	84.720146	84.397797	84.666901	84.141556	84.211777	83.99231	84.01725	83.898788	83.939728	84.052231	84.116272	84.37001	84.167564	83.606865	84.057251	83.961967	83.351555	82.749596	82.780624	82.919662	82.852875	82.939331	82.820541	82.907211	83.180008	82.643234	82.601624	82.995743	82.987625	83.004814	83.001472	83.217255	83.505424	81.394958	81.48027	81.458221	81.561996	81.416245	81.432877	81.444626	81.475533	81.518585	81.348969	81.244759	81.363098	80.863281	80.750504	80.963562	80.843323	81.038857	81.039436	81.020691	80.77774	80.637466	80.781006	80.664299	80.709938	80.806305	81.258865	80.842918	81.014877	81.056854	81.196312	81.106781	81.091782	81.210693	81.192024	81.057037	80.943527	81.001007	80.71032	81.139496	81.172615	81.028641	81.189781	81.282074	81.200737	81.594231	81.884033	81.855835	81.953171	81.787903	81.873322	82.083374	82.351189	82.341919	82.382751	82.040398	82.365707	81.930748	81.975876	81.851959	81.948044	81.625931	81.530388	81.650284	81.80809	81.412201	81.391281	81.942276	81.659668	81.574875	81.703804	80.768051	80.956085	81.197769	81.055351	81.796967	81.022629	80.981812	80.758476	80.80896	80.840225	80.661636	80.897614	81.220261	81.564758	81.60038	81.030167	81.366745	81.348816	81.202301	81.254028	81.285492	81.428909	81.746437	81.856712	81.709625	81.264511	80.734154	80.814102	81.218216	81.0961	81.097649	81.033829	81.002556	80.786804	80.566971	80.522751	81.493439	81.246376	81.475616	81.693314	81.278671	80.320618	80.471725	80.195709	80.556709	80.918839	80.273834	80.289734	80.177475	80.239433	80.272202	80.4384	80.578247	80.589508
79.420822	78.840904	79.482628	79.459427	79.707405	79.924194	78.790405	79.533226	79.381454	82.67363	85.036819	85.563034	85.565048	90.186493	94.56842	94.920326	100.0	86.503738	86.582481	86.874641	86.752029	86.872765	86.782974	86.952087	86.958389	86.502075	86.170464	86.433083	84.165115	84.26088	83.9888	83.843887	84.133232	84.096916	84.033836	84.243454	83.526627	84.106598	84.272751	84.224289	83.993896	83.713303	84.424355	84.357132	84.452477	83.926376	84.231537	84.390099	84.065231	84.292786	84.79406	84.221458	83.63269	84.089203	84.122383	84.392174	83.475342	84.115387	83.762657	83.843552	84.307228	84.248146	84.25882	84.926224	84.65065	84.733818	84.246262	84.428864	84.063553	84.016068	84.014664	83.88369	84.100647	84.220398	84.307709	84.2649	83.774658	84.05513	83.933929	83.481422	82.895355	82.885109	82.928879	83.075424	83.008408	82.88472	83.141403	83.449783	82.788574	82.764603	83.161331	83.157616	83.132996	83.16098	83.47319	83.638718	81.485138	81.401909	81.499016	81.623047	81.516121	81.478973	81.629768	81.691956	81.620636	81.439278	81.34436	81.542679	80.88501	80.926285	81.108986	80.909477	81.229996	81.072708	80.999527	80.909225	80.674774	80.78334	80.699081	80.744049	80.91436	81.179977	80.911606	81.147118	81.064346	81.292145	81.20343	81.138893	81.243324	81.200089	81.06279	81.05275	81.134796	80.684402	81.328865	81.232254	81.185646	81.23291	81.289948	81.353119	81.702789	81.914322	82.055756	82.078171	81.863403	81.938553	82.170654	82.326408	82.357071	82.33757	82.175095	82.504379	81.999039	82.022804	82.080322	82.070236	81.714157	81.67186	81.825272	81.825485	81.611786	81.455139	81.953064	81.830811	81.610474	81.717316	80.782455	81.092514	81.275665	81.233978	81.687202	81.139641	81.054153	80.823318	80.841431	81.043747	80.811226	80.822571	81.287109	81.613495	81.736145	81.115486	81.383339	81.386871	81.324867	81.316132	81.415054	81.406921	81.912582	81.88623	81.813217	81.327446	80.782455	80.854523	81.225571	81.208969	81.097885	81.15802	80.982864	80.777603	80.705688	80.60788	81.550957	81.334343	81.54866	81.849243	81.344902	80.465393	80.573654	80.313713	80.605286	80.983131	80.16922	80.283409	80.310822	80.315277	80.290298	80.28907	80.593353	80.598404
