1444770.3	1444770.13	1444770.9	2371.47	2371.54	2371.295	698414.7	2371.296	2371.190	2371.189	1211847.5	2371.186	1214121.5	2371.209	160492.11	2371.188	1445511.6	2371.187	644357.67	1343737.3	644357.4	644357.65	644357.64	644357.68	405440.5	644357.58	644357.46	644357.39	644357.40	644357.118	644357.119	644357.66	644357.47	644357.38	644357.69	644357.49	644357.59	2371.165	644357.48	644357.60	1267006.3	2371.719	2371.722	644356.67	644356.23	644356.48	644356.50	644356.49	644356.65	405441.5	644356.64	2371.723	644356.51	644356.62	644356.3	644356.56	183190.5	788929.3	2371.167	2371.720	2371.721	2371.472	2371.35	644356.35	644356.61	1401256.4	2783797.6	2783797.5	2783797.8	2783797.7	671135.4	155920.8	2371.48	644356.60
100.0	99.978546	99.974884	83.165749	83.244553	83.218048	83.229645	83.217056	83.146973	83.197891	83.229111	83.150299	83.173737	83.159317	83.220657	83.257378	83.175308	83.182648	82.915817	82.990578	82.943626	82.95575	82.976059	82.878357	82.951248	82.903854	82.917496	82.8862	82.931915	82.954056	82.903503	82.957115	82.939743	82.894707	82.849228	82.815163	82.841087	82.951561	82.84436	82.926514	82.980469	82.924591	82.941483	82.607994	82.737595	82.835129	82.833015	82.795578	82.765175	82.762802	82.733612	82.693939	82.733696	82.711563	82.722092	82.688034	82.715523	82.770935	82.724731	82.732758	82.722412	82.7556	82.69664	82.79924	82.747665	82.811623	82.74884	82.820892	82.803223	82.834122	82.736938	82.696472	82.838516	82.786125
99.978546	100.0	99.996826	83.187843	83.190582	83.213287	83.217682	83.223953	83.094788	83.140961	83.190842	83.137985	83.148956	83.025581	83.148163	83.157822	83.144135	83.066589	82.867561	82.93544	83.000946	82.87442	82.914459	82.839233	82.898666	82.848724	82.856804	82.858719	82.897003	82.936325	82.846931	82.859894	82.861771	82.854279	82.790657	82.790314	82.835854	82.932068	82.862457	82.904572	82.989441	82.889191	82.967987	82.594498	82.700645	82.766388	82.764824	82.769157	82.754791	82.705307	82.73246	82.679504	82.685913	82.679817	82.733673	82.688133	82.696892	82.722176	82.826553	82.726936	82.679382	82.727066	82.658218	82.715698	82.720917	82.739334	82.756668	82.7714	82.772308	82.755371	82.643578	82.692108	82.810822	82.850113
99.974884	99.996826	100.0	83.184509	83.162582	83.246414	83.227173	83.241623	83.109344	83.160049	83.158981	83.140701	83.150597	83.058067	83.160934	83.154366	83.16391	83.113159	82.917061	82.931381	83.018112	82.886002	82.91806	82.855865	82.907883	82.858269	82.86261	82.867096	82.883835	82.936234	82.832535	82.88443	82.859985	82.882034	82.781021	82.743851	82.824997	82.915939	82.804504	82.900208	82.977905	82.880775	82.948334	82.600525	82.706284	82.75885	82.779236	82.771912	82.776031	82.763908	82.744934	82.667999	82.693192	82.724701	82.747086	82.696487	82.709831	82.72361	82.814682	82.7034	82.692062	82.739746	82.715675	82.723679	82.733276	82.772125	82.743195	82.784637	82.762436	82.731049	82.626457	82.655807	82.770401	82.81884
83.165749	83.187843	83.184509	100.0	99.925224	99.983932	99.991928	99.988792	98.606583	98.536438	98.588669	98.496796	98.554123	98.469719	98.510483	98.535141	98.550636	98.544235	96.48584	96.713348	96.754303	96.676254	96.641769	96.644699	96.638916	96.655182	96.654434	96.644218	96.620529	96.648148	96.655418	96.670204	96.699738	96.657082	96.425293	96.617813	96.627075	96.644974	96.703835	96.590897	96.747299	96.644165	96.608932	96.221054	96.393799	96.409485	96.395996	96.405579	96.429375	96.408463	96.437759	96.429375	96.43634	96.4189	96.389725	96.400131	96.424545	96.428467	96.488831	96.433868	96.424789	96.42897	96.414551	96.378761	96.386864	96.366547	96.374008	96.359772	96.361847	96.37619	96.397057	96.373344	96.528152	96.418335
83.244553	83.190582	83.162582	99.925224	100.0	99.927963	99.930237	99.940002	98.525963	98.526047	98.531761	98.452301	98.523903	98.433914	98.43782	98.447495	98.474892	98.444717	96.423782	96.705276	96.760864	96.680214	96.646713	96.646271	96.671143	96.625488	96.631424	96.636993	96.596588	96.649872	96.630005	96.645493	96.648087	96.617142	96.436417	96.609238	96.54554	96.668533	96.635529	96.619247	96.685158	96.594193	96.596344	96.208588	96.394608	96.407684	96.394264	96.407143	96.414314	96.432449	96.420662	96.377281	96.412338	96.38031	96.407303	96.386032	96.423477	96.410019	96.507538	96.408295	96.401825	96.409416	96.427635	96.427094	96.398186	96.383049	96.346848	96.352119	96.363388	96.392105	96.372559	96.378143	96.559357	96.399368
83.218048	83.213287	83.246414	99.983932	99.927963	100.0	99.990913	99.991104	98.573853	98.529892	98.526398	98.434509	98.488113	98.408661	98.45269	98.465019	98.520241	98.490189	96.414536	96.719971	96.757889	96.634811	96.622421	96.61805	96.671982	96.625916	96.632996	96.626999	96.56398	96.650314	96.620018	96.656937	96.645065	96.601418	96.41214	96.590187	96.593018	96.673065	96.642487	96.598427	96.753464	96.622757	96.610184	96.176994	96.347557	96.356194	96.365746	96.393402	96.396873	96.39975	96.398804	96.375977	96.401596	96.4133	96.399887	96.370316	96.417244	96.415405	96.483131	96.409264	96.395981	96.400391	96.396942	96.394836	96.400208	96.37674	96.373734	96.3535	96.342911	96.355202	96.373215	96.361031	96.520378	96.392914
83.229645	83.217682	83.227173	99.991928	99.930237	99.990913	100.0	99.995773	98.580338	98.532906	98.532867	98.454071	98.489273	98.427902	98.443832	98.455887	98.511398	98.488068	96.392967	96.746704	96.763748	96.617722	96.614098	96.648285	96.666351	96.637695	96.653351	96.643402	96.574463	96.660461	96.671341	96.671486	96.662033	96.621971	96.446198	96.597641	96.599564	96.648987	96.646484	96.597382	96.744568	96.651649	96.600723	96.188232	96.35553	96.345016	96.370193	96.39978	96.415718	96.393379	96.405968	96.384079	96.380432	96.423782	96.398514	96.382019	96.409653	96.438599	96.476929	96.440308	96.395775	96.446075	96.421913	96.382751	96.431763	96.354385	96.372078	96.34111	96.354721	96.354614	96.364746	96.362854	96.514023	96.371933
83.217056	83.223953	83.241623	99.988792	99.940002	99.991104	99.995773	100.0	98.54866	98.502243	98.520493	98.44574	98.484444	98.409233	98.441719	98.452713	98.502525	98.488632	96.394287	96.757736	96.765259	96.607346	96.614197	96.632126	96.67926	96.634018	96.647964	96.632065	96.562729	96.644897	96.646225	96.651718	96.664017	96.611801	96.43959	96.580902	96.604393	96.639786	96.663025	96.592392	96.747604	96.632034	96.581589	96.164764	96.341827	96.367012	96.35582	96.383408	96.387085	96.394669	96.388832	96.370201	96.388168	96.397789	96.392639	96.390976	96.411934	96.42894	96.495865	96.412064	96.378983	96.413147	96.4189	96.377548	96.415466	96.361832	96.371536	96.339111	96.336662	96.361267	96.367325	96.349823	96.510513	96.36969
83.146973	83.094788	83.109344	98.606583	98.525963	98.573853	98.580338	98.54866	100.0	98.88945	98.87294	98.784744	98.80378	98.737686	98.68219	98.701073	98.844269	98.756569	96.246506	96.68689	96.734352	96.458542	96.468338	96.425781	96.574417	96.520874	96.528564	96.449417	96.4646	96.54718	96.493179	96.512985	96.56572	96.470505	96.322205	96.358109	96.490372	96.61467	96.624649	96.447853	96.683159	96.528564	96.445923	96.058167	96.176651	96.195847	96.217529	96.242706	96.22364	96.173653	96.208679	96.186821	96.221535	96.239563	96.264725	96.24971	96.280655	96.24691	96.345009	96.223267	96.204163	96.256485	96.253357	96.241928	96.237114	96.203201	96.181076	96.192902	96.210602	96.228714	96.123993	96.135223	96.315384	96.138458
83.197891	83.140961	83.160049	98.536438	98.526047	98.529892	98.532906	98.502243	98.88945	100.0	99.974762	99.164551	99.132378	99.076813	99.068832	99.079285	99.13353	99.072891	96.302269	96.690109	96.707321	96.510223	96.519669	96.484314	96.592834	96.52327	96.534561	96.523987	96.492981	96.580803	96.547729	96.558319	96.531418	96.520897	96.338547	96.422729	96.468399	96.572365	96.578339	96.439468	96.671509	96.508659	96.46624	96.004562	96.124489	96.19075	96.180771	96.176834	96.164001	96.124191	96.149414	96.120567	96.131538	96.086861	96.218414	96.18187	96.218651	96.226059	96.329063	96.184357	96.201736	96.196556	96.212578	96.179741	96.222298	96.191216	96.253685	96.224548	96.221962	96.25412	96.167397	96.160957	96.286987	96.100128
83.229111	83.190842	83.158981	98.588669	98.531761	98.526398	98.532867	98.520493	98.87294	99.974762	100.0	99.154144	99.208588	99.105072	99.110733	99.118546	99.144844	99.087021	96.38649	96.717453	96.732292	96.552887	96.56292	96.533127	96.614197	96.602013	96.602203	96.55983	96.543343	96.566513	96.625809	96.632935	96.562393	96.556931	96.332214	96.458412	96.539169	96.597137	96.548164	96.455917	96.71463	96.534882	96.528442	96.034729	96.154724	96.224152	96.210884	96.197159	96.189438	96.163422	96.192642	96.165146	96.165894	96.168457	96.24707	96.223892	96.277405	96.266006	96.317703	96.225433	96.236305	96.234207	96.275261	96.223167	96.248062	96.248978	96.281235	96.277542	96.240105	96.255775	96.258102	96.225586	96.300369	96.26091
83.150299	83.137985	83.140701	98.496796	98.452301	98.434509	98.454071	98.44574	98.784744	99.164551	99.154144	100.0	99.966339	99.306351	99.347107	99.369308	99.359383	99.321548	96.225548	96.635162	96.67141	96.406059	96.43615	96.405731	96.56131	96.493073	96.489273	96.38327	96.381699	96.516861	96.490479	96.538696	96.505142	96.458534	96.210556	96.403221	96.449295	96.529099	96.51754	96.426422	96.68924	96.484749	96.459961	96.042984	96.191063	96.244553	96.231873	96.191193	96.21151	96.203354	96.227112	96.187973	96.181564	96.23378	96.245544	96.220268	96.261772	96.266846	96.296707	96.17662	96.246246	96.221367	96.228935	96.235748	96.225555	96.148445	96.153549	96.164093	96.163589	96.114174	96.103287	96.149139	96.289734	96.104004
83.173737	83.148956	83.150597	98.554123	98.523903	98.488113	98.489273	98.484444	98.80378	99.132378	99.208588	99.966339	100.0	99.340698	99.338211	99.357834	99.371796	99.31929	96.331261	96.672974	96.701492	96.523102	96.49868	96.480339	96.587547	96.556396	96.5634	96.473724	96.457184	96.562416	96.556	96.583504	96.538086	96.493065	96.309326	96.487701	96.497589	96.583664	96.562592	96.4515	96.689423	96.551743	96.470627	96.104691	96.241264	96.310211	96.326721	96.326782	96.295929	96.268967	96.29744	96.285202	96.281616	96.28595	96.286926	96.261368	96.328506	96.284637	96.400215	96.227386	96.307968	96.302063	96.282372	96.291054	96.300125	96.298538	96.240616	96.241364	96.255417	96.234512	96.26931	96.30246	96.333092	96.212517
83.159317	83.025581	83.058067	98.469719	98.433914	98.408661	98.427902	98.409233	98.737686	99.076813	99.105072	99.306351	99.340698	100.0	99.350098	99.357224	99.293243	99.230927	96.263565	96.692551	96.708649	96.445488	96.482224	96.463058	96.536819	96.558945	96.554413	96.455826	96.488922	96.550568	96.524521	96.544121	96.56501	96.509506	96.323509	96.436508	96.500427	96.618393	96.580215	96.495338	96.682053	96.567139	96.519295	96.044205	96.170456	96.188202	96.16893	96.207962	96.203354	96.184036	96.209167	96.18972	96.173859	96.170547	96.154907	96.159622	96.242615	96.226501	96.333084	96.229919	96.205185	96.187157	96.239304	96.221863	96.215111	96.22673	96.217499	96.232262	96.244492	96.237961	96.155273	96.1866	96.340523	96.114212
83.220657	83.148163	83.160934	98.510483	98.43782	98.45269	98.443832	98.441719	98.68219	99.068832	99.110733	99.347107	99.338211	99.350098	100.0	99.994492	99.480072	99.374039	96.22438	96.664825	96.677002	96.451225	96.454132	96.489105	96.563454	96.526306	96.525925	96.456772	96.479904	96.530037	96.529999	96.555099	96.561371	96.52256	96.327019	96.427666	96.490616	96.554588	96.58342	96.442123	96.654945	96.489243	96.474945	96.033104	96.153519	96.169418	96.180092	96.196564	96.195969	96.191467	96.20002	96.192749	96.208786	96.180847	96.2388	96.227295	96.265816	96.235703	96.339699	96.251289	96.25161	96.226852	96.291611	96.241287	96.269547	96.205124	96.190048	96.202042	96.212379	96.195808	96.126511	96.168854	96.336807	96.120338
83.257378	83.157822	83.154366	98.535141	98.447495	98.465019	98.455887	98.452713	98.701073	99.079285	99.118546	99.369308	99.357834	99.357224	99.994492	100.0	99.472092	99.379601	96.240166	96.675232	96.698349	96.432541	96.474579	96.487183	96.555023	96.548935	96.544647	96.48777	96.493011	96.527832	96.526382	96.547546	96.560822	96.52092	96.336342	96.461433	96.491249	96.549904	96.588486	96.432663	96.674683	96.508453	96.493713	96.041557	96.148407	96.182419	96.183983	96.194687	96.195961	96.182541	96.19442	96.165588	96.193466	96.175186	96.241524	96.238838	96.249992	96.24292	96.352356	96.268829	96.241943	96.225449	96.293297	96.232773	96.267365	96.206375	96.199638	96.196289	96.220581	96.176529	96.124466	96.172707	96.314224	96.125359
83.175308	83.144135	83.16391	98.550636	98.474892	98.520241	98.511398	98.502525	98.844269	99.13353	99.144844	99.359383	99.371796	99.293243	99.480072	99.472092	100.0	99.788589	96.300003	96.693039	96.716194	96.487953	96.504181	96.52906	96.576233	96.567932	96.567993	96.497574	96.486282	96.535774	96.53714	96.53743	96.559319	96.532768	96.306305	96.496071	96.525505	96.588173	96.604462	96.498245	96.676712	96.523224	96.506958	96.076553	96.232544	96.257332	96.233383	96.233749	96.262482	96.272247	96.263634	96.231522	96.258102	96.251945	96.281624	96.257645	96.315483	96.317375	96.35405	96.277222	96.264618	96.276115	96.304276	96.301468	96.315338	96.242462	96.258553	96.261688	96.2883	96.288559	96.230553	96.226295	96.331444	96.204926
83.182648	83.066589	83.113159	98.544235	98.444717	98.490189	98.488068	98.488632	98.756569	99.072891	99.087021	99.321548	99.31929	99.230927	99.374039	99.379601	99.788589	100.0	96.147141	96.677246	96.685867	96.41098	96.442825	96.457153	96.573151	96.58564	96.586945	96.398849	96.433418	96.556625	96.517075	96.554047	96.513283	96.509201	96.34433	96.465477	96.456017	96.599655	96.57222	96.387573	96.698334	96.517609	96.531662	96.039581	96.189545	96.217194	96.242828	96.222961	96.201241	96.191811	96.20932	96.176414	96.183098	96.212158	96.23201	96.23851	96.247147	96.28447	96.346115	96.255089	96.228745	96.222313	96.26371	96.258148	96.257736	96.141846	96.145508	96.155563	96.166916	96.182564	96.155411	96.126785	96.346634	96.159851
82.915817	82.867561	82.917061	96.48584	96.423782	96.414536	96.392967	96.394287	96.246506	96.302269	96.38649	96.225548	96.331261	96.263565	96.22438	96.240166	96.300003	96.147141	100.0	99.546921	99.562347	99.500671	99.426132	99.443512	99.538162	99.540901	99.549484	99.484695	99.448135	99.612427	99.561111	99.538353	99.530884	99.559341	98.951241	99.107666	99.151199	99.097366	99.165207	99.410736	99.346527	99.36396	99.350082	97.363327	97.495468	97.570053	97.603271	97.555038	97.582588	97.573326	97.556091	97.541245	97.557732	97.60762	97.592735	97.617317	97.593201	97.660149	97.590164	97.585716	97.606201	97.552673	97.599739	97.566284	97.559219	98.080811	98.008331	98.010101	98.054733	98.078156	97.447464	97.472397	97.557404	97.427132
82.990578	82.93544	82.931381	96.713348	96.705276	96.719971	96.746704	96.757736	96.68689	96.690109	96.717453	96.635162	96.672974	96.692551	96.664825	96.675232	96.693039	96.677246	99.546921	100.0	99.816338	99.770348	99.783821	99.758934	99.952881	99.946091	99.94632	99.811783	99.795639	99.802551	99.792381	99.75988	99.764854	99.794083	98.971024	99.261642	99.235901	99.190231	99.288368	99.443909	99.450485	99.412582	99.404877	97.603622	97.746201	97.818008	97.804108	97.793671	97.79216	97.772545	97.784409	97.786064	97.835236	97.837265	97.822212	97.824669	97.786972	97.839355	97.830711	97.793671	97.788727	97.745773	97.770874	97.773872	97.778778	98.1689	98.167412	98.166771	98.182144	98.209625	97.826828	97.840179	97.809845	97.713623
82.943626	83.000946	83.018112	96.754303	96.760864	96.757889	96.763748	96.765259	96.734352	96.707321	96.732292	96.67141	96.701492	96.708649	96.677002	96.698349	96.716194	96.685867	99.562347	99.816338	100.0	99.961075	99.958611	99.962143	99.748993	99.769287	99.769318	99.838089	99.800041	99.813049	99.818787	99.831146	99.780014	99.832924	99.036469	99.261963	99.247177	99.334488	99.251907	99.462387	99.53138	99.450859	99.434952	97.600433	97.754112	97.827957	97.823662	97.816132	97.80368	97.79747	97.780182	97.738617	97.79467	97.795914	97.821373	97.843048	97.768272	97.818817	97.843475	97.784805	97.786552	97.780899	97.813477	97.800705	97.821152	98.176727	98.154213	98.141159	98.159485	98.202377	97.816971	97.808861	97.876068	97.767746
82.95575	82.87442	82.886002	96.676254	96.680214	96.634811	96.617722	96.607346	96.458542	96.510223	96.552887	96.406059	96.523102	96.445488	96.451225	96.432541	96.487953	96.41098	99.500671	99.770348	99.961075	100.0	99.997589	99.997772	99.741516	99.75618	99.757011	99.772118	99.76265	99.79805	99.796524	99.807114	99.786148	99.834244	98.959229	99.145477	99.186417	99.201263	99.237869	99.331917	99.415756	99.384346	99.372986	97.505318	97.741699	97.749596	97.770973	97.780167	97.778748	97.77536	97.778412	97.758911	97.779221	97.769638	97.763336	97.736595	97.736473	97.747864	97.794632	97.724098	97.712509	97.700775	97.747498	97.733109	97.714699	98.062546	98.051071	98.045708	98.082245	98.074753	97.658249	97.671631	97.740204	97.587845
82.976059	82.914459	82.91806	96.641769	96.646713	96.622421	96.614098	96.614197	96.468338	96.519669	96.56292	96.43615	96.49868	96.482224	96.454132	96.474579	96.504181	96.442825	99.426132	99.783821	99.958611	99.997589	100.0	99.99794	99.749336	99.766541	99.765762	99.782074	99.762291	99.81015	99.823051	99.828552	99.770844	99.845718	98.959427	99.155357	99.216492	99.23645	99.239883	99.360321	99.43985	99.423233	99.409042	97.513863	97.654404	97.699387	97.694153	97.697426	97.675613	97.693771	97.700623	97.653229	97.702515	97.701263	97.747574	97.715225	97.711708	97.740929	97.789536	97.673851	97.653915	97.700867	97.729309	97.688004	97.708923	98.094376	98.113785	98.088867	98.0867	98.115883	97.674355	97.691299	97.722488	97.569534
82.878357	82.839233	82.855865	96.644699	96.646271	96.61805	96.648285	96.632126	96.425781	96.484314	96.533127	96.405731	96.480339	96.463058	96.489105	96.487183	96.52906	96.457153	99.443512	99.758934	99.962143	99.997772	99.99794	100.0	99.751007	99.755768	99.756577	99.772415	99.737114	99.810715	99.80751	99.81498	99.771004	99.83812	98.978073	99.187874	99.211273	99.232925	99.255646	99.347519	99.441139	99.406853	99.388184	97.532135	97.679237	97.711304	97.682632	97.686356	97.721138	97.717606	97.731354	97.702438	97.71405	97.726059	97.746071	97.73851	97.701797	97.73201	97.789062	97.747368	97.703857	97.698204	97.765366	97.711563	97.71524	98.098633	98.076591	98.060822	98.105949	98.122009	97.670181	97.672974	97.698357	97.571732
82.951248	82.898666	82.907883	96.638916	96.671143	96.671982	96.666351	96.67926	96.574417	96.592834	96.614197	96.56131	96.587547	96.536819	96.563454	96.555023	96.576233	96.573151	99.538162	99.952881	99.748993	99.741516	99.749336	99.751007	100.0	99.999527	99.99968	99.81337	99.777679	99.821518	99.807816	99.790405	99.758713	99.776947	98.969368	99.193466	99.201782	99.203506	99.259338	99.419884	99.472038	99.404694	99.432205	97.534203	97.708466	97.750298	97.742188	97.736008	97.74469	97.747467	97.760521	97.741074	97.757454	97.751648	97.780273	97.783264	97.785995	97.758629	97.75238	97.774826	97.745544	97.752518	97.790375	97.750534	97.735489	98.109589	98.106163	98.075409	98.123695	98.123383	97.765114	97.772133	97.764	97.67308
82.903854	82.848724	82.858269	96.655182	96.625488	96.625916	96.637695	96.634018	96.520874	96.52327	96.602013	96.493073	96.556396	96.558945	96.526306	96.548935	96.567932	96.58564	99.540901	99.946091	99.769287	99.75618	99.766541	99.755768	99.999527	100.0	99.999359	99.811981	99.780739	99.808777	99.813377	99.793205	99.76741	99.778954	98.953812	99.197876	99.213562	99.157013	99.247452	99.419403	99.41864	99.395935	99.422546	97.545357	97.686195	97.743896	97.685684	97.694168	97.730453	97.704117	97.715515	97.717644	97.724953	97.754242	97.74147	97.752136	97.757118	97.750191	97.744827	97.776299	97.691444	97.727341	97.737366	97.725327	97.718353	98.102646	98.058716	98.062042	98.116585	98.132919	97.778839	97.752121	97.694664	97.66832
82.917496	82.856804	82.86261	96.654434	96.631424	96.632996	96.653351	96.647964	96.528564	96.534561	96.602203	96.489273	96.5634	96.554413	96.525925	96.544647	96.567993	96.586945	99.549484	99.94632	99.769318	99.757011	99.765762	99.756577	99.99968	99.999359	100.0	99.815613	99.783142	99.810898	99.813736	99.794334	99.766174	99.778503	98.954117	99.198204	99.214645	99.157837	99.249039	99.420799	99.419037	99.396217	99.422394	97.550278	97.683472	97.725266	97.692192	97.692581	97.731712	97.701111	97.712936	97.713806	97.72039	97.764168	97.743927	97.753693	97.75621	97.74778	97.74559	97.769989	97.70047	97.724472	97.743912	97.730499	97.723267	98.118973	98.062393	98.064163	98.111755	98.119568	97.766304	97.737625	97.713242	97.664902
82.8862	82.858719	82.867096	96.644218	96.636993	96.626999	96.643402	96.632065	96.449417	96.523987	96.55983	96.38327	96.473724	96.455826	96.456772	96.48777	96.497574	96.398849	99.484695	99.811783	99.838089	99.772118	99.782074	99.772415	99.81337	99.811981	99.815613	100.0	99.915695	99.857384	99.851181	99.863716	99.807312	99.813408	98.967255	99.19516	99.217354	99.255615	99.247139	99.366852	99.454674	99.408279	99.395721	97.543854	97.645226	97.739487	97.72728	97.724091	97.70089	97.666519	97.668335	97.701553	97.710854	97.722252	97.76387	97.764748	97.715683	97.748482	97.732941	97.702621	97.667572	97.681763	97.712311	97.702309	97.694122	98.082817	98.055779	98.030251	98.101524	98.13504	97.680748	97.686768	97.692513	97.571022
82.931915	82.897003	82.883835	96.620529	96.596588	96.56398	96.574463	96.562729	96.4646	96.492981	96.543343	96.381699	96.457184	96.488922	96.479904	96.493011	96.486282	96.433418	99.448135	99.795639	99.800041	99.76265	99.762291	99.737114	99.777679	99.780739	99.783142	99.915695	100.0	99.877563	99.841698	99.862106	99.816612	99.808182	98.980576	99.222694	99.242386	99.185753	99.267944	99.382935	99.459068	99.429169	99.418945	97.501617	97.635345	97.665337	97.6577	97.672943	97.666679	97.69458	97.691132	97.7099	97.703049	97.699585	97.706802	97.674438	97.683006	97.719131	97.732063	97.728378	97.690231	97.705666	97.717407	97.695457	97.703568	98.165848	98.106308	98.075089	98.11232	98.1474	97.69471	97.653641	97.719246	97.596107
82.954056	82.936325	82.936234	96.648148	96.649872	96.650314	96.660461	96.644897	96.54718	96.580803	96.566513	96.516861	96.562416	96.550568	96.530037	96.527832	96.535774	96.556625	99.612427	99.802551	99.813049	99.79805	99.81015	99.810715	99.821518	99.808777	99.810898	99.857384	99.877563	100.0	99.994125	99.990295	99.803055	99.819778	99.009254	99.228882	99.272614	99.254211	99.292679	99.46048	99.472328	99.469986	99.451569	97.597305	97.705299	97.747467	97.722824	97.752922	97.737816	97.75444	97.765366	97.74411	97.743179	97.740486	97.770012	97.780396	97.748512	97.729263	97.806984	97.773369	97.740341	97.721153	97.729919	97.718201	97.746933	98.133568	98.133606	98.139282	98.160873	98.176285	97.752068	97.746048	97.786972	97.696732
82.903503	82.846931	82.832535	96.655418	96.630005	96.620018	96.671341	96.646225	96.493179	96.547729	96.625809	96.490479	96.556	96.524521	96.529999	96.526382	96.53714	96.517075	99.561111	99.792381	99.818787	99.796524	99.823051	99.80751	99.807816	99.813377	99.813736	99.851181	99.841698	99.994125	100.0	99.985306	99.790024	99.809402	98.958771	99.202141	99.26561	99.243805	99.259003	99.454407	99.47374	99.459175	99.445587	97.555435	97.691223	97.712715	97.709625	97.721581	97.728561	97.720169	97.735596	97.7668	97.722168	97.764252	97.787643	97.759995	97.724731	97.760834	97.725189	97.772362	97.692596	97.710281	97.758202	97.723022	97.714493	98.128693	98.073517	98.112762	98.108521	98.131805	97.725868	97.735229	97.790451	97.718826
82.957115	82.859894	82.88443	96.670204	96.645493	96.656937	96.671486	96.651718	96.512985	96.558319	96.632935	96.538696	96.583504	96.544121	96.555099	96.547546	96.53743	96.554047	99.538353	99.75988	99.831146	99.807114	99.828552	99.81498	99.790405	99.793205	99.794334	99.863716	99.862106	99.990295	99.985306	100.0	99.771606	99.815369	98.982803	99.175125	99.237198	99.251991	99.279663	99.469025	99.481407	99.460876	99.441147	97.539856	97.715614	97.723846	97.697174	97.729202	97.737717	97.745171	97.747162	97.71804	97.729065	97.727898	97.754364	97.723312	97.733582	97.719208	97.781265	97.778488	97.700417	97.711189	97.749573	97.678871	97.72979	98.141647	98.098282	98.09388	98.115005	98.129089	97.751343	97.747795	97.7882	97.691116
82.939743	82.861771	82.859985	96.699738	96.648087	96.645065	96.662033	96.664017	96.56572	96.531418	96.562393	96.505142	96.538086	96.56501	96.561371	96.560822	96.559319	96.513283	99.530884	99.764854	99.780014	99.786148	99.770844	99.771004	99.758713	99.76741	99.766174	99.807312	99.816612	99.803055	99.790024	99.771606	100.0	99.803894	98.938156	99.175278	99.220428	99.176407	99.27037	99.465424	99.466393	99.427063	99.424393	97.53688	97.788956	97.767807	97.779297	97.759842	97.798172	97.82869	97.810669	97.764343	97.784348	97.788757	97.75087	97.707748	97.742355	97.759155	97.773071	97.74588	97.738129	97.707535	97.722443	97.732063	97.720871	98.210129	98.158951	98.142319	98.170792	98.203133	97.729263	97.758224	97.74337	97.687401
82.894707	82.854279	82.882034	96.657082	96.617142	96.601418	96.621971	96.611801	96.470505	96.520897	96.556931	96.458534	96.493065	96.509506	96.52256	96.52092	96.532768	96.509201	99.559341	99.794083	99.832924	99.834244	99.845718	99.83812	99.776947	99.778954	99.778503	99.813408	99.808182	99.819778	99.809402	99.815369	99.803894	100.0	98.994186	99.207123	99.263367	99.241638	99.287704	99.426865	99.48838	99.489624	99.461861	97.555466	97.715118	97.735855	97.737595	97.769623	97.744133	97.76976	97.774185	97.767776	97.75354	97.71244	97.768288	97.747574	97.749794	97.759628	97.765686	97.761795	97.715164	97.72377	97.74144	97.726746	97.751015	98.123581	98.056229	98.066315	98.1474	98.147537	97.723953	97.731339	97.70385	97.662895
82.849228	82.790657	82.781021	96.425293	96.436417	96.41214	96.446198	96.43959	96.322205	96.338547	96.332214	96.210556	96.309326	96.323509	96.327019	96.336342	96.306305	96.34433	98.951241	98.971024	99.036469	98.959229	98.959427	98.978073	98.969368	98.953812	98.954117	98.967255	98.980576	99.009254	98.958771	98.982803	98.938156	98.994186	100.0	99.335197	99.473244	99.63829	99.69928	99.140747	99.189423	99.138275	99.148438	97.930313	97.755493	97.774628	97.802765	97.812721	97.817551	97.808777	97.796432	97.801399	97.791794	97.77121	97.844498	97.839508	97.840576	97.845001	97.797791	97.826569	97.817276	97.782608	97.854378	97.761627	97.816986	98.377167	98.329391	98.325653	98.352448	98.35556	97.669144	97.718445	97.711533	97.768921
82.815163	82.790314	82.743851	96.617813	96.609238	96.590187	96.597641	96.580902	96.358109	96.422729	96.458412	96.403221	96.487701	96.436508	96.427666	96.461433	96.496071	96.465477	99.107666	99.261642	99.261963	99.145477	99.155357	99.187874	99.193466	99.197876	99.198204	99.19516	99.222694	99.228882	99.202141	99.175125	99.175278	99.207123	99.335197	100.0	99.613724	99.606995	99.667862	99.371964	99.370819	99.342735	99.332504	97.890244	98.030945	98.074379	98.038452	98.058945	98.076752	98.042664	98.036713	98.050705	98.076218	98.047852	98.065109	98.080795	98.093323	98.060852	98.090256	98.088684	98.049789	98.080322	98.066757	98.103798	98.093018	98.625542	98.554626	98.545959	98.567337	98.566605	97.919533	97.928116	97.882065	97.936264
82.841087	82.835854	82.824997	96.627075	96.54554	96.593018	96.599564	96.604393	96.490372	96.468399	96.539169	96.449295	96.497589	96.500427	96.490616	96.491249	96.525505	96.456017	99.151199	99.235901	99.247177	99.186417	99.216492	99.211273	99.201782	99.213562	99.214645	99.217354	99.242386	99.272614	99.26561	99.237198	99.220428	99.263367	99.473244	99.613724	100.0	99.677032	99.769012	99.397293	99.357704	99.348549	99.339867	97.90921	98.027222	98.075302	98.022896	98.028236	98.054855	98.050354	98.062614	98.036697	98.027596	98.042015	98.074814	98.068802	98.080063	98.113083	98.077477	98.070877	98.086716	98.087708	98.089127	98.09877	98.102417	98.61853	98.602142	98.582458	98.594238	98.612419	97.95446	97.907669	97.951088	97.99614
82.951561	82.932068	82.915939	96.644974	96.668533	96.673065	96.648987	96.639786	96.61467	96.572365	96.597137	96.529099	96.583664	96.618393	96.554588	96.549904	96.588173	96.599655	99.097366	99.190231	99.334488	99.201263	99.23645	99.232925	99.203506	99.157013	99.157837	99.255615	99.185753	99.254211	99.243805	99.251991	99.176407	99.241638	99.63829	99.606995	99.677032	100.0	99.878967	99.323486	99.390404	99.36142	99.360619	97.886482	97.992142	98.017105	98.009781	98.004807	98.029678	98.027481	98.02179	98.037712	98.008553	98.013596	98.0448	98.064575	98.056564	98.078918	98.092926	98.042114	98.008392	98.021919	98.048706	98.040466	98.056839	98.607361	98.581261	98.592545	98.557632	98.590424	97.931885	97.921028	98.006577	97.986565
82.84436	82.862457	82.804504	96.703835	96.635529	96.642487	96.646484	96.663025	96.624649	96.578339	96.548164	96.51754	96.562592	96.580215	96.58342	96.588486	96.604462	96.57222	99.165207	99.288368	99.251907	99.237869	99.239883	99.255646	99.259338	99.247452	99.249039	99.247139	99.267944	99.292679	99.259003	99.279663	99.27037	99.287704	99.69928	99.667862	99.769012	99.878967	100.0	99.423523	99.401611	99.406525	99.410378	97.864639	98.008224	98.032784	98.034599	98.037094	98.050797	98.02861	98.050415	98.064621	98.034653	98.069122	98.074585	98.056816	98.098557	98.103859	98.069153	98.048416	98.076111	98.03418	98.102646	98.052597	98.062698	98.627457	98.598877	98.566483	98.623199	98.580223	97.958755	97.942245	97.981895	98.031319
82.926514	82.904572	82.900208	96.590897	96.619247	96.598427	96.597382	96.592392	96.447853	96.439468	96.455917	96.426422	96.4515	96.495338	96.442123	96.432663	96.498245	96.387573	99.410736	99.443909	99.462387	99.331917	99.360321	99.347519	99.419884	99.419403	99.420799	99.366852	99.382935	99.46048	99.454407	99.469025	99.465424	99.426865	99.140747	99.371964	99.397293	99.323486	99.423523	100.0	99.517441	99.50798	99.493378	97.721085	97.84877	97.906006	97.868286	97.894073	97.875992	97.890457	97.916992	97.857628	97.862244	97.85643	97.949707	97.941193	97.881004	97.933517	97.922379	97.928116	97.835678	97.85022	97.884529	97.893936	97.865479	98.342476	98.345711	98.342102	98.36866	98.361847	97.765923	97.797714	97.847031	97.764511
82.980469	82.989441	82.977905	96.747299	96.685158	96.753464	96.744568	96.747604	96.683159	96.671509	96.71463	96.68924	96.689423	96.682053	96.654945	96.674683	96.676712	96.698334	99.346527	99.450485	99.53138	99.415756	99.43985	99.441139	99.472038	99.41864	99.419037	99.454674	99.459068	99.472328	99.47374	99.481407	99.466393	99.48838	99.189423	99.370819	99.357704	99.390404	99.401611	99.517441	100.0	99.962479	99.966644	97.780174	97.959335	97.993904	97.98941	97.99881	97.992798	98.026382	98.012177	97.977852	97.990555	97.994698	98.011391	97.995697	97.992844	98.026276	97.959625	98.046448	97.981094	97.973251	98.002556	97.988495	98.021317	98.503922	98.452621	98.438911	98.505508	98.50444	97.92865	97.908035	97.956223	97.951096
82.924591	82.889191	82.880775	96.644165	96.594193	96.622757	96.651649	96.632034	96.528564	96.508659	96.534882	96.484749	96.551743	96.567139	96.489243	96.508453	96.523224	96.517609	99.36396	99.412582	99.450859	99.384346	99.423233	99.406853	99.404694	99.395935	99.396217	99.408279	99.429169	99.469986	99.459175	99.460876	99.427063	99.489624	99.138275	99.342735	99.348549	99.36142	99.406525	99.50798	99.962479	100.0	99.996483	97.72715	97.818459	97.865509	97.85524	97.867165	97.887878	97.898392	97.915436	97.885605	97.883804	97.895851	97.910278	97.882698	97.89473	97.9188	97.942474	97.971451	97.871811	97.899414	97.937454	97.905518	97.909637	98.433273	98.412788	98.392937	98.443924	98.422287	97.803558	97.793518	97.842873	97.853477
82.941483	82.967987	82.948334	96.608932	96.596344	96.610184	96.600723	96.581589	96.445923	96.46624	96.528442	96.459961	96.470627	96.519295	96.474945	96.493713	96.506958	96.531662	99.350082	99.404877	99.434952	99.372986	99.409042	99.388184	99.432205	99.422546	99.422394	99.395721	99.418945	99.451569	99.445587	99.441147	99.424393	99.461861	99.148438	99.332504	99.339867	99.360619	99.410378	99.493378	99.966644	99.996483	100.0	97.751358	97.904175	97.899429	97.892433	97.919235	97.9496	97.924622	97.939476	97.879143	97.913025	97.904129	97.927917	97.955643	97.914299	97.929062	97.947174	97.953186	97.888306	97.890137	97.949898	97.933334	97.947723	98.432938	98.379364	98.369438	98.445122	98.399704	97.785217	97.822365	97.896454	97.796799
82.607994	82.594498	82.600525	96.221054	96.208588	96.176994	96.188232	96.164764	96.058167	96.004562	96.034729	96.042984	96.104691	96.044205	96.033104	96.041557	96.076553	96.039581	97.363327	97.603622	97.600433	97.505318	97.513863	97.532135	97.534203	97.545357	97.550278	97.543854	97.501617	97.597305	97.555435	97.539856	97.53688	97.555466	97.930313	97.890244	97.90921	97.886482	97.864639	97.721085	97.780174	97.72715	97.751358	100.0	99.562439	99.576637	99.552795	99.566879	99.584541	99.577301	99.579407	99.574799	99.577957	99.573303	99.573578	99.579941	99.598465	99.606705	99.583008	99.579216	99.639404	99.632263	99.627075	99.647552	99.645752	98.472946	98.469513	98.459686	98.474197	98.466583	98.109177	98.121811	98.3396	98.853104
82.737595	82.700645	82.706284	96.393799	96.394608	96.347557	96.35553	96.341827	96.176651	96.124489	96.154724	96.191063	96.241264	96.170456	96.153519	96.148407	96.232544	96.189545	97.495468	97.746201	97.754112	97.741699	97.654404	97.679237	97.708466	97.686195	97.683472	97.645226	97.635345	97.705299	97.691223	97.715614	97.788956	97.715118	97.755493	98.030945	98.027222	97.992142	98.008224	97.84877	97.959335	97.818459	97.904175	99.562439	100.0	99.945145	99.924156	99.929688	99.94101	99.943192	99.942291	99.939682	99.94693	99.945404	99.822556	99.806946	99.900368	99.871574	99.735245	99.727417	99.739517	99.765152	99.80336	99.793114	99.791283	98.599457	98.645416	98.65181	98.638672	98.623825	98.207336	98.240387	98.482208	98.966087
82.835129	82.766388	82.75885	96.409485	96.407684	96.356194	96.345016	96.367012	96.195847	96.19075	96.224152	96.244553	96.310211	96.188202	96.169418	96.182419	96.257332	96.217194	97.570053	97.818008	97.827957	97.749596	97.699387	97.711304	97.750298	97.743896	97.725266	97.739487	97.665337	97.747467	97.712715	97.723846	97.767807	97.735855	97.774628	98.074379	98.075302	98.017105	98.032784	97.906006	97.993904	97.865509	97.899429	99.576637	99.945145	100.0	99.976776	99.985229	99.994324	99.992111	99.987854	99.991791	99.995071	99.995926	99.868774	99.846741	99.956848	99.918747	99.787018	99.770462	99.787918	99.81041	99.850311	99.839111	99.838654	98.654175	98.664688	98.650459	98.682465	98.67131	98.303093	98.323273	98.553581	99.009018
82.833015	82.764824	82.779236	96.395996	96.394264	96.365746	96.370193	96.35582	96.217529	96.180771	96.210884	96.231873	96.326721	96.16893	96.180092	96.183983	96.233383	96.242828	97.603271	97.804108	97.823662	97.770973	97.694153	97.682632	97.742188	97.685684	97.692192	97.72728	97.6577	97.722824	97.709625	97.697174	97.779297	97.737595	97.802765	98.038452	98.022896	98.009781	98.034599	97.868286	97.98941	97.85524	97.892433	99.552795	99.924156	99.976776	100.0	99.993286	99.979736	99.97377	99.969124	99.983505	99.977257	99.97403	99.852524	99.835449	99.950546	99.900772	99.775543	99.756836	99.78138	99.804367	99.847244	99.831459	99.825096	98.642258	98.655693	98.654602	98.636192	98.643845	98.292877	98.301208	98.53981	98.997208
82.795578	82.769157	82.771912	96.405579	96.407143	96.393402	96.39978	96.383408	96.242706	96.176834	96.197159	96.191193	96.326782	96.207962	96.196564	96.194687	96.233749	96.222961	97.555038	97.793671	97.816132	97.780167	97.697426	97.686356	97.736008	97.694168	97.692581	97.724091	97.672943	97.752922	97.721581	97.729202	97.759842	97.769623	97.812721	98.058945	98.028236	98.004807	98.037094	97.894073	97.99881	97.867165	97.919235	99.566879	99.929688	99.985229	99.993286	100.0	99.981537	99.979843	99.973663	99.988068	99.981323	99.978363	99.860107	99.840721	99.955811	99.908554	99.787445	99.758881	99.779541	99.803764	99.848694	99.824783	99.823288	98.632874	98.654129	98.6436	98.633057	98.65416	98.286705	98.295776	98.535233	99.00621
82.765175	82.754791	82.776031	96.429375	96.414314	96.396873	96.415718	96.387085	96.22364	96.164001	96.189438	96.21151	96.295929	96.203354	96.195969	96.195961	96.262482	96.201241	97.582588	97.79216	97.80368	97.778748	97.675613	97.721138	97.74469	97.730453	97.731712	97.70089	97.666679	97.737816	97.728561	97.737717	97.798172	97.744133	97.817551	98.076752	98.054855	98.029678	98.050797	97.875992	97.992798	97.887878	97.9496	99.584541	99.94101	99.994324	99.979736	99.981537	100.0	99.993011	99.988533	99.991142	99.992249	99.996384	99.865105	99.843346	99.956085	99.920372	99.792885	99.76992	99.784653	99.811348	99.850784	99.840881	99.833946	98.648438	98.678726	98.667313	98.657669	98.658905	98.247536	98.29081	98.530182	99.008423
82.762802	82.705307	82.763908	96.408463	96.432449	96.39975	96.393379	96.394669	96.173653	96.124191	96.163422	96.203354	96.268967	96.184036	96.191467	96.182541	96.272247	96.191811	97.573326	97.772545	97.79747	97.77536	97.693771	97.717606	97.747467	97.704117	97.701111	97.666519	97.69458	97.75444	97.720169	97.745171	97.82869	97.76976	97.808777	98.042664	98.050354	98.027481	98.02861	97.890457	98.026382	97.898392	97.924622	99.577301	99.943192	99.992111	99.97377	99.979843	99.993011	100.0	99.987724	99.987419	99.989174	99.993095	99.866722	99.852112	99.952477	99.919144	99.786194	99.771362	99.786148	99.810165	99.853622	99.840744	99.839447	98.647598	98.68589	98.685875	98.663864	98.663452	98.257675	98.28714	98.505219	99.00798
82.733612	82.73246	82.744934	96.437759	96.420662	96.398804	96.405968	96.388832	96.208679	96.149414	96.192642	96.227112	96.29744	96.209167	96.20002	96.19442	96.263634	96.20932	97.556091	97.784409	97.780182	97.778412	97.700623	97.731354	97.760521	97.715515	97.712936	97.668335	97.691132	97.765366	97.735596	97.747162	97.810669	97.774185	97.796432	98.036713	98.062614	98.02179	98.050415	97.916992	98.012177	97.915436	97.939476	99.579407	99.942291	99.987854	99.969124	99.973663	99.988533	99.987724	100.0	99.987122	99.989792	99.988716	99.869324	99.84671	99.951134	99.91613	99.770737	99.772095	99.788795	99.795532	99.847893	99.840057	99.834351	98.639481	98.65033	98.6465	98.660324	98.670013	98.289062	98.306229	98.520782	99.012383
82.693939	82.679504	82.667999	96.429375	96.377281	96.375977	96.384079	96.370201	96.186821	96.120567	96.165146	96.187973	96.285202	96.18972	96.192749	96.165588	96.231522	96.176414	97.541245	97.786064	97.738617	97.758911	97.653229	97.702438	97.741074	97.717644	97.713806	97.701553	97.7099	97.74411	97.7668	97.71804	97.764343	97.767776	97.801399	98.050705	98.036697	98.037712	98.064621	97.857628	97.977852	97.885605	97.879143	99.574799	99.939682	99.991791	99.983505	99.988068	99.991142	99.987419	99.987122	100.0	99.991394	99.988869	99.86235	99.853043	99.96051	99.922455	99.778641	99.793472	99.792831	99.803604	99.849197	99.846275	99.825676	98.640915	98.659515	98.66098	98.658066	98.670609	98.254639	98.276772	98.539261	98.987885
82.733696	82.685913	82.693192	96.43634	96.412338	96.401596	96.380432	96.388168	96.221535	96.131538	96.165894	96.181564	96.281616	96.173859	96.208786	96.193466	96.258102	96.183098	97.557732	97.835236	97.79467	97.779221	97.702515	97.71405	97.757454	97.724953	97.72039	97.710854	97.703049	97.743179	97.722168	97.729065	97.784348	97.75354	97.791794	98.076218	98.027596	98.008553	98.034653	97.862244	97.990555	97.883804	97.913025	99.577957	99.94693	99.995071	99.977257	99.981323	99.992249	99.989174	99.989792	99.991394	100.0	99.994492	99.869049	99.851349	99.955185	99.920204	99.798996	99.77932	99.785248	99.802963	99.856514	99.841057	99.841743	98.667435	98.66806	98.66246	98.696289	98.681931	98.281586	98.295578	98.565964	99.010262
