858423.18	1325090.15	1855319.3	1325112.3	1325095.3	2911010.5	83627.3	858423.19	2876780.6	1355477.98	1038867.3	2782624.3	754500.3	2782671.3	255045.57	255045.56	2782666.3	2926009.3	335659.3	244734.18	375.251	29448.131	375.225	241591.3	2597515.4	1803665.3	1399419.3	2782664.3	375.244	1404768.8	1179474.4	574934.3	709803.3	2035447.3	244734.17	1325114.3	1325115.7	1420727.4	167468.3	1325102.3	993502.5	1404888.3	574727.4	2782634.3	2057741.8	1197460.4	29448.139	2817700.3	2913970.3	630921.8	1325120.3	1437360.5	1904807.3	2715960.3	1619232.5	83637.3	1325100.3	1521768.3	2904800.6	288000.8	2734909.5	114615.4	115808.6	2898149.3	1245469.3	189873.4	1274631.4	2782658.3	858422.3	190148.11	722472.8	722472.7	1437360.9	722472.6	2840472.3	1437360.11	113395.3	1437360.8	255045.4
100.0	84.886383	84.911415	85.045731	84.929672	84.867355	85.513611	85.135872	85.236511	85.214752	85.14119	85.388321	85.122406	85.050697	85.089874	85.179886	85.592949	85.661514	85.44043	85.697556	86.016266	85.794266	85.745132	85.318542	85.524277	85.618484	85.590263	85.273575	85.5755	85.421638	85.44883	85.447121	85.439888	85.540695	85.43457	85.354172	85.296265	85.54071	85.240692	85.285065	85.323296	85.491364	85.501648	85.167572	82.537163	82.658813	82.78196	82.749985	82.751602	82.712685	82.679871	82.673958	82.684425	82.724731	82.372696	82.856728	82.921097	79.631271	79.465012	81.417328	81.603149	81.672371	81.63176	81.590462	81.550903	81.580826	81.650635	81.767029	81.698746	82.053741	82.009888	81.928543	81.724503	81.062302	82.061447	81.523254	81.578171	80.45752	80.49884
84.886383	100.0	91.775658	90.885956	90.262634	90.283279	87.808708	88.810417	88.542007	88.563393	88.538147	86.869316	86.732193	86.688522	86.663925	86.832565	87.245728	87.399895	87.264267	87.443695	87.629715	87.421722	87.578186	87.385559	87.613937	87.736771	87.354523	86.850563	87.509521	87.379852	87.236374	87.403267	87.429047	87.61441	87.581421	89.349838	89.255638	87.269905	87.069351	86.983643	86.869553	87.182785	87.211037	86.666504	82.550674	82.502426	82.799774	82.679962	82.758835	82.519165	82.548096	82.509521	82.723129	82.651245	82.243088	82.983231	82.723877	79.590134	79.445068	81.427444	81.601715	81.769852	81.720047	81.5345	81.710541	81.450516	81.319504	81.396515	81.422928	81.645935	81.508759	81.718414	81.472885	80.792023	81.631882	81.361572	81.343834	80.288078	80.336632
84.911415	91.775658	100.0	88.954605	88.31781	88.246689	87.583801	88.59021	88.336288	88.521362	88.477173	86.735603	86.591316	86.451157	86.423874	86.571846	87.096436	87.175186	87.0849	87.269638	87.290588	87.182854	87.119637	87.215775	87.575226	87.450836	87.020737	86.550308	87.0616	87.117256	87.131645	87.161285	87.243652	87.229576	87.138824	86.982849	86.953514	86.92659	87.020676	86.921326	86.575195	86.83255	87.008514	86.434875	82.44104	82.421585	82.627838	82.482895	82.575119	82.426445	82.448906	82.3302	82.539856	82.446472	82.020981	82.797478	82.583939	79.568916	79.334587	81.254593	81.427032	81.493011	81.545776	81.287537	81.408386	81.134987	81.133438	81.231972	81.21962	81.489525	81.40403	81.616661	81.294502	80.681915	81.513382	81.046021	81.158157	80.131317	80.300049
85.045731	90.885956	88.954605	100.0	91.125046	91.046951	88.155235	89.246033	88.881668	89.004181	88.897324	87.163101	86.944565	86.894478	86.904701	87.044182	87.485397	87.519699	87.48436	87.758904	87.905624	87.696022	87.670242	87.697418	87.856567	87.936584	87.71447	86.982727	87.591553	87.506096	87.442688	87.487839	87.644218	87.683853	87.368629	89.468216	89.412239	87.46286	87.147018	87.160042	87.04454	87.334656	87.354172	86.890091	82.818771	82.625793	82.82811	82.781754	82.914871	82.621277	82.819946	82.660797	82.821907	82.839798	82.41935	83.013947	82.969116	79.962585	79.450272	81.500381	81.690712	81.826752	81.845139	81.594994	81.765244	81.436829	81.434265	81.560257	81.542259	81.80481	81.527802	81.871231	81.548218	80.904205	81.805511	81.328812	81.571075	80.375748	80.347137
84.929672	90.262634	88.31781	91.125046	100.0	93.146919	88.09819	89.669952	89.057037	89.014992	88.914337	87.016724	86.872009	86.797226	86.752167	86.95697	87.302521	87.523392	87.377136	87.636093	87.759399	87.623055	87.584663	87.633438	87.770355	87.84343	87.42894	86.856186	87.375664	87.304413	87.342957	87.362099	87.379883	87.462746	87.204872	89.346786	89.257233	87.239616	86.869446	86.807724	86.792007	87.147758	87.138916	86.567505	82.694473	82.623489	82.677589	82.759544	82.920212	82.65477	82.74575	82.590027	82.735382	82.775818	82.330032	82.854828	82.803391	79.708847	79.53019	81.415031	81.778236	81.714638	81.763687	81.543358	81.693726	81.464081	81.374039	81.433006	81.469604	81.783035	81.671661	81.821823	81.53595	80.929199	81.659843	81.353676	81.46228	80.329376	80.492294
84.867355	90.283279	88.246689	91.046951	93.146919	100.0	88.056412	89.522934	89.009811	88.99202	88.86174	86.957245	86.774521	86.68277	86.715683	86.775497	87.242577	87.47863	87.338135	87.538712	87.671783	87.543121	87.519157	87.534363	87.641914	87.712509	87.330215	86.72467	87.344986	87.127533	87.176651	87.211601	87.306213	87.390671	87.401283	89.065048	88.971428	87.148331	86.87529	86.688675	86.759933	87.034813	87.008591	86.457832	82.435455	82.403755	82.589478	82.532913	82.694748	82.479172	82.639328	82.43689	82.622681	82.537216	82.239944	82.992043	82.674789	79.703979	79.421494	81.332443	81.61235	81.596855	81.648499	81.399529	81.591499	81.318832	81.20385	81.331299	81.260353	81.576874	81.404404	81.758041	81.417534	80.703041	81.621468	81.190598	81.354111	80.302338	80.225113
85.513611	87.808708	87.583801	88.155235	88.09819	88.056412	100.0	88.443222	88.786781	88.729156	88.781952	87.782547	87.721069	87.695374	87.58783	87.75679	88.138206	88.34037	88.041367	88.196724	88.77977	88.361626	88.408539	88.332123	88.137024	88.274719	88.105255	87.390366	88.09008	87.775223	87.732407	87.727097	87.822334	87.843437	87.636124	87.682472	87.607582	87.772675	87.507919	87.656647	87.435852	87.6744	87.765495	87.464325	82.844604	82.836792	83.037979	82.937897	82.995789	82.823517	82.950104	82.849579	83.038055	82.930984	82.59964	83.144714	83.187645	79.845474	79.563416	81.580307	81.802567	81.868546	81.979935	81.788925	81.928467	81.722305	81.7659	81.692665	81.69413	82.050865	81.811592	82.000458	81.764465	81.265472	82.014114	81.623413	81.664993	80.474075	80.58493
85.135872	88.810417	88.59021	89.246033	89.669952	89.522934	88.443222	100.0	89.339699	89.372513	89.352722	87.285065	87.17215	87.050156	87.006683	87.181549	87.647652	87.776596	87.817978	88.03363	88.492805	88.319336	88.471817	87.967484	87.982857	88.11821	87.716949	87.057938	88.145752	87.672951	87.593292	87.568329	87.694046	87.744324	87.411728	87.499184	87.367813	87.316467	86.959366	87.129654	87.616524	87.556374	87.2827	86.885811	82.837791	82.676743	82.884422	82.883102	82.960388	82.699112	82.817627	82.766167	82.82312	82.966286	82.528732	83.023125	82.968338	79.937531	79.710289	81.36171	81.697708	81.818573	81.877655	81.630157	81.709137	81.544632	81.497131	81.574615	81.535378	81.84185	81.619469	81.951859	81.600601	80.852783	81.844116	81.443314	81.552536	80.436272	80.54747
85.236511	88.542007	88.336288	88.881668	89.057037	89.009811	88.786781	89.339699	100.0	91.302353	90.967079	87.637207	87.442245	87.414619	87.450401	87.601112	87.963409	88.117554	88.044464	88.290237	88.267609	88.38623	88.339088	88.422989	88.100006	88.073158	87.68428	87.278694	87.788979	87.762238	87.681656	87.561531	87.638062	87.683365	87.408356	87.506561	87.3806	87.369675	87.171761	87.229507	87.165253	87.46521	87.445267	87.023613	82.762291	82.710114	82.863708	82.830383	82.943329	82.750366	82.818886	82.664963	82.797089	82.921936	82.50724	83.07312	82.936737	79.917213	79.595688	81.448517	81.822311	81.880722	81.791862	81.660202	81.730286	81.526924	81.514526	81.579224	81.523521	81.925217	81.616035	81.887329	81.63063	80.939934	81.750961	81.428421	81.37439	80.452957	80.384323
85.214752	88.563393	88.521362	89.004181	89.014992	88.99202	88.729156	89.372513	91.302353	100.0	92.490479	87.658966	87.53862	87.490204	87.363739	87.592636	88.003998	88.216187	87.975021	88.216278	88.322723	88.466782	88.354012	88.301735	88.008392	88.160797	87.716576	87.359894	87.885429	87.821632	87.783821	87.641434	87.655556	87.763725	87.501137	87.616661	87.372696	87.422485	87.212067	87.16394	87.191193	87.558006	87.618576	87.07132	82.674744	82.703941	82.776169	82.780167	82.997162	82.668991	82.804642	82.739891	82.764313	82.836792	82.472229	83.018463	82.95108	79.760757	79.413177	81.312805	81.61161	81.763176	81.752464	81.492355	81.663269	81.465652	81.465881	81.566391	81.554947	81.740875	81.733749	81.921646	81.65799	80.91658	81.780472	81.343575	81.416702	80.358185	80.415558
85.14119	88.538147	88.477173	88.897324	88.914337	88.86174	88.781952	89.352722	90.967079	92.490479	100.0	87.697708	87.469742	87.377968	87.363884	87.58387	88.169846	88.203049	87.930893	88.152603	88.249847	88.181534	88.172546	88.281578	87.993469	88.015404	87.594368	87.438797	87.833916	87.68808	87.65802	87.563446	87.668457	87.756012	87.447678	87.518509	87.29071	87.35701	87.149719	87.162979	87.070251	87.514984	87.486816	87.064316	82.52623	82.519424	82.694702	82.728783	82.881378	82.612747	82.772453	82.626862	82.711945	82.761337	82.272522	82.945435	82.825119	79.683456	79.324371	81.34581	81.634155	81.664932	81.708794	81.507988	81.669678	81.413757	81.386658	81.497375	81.454788	81.695145	81.582253	81.780899	81.539185	80.871841	81.776604	81.472473	81.262497	80.235245	80.310715
85.388321	86.869316	86.735603	87.163101	87.016724	86.957245	87.782547	87.285065	87.637207	87.658966	87.697708	100.0	92.434921	92.363937	92.348801	92.415222	90.783127	89.895935	88.470123	88.74173	89.201965	89.182556	89.092621	88.597656	88.354546	88.412918	88.197784	88.663162	88.799988	88.40657	88.400932	88.238144	88.259811	88.337219	88.046951	88.370811	88.106773	87.976234	87.83992	88.016647	87.901909	88.192963	88.415115	88.074036	82.621918	82.683472	82.783569	82.730614	82.867142	82.690552	82.778275	82.597137	82.768738	82.763443	82.377678	82.906403	82.956207	79.773041	79.558067	81.438812	81.614029	81.699142	81.815125	81.482422	81.700439	81.635399	81.499741	81.598984	81.698151	81.934479	81.73204	81.941147	81.65538	80.930786	81.917252	81.406418	81.456451	80.209381	80.404335
85.122406	86.732193	86.591316	86.944565	86.872009	86.774521	87.721069	87.17215	87.442245	87.53862	87.469742	92.434921	100.0	94.72348	94.123337	94.228134	90.619705	89.940895	88.420288	88.614113	88.922653	88.843048	88.762497	88.62426	88.040863	88.36145	88.000748	88.266785	88.448761	88.305374	88.453705	88.124252	88.10994	88.180634	87.934464	88.065964	87.890244	87.780258	87.625778	87.84404	87.695717	88.082001	88.139427	87.746902	82.508263	82.647133	82.720924	82.773102	82.872513	82.685204	82.744835	82.636635	82.762421	82.698952	82.398903	83.026024	82.941788	79.733681	79.478653	81.390747	81.656418	81.662582	81.758545	81.634659	81.736923	81.554916	81.494293	81.749924	81.661469	81.894669	81.628525	82.003342	81.696686	80.846527	81.852859	81.472488	81.39431	80.467712	80.352417
85.050697	86.688522	86.451157	86.894478	86.797226	86.68277	87.695374	87.050156	87.414619	87.490204	87.377968	92.363937	94.72348	100.0	94.124008	93.93428	90.766998	89.802773	88.453384	88.648117	88.859772	88.784073	88.750618	88.639328	88.064468	88.340317	87.959457	88.232742	88.417999	88.245506	88.335907	88.137314	88.144196	88.176315	87.828568	87.90007	87.771553	87.70311	87.433731	87.683624	87.597252	88.034691	87.999054	87.861252	82.558121	82.507042	82.668793	82.683762	82.862572	82.592484	82.632599	82.644028	82.676338	82.700714	82.417664	82.84024	82.811081	79.698212	79.479385	81.476562	81.694077	81.620468	81.729233	81.569969	81.577515	81.408173	81.416519	82.136887	81.614288	81.735718	81.751373	81.913757	81.607475	80.917465	81.944504	81.489624	81.299461	80.304443	80.379745
85.089874	86.663925	86.423874	86.904701	86.752167	86.715683	87.58783	87.006683	87.450401	87.363739	87.363884	92.348801	94.123337	94.124008	100.0	94.352356	90.455139	89.709976	88.323761	88.558266	88.874321	88.818222	88.739319	88.513985	88.023415	88.163719	87.891479	88.161041	88.235947	88.162048	88.347565	88.025421	88.045761	88.159012	87.782784	87.874702	87.759972	87.581299	87.382431	87.710991	87.532059	87.988724	87.851044	87.598473	82.511383	82.547585	82.683159	82.712181	82.756409	82.568497	82.562752	82.606995	82.654984	82.696999	82.283997	82.871986	82.799957	79.638924	79.439331	81.355865	81.625854	81.745041	81.792374	81.577423	81.625038	81.441559	81.475296	81.663864	81.635803	81.81337	81.746567	81.889053	81.567413	80.836594	81.844109	81.469269	81.33522	80.271378	80.437569
85.179886	86.832565	86.571846	87.044182	86.95697	86.775497	87.75679	87.181549	87.601112	87.592636	87.58387	92.415222	94.228134	93.93428	94.352356	100.0	90.677826	89.986931	88.496361	88.758041	89.010765	88.988068	88.817841	88.684586	88.130264	88.391006	88.020767	88.309616	88.620041	88.391563	88.553238	88.312531	88.242287	88.349335	88.017929	88.125397	87.906593	87.883018	87.655197	87.944931	87.787369	88.169563	88.167099	87.810204	82.601662	82.632065	82.678078	82.634705	82.775879	82.601662	82.622078	82.683105	82.801819	82.634277	82.42572	82.916023	82.874649	79.748489	79.414398	81.401962	81.72226	81.787872	81.835121	81.596428	81.751854	81.572212	81.511429	81.739639	81.582726	81.855934	81.583488	81.986992	81.594498	80.920807	81.971725	81.529388	81.344269	80.353714	80.496994
85.592949	87.245728	87.096436	87.485397	87.302521	87.242577	88.138206	87.647652	87.963409	88.003998	88.169846	90.783127	90.619705	90.766998	90.455139	90.677826	100.0	89.949966	88.711845	89.040512	89.48732	89.339882	89.364174	89.315056	88.697792	88.703888	88.445152	88.431068	89.020706	88.615799	88.672958	88.534554	88.536484	88.486404	88.210869	88.548813	88.269386	88.192085	88.123611	88.284561	88.06974	88.418724	88.670502	88.064072	82.705986	82.774513	82.928802	82.812737	82.935104	82.71183	82.821045	82.693832	82.875732	82.856987	82.571381	83.058403	83.00737	79.759232	79.433022	81.620209	81.71315	81.803909	81.950317	81.695152	81.835144	81.72702	81.649879	81.696266	81.850647	81.993546	81.870621	82.155457	81.952599	81.090103	81.900757	81.484612	81.495331	80.471466	80.505234
85.661514	87.399895	87.175186	87.519699	87.523392	87.47863	88.34037	87.776596	88.117554	88.216187	88.203049	89.895935	89.940895	89.802773	89.709976	89.986931	89.949966	100.0	89.101212	89.336426	89.789291	89.47551	89.473114	89.138321	88.934174	88.878555	88.702034	88.533325	89.061737	88.822548	88.964172	88.629105	88.804222	88.791718	88.503189	88.646393	88.492584	88.431656	88.342133	88.43631	88.236557	88.59761	88.769547	88.351334	82.907394	82.842934	83.047592	83.052155	83.195007	82.976547	83.130661	82.919937	83.085266	83.053024	82.762466	83.219528	83.240402	79.800598	79.623665	81.699463	82.064651	82.018112	82.132385	81.927742	82.010635	81.800835	81.696236	81.957054	81.832275	82.029282	81.908569	82.272034	81.958603	81.143478	82.150986	81.772324	81.705711	80.544861	80.66629
85.44043	87.264267	87.0849	87.48436	87.377136	87.338135	88.041367	87.817978	88.044464	87.975021	87.930893	88.470123	88.420288	88.453384	88.323761	88.496361	88.711845	89.101212	100.0	94.144714	89.22998	89.402458	89.318985	88.993866	88.660416	88.769814	88.424271	87.933121	88.60498	88.715286	88.767685	88.375061	88.55397	88.620438	88.148605	88.265625	88.102951	88.121414	87.928894	88.096848	87.865578	88.110031	88.23539	87.792755	82.703148	82.757584	82.913956	83.036453	82.992477	82.797523	82.913452	82.850677	82.899384	82.988197	82.574974	83.10804	83.104828	79.749329	79.653473	81.610474	81.934967	82.015228	82.045868	81.83004	81.905388	81.605545	81.63237	81.8564	81.719574	81.823395	81.845139	82.142113	81.750183	81.074692	82.102966	81.555588	81.621902	80.45784	80.576904
85.697556	87.443695	87.269638	87.758904	87.636093	87.538712	88.196724	88.03363	88.290237	88.216278	88.152603	88.74173	88.614113	88.648117	88.558266	88.758041	89.040512	89.336426	94.144714	100.0	89.551971	89.630157	89.59771	89.301193	89.023849	89.075981	88.745819	88.233818	88.858032	88.922592	89.029099	88.722893	88.739929	88.815308	88.417603	88.612717	88.379776	88.259018	88.157898	88.420792	88.022644	88.430573	88.531387	87.924866	83.538193	82.920074	82.963348	83.071732	83.155441	83.038979	83.065414	82.961548	83.105141	83.020966	82.702774	83.279449	83.322029	79.891434	79.638489	81.561905	81.960358	81.994629	82.117004	81.783905	82.041946	81.78717	81.704109	82.033577	81.88356	82.087677	81.888931	82.260605	81.870956	81.168274	82.268539	81.634872	81.672958	80.525696	80.624207
86.016266	87.629715	87.290588	87.905624	87.759399	87.671783	88.77977	88.492805	88.267609	88.322723	88.249847	89.201965	88.922653	88.859772	88.874321	89.010765	89.48732	89.789291	89.22998	89.551971	100.0	90.612854	90.942566	89.48233	89.179329	89.688103	89.73806	88.85524	90.783173	89.130798	89.186577	88.994827	89.281906	89.213249	88.902847	88.96624	88.796303	88.897293	88.658081	88.78138	89.953247	88.832535	88.884201	88.552505	83.040527	83.123444	83.78598	83.130165	83.307442	83.048141	83.072563	83.145432	83.196838	83.292221	82.764374	83.359894	83.222763	79.96817	79.702896	81.824707	82.207748	82.280426	82.305267	81.999557	82.181992	81.868896	81.864868	81.991364	81.937798	82.218323	82.162872	82.309898	81.977478	81.225883	82.317474	81.851715	81.921265	80.614853	80.643814
85.794266	87.421722	87.182854	87.696022	87.623055	87.543121	88.361626	88.319336	88.38623	88.466782	88.181534	89.182556	88.843048	88.784073	88.818222	88.988068	89.339882	89.47551	89.402458	89.630157	90.612854	100.0	95.703491	89.472656	89.159088	89.166672	88.772797	88.483376	90.078705	88.82515	88.829712	88.622475	88.780701	88.859375	88.449234	88.676773	88.346313	88.307152	88.318726	88.223236	89.056824	88.704468	88.504852	88.147415	82.821533	82.886169	83.100525	82.942543	83.152473	82.849617	82.939026	82.980553	83.054306	82.964989	82.650742	83.086555	83.090294	79.945618	79.649055	81.602142	81.9375	82.026657	82.01017	81.852936	81.9328	81.687561	81.659332	81.913925	81.754509	82.11528	82.01783	82.319603	81.801163	81.139465	82.150742	81.536255	81.608276	80.615341	80.5783
85.745132	87.578186	87.119637	87.670242	87.584663	87.519157	88.408539	88.471817	88.339088	88.354012	88.172546	89.092621	88.762497	88.750618	88.739319	88.817841	89.364174	89.473114	89.318985	89.59771	90.942566	95.703491	100.0	89.251442	89.12252	89.193695	88.751129	88.45327	90.312576	88.720184	88.762299	88.640762	88.743454	88.883057	88.507294	88.593109	88.254242	88.270714	88.174896	88.18116	89.621429	88.56749	88.466354	88.084267	82.853004	82.93045	83.603226	82.992744	83.281754	82.949837	83.045135	83.048203	83.159653	83.100372	82.631607	83.175705	83.121811	79.952011	79.701859	81.662262	81.970917	82.012161	82.080551	82.035423	81.950256	81.698174	81.724625	81.828201	81.868958	82.120888	81.842957	82.149109	81.805984	81.167526	82.094955	81.544067	81.626518	80.52359	80.484344
85.318542	87.385559	87.215775	87.697418	87.633438	87.534363	88.332123	87.967484	88.422989	88.301735	88.281578	88.597656	88.62426	88.639328	88.513985	88.684586	89.315056	89.138321	88.993866	89.301193	89.48233	89.472656	89.251442	100.0	88.923737	89.066238	88.732208	87.953857	88.640503	88.496811	88.443207	88.31575	88.444855	88.483551	88.010391	88.27475	88.087814	88.015419	87.893112	88.006721	87.754082	88.061691	88.237183	87.725304	82.637291	82.678627	82.71405	82.744034	82.912964	82.683716	82.764236	82.642242	82.878159	82.806503	82.478813	83.001785	82.929527	79.704926	79.564117	81.428665	81.715729	81.755661	81.888916	81.627243	81.770767	81.564392	81.483383	81.671967	81.59758	81.940216	81.773331	82.028732	81.785233	80.966927	81.873337	81.295105	81.35791	80.311096	80.447525
85.524277	87.613937	87.575226	87.856567	87.770355	87.641914	88.137024	87.982857	88.100006	88.008392	87.993469	88.354546	88.040863	88.064468	88.023415	88.130264	88.697792	88.934174	88.660416	89.023849	89.179329	89.159088	89.12252	88.923737	100.0	89.649002	89.091553	88.269623	88.690948	88.641251	88.667084	88.684563	88.906601	88.98172	88.544998	88.640213	88.397354	88.585709	88.521637	89.080734	88.256454	88.806671	88.617188	88.078239	83.036919	82.966591	83.065033	83.083092	83.219864	83.044456	83.084236	83.023438	83.166733	83.130554	82.751709	83.29007	83.359108	79.910492	79.63559	81.663116	82.075851	82.066971	82.12796	81.946411	82.027817	81.74054	81.70726	81.699081	81.880844	81.99176	81.844421	82.114136	81.709351	81.063065	82.106438	81.595963	81.64769	80.474136	80.506714
85.618484	87.736771	87.450836	87.936584	87.84343	87.712509	88.274719	88.11821	88.073158	88.160797	88.015404	88.412918	88.36145	88.340317	88.163719	88.391006	88.703888	88.878555	88.769814	89.075981	89.688103	89.166672	89.193695	89.066238	89.649002	100.0	90.334473	88.510338	89.16304	88.926086	88.876976	89.128372	89.167816	89.380325	88.880211	89.06559	88.800941	88.99881	88.723824	88.70121	88.563454	88.776199	88.665291	88.214951	83.017464	83.03791	83.157661	83.185539	83.309998	83.130524	83.116333	83.134033	83.130981	83.292297	82.78717	83.368088	83.366341	79.935989	79.943214	81.800629	82.183258	82.151672	82.358154	82.056572	82.180336	81.772049	81.843643	81.939209	81.837418	82.194588	81.908211	82.207535	81.831192	81.207916	82.223785	81.67675	81.846954	80.471848	80.556259
85.590263	87.354523	87.020737	87.71447	87.42894	87.330215	88.105255	87.716949	87.68428	87.716576	87.594368	88.197784	88.000748	87.959457	87.891479	88.020767	88.445152	88.702034	88.424271	88.745819	89.73806	88.772797	88.751129	88.732208	89.091553	90.334473	100.0	88.236816	88.866486	88.637871	88.59935	88.731331	89.029663	89.037277	88.56723	88.691956	88.73497	89.025681	88.768158	88.506104	88.290497	88.477486	88.580475	88.016617	82.912971	82.800529	82.964439	82.981079	83.134483	82.907227	82.859924	82.835648	82.972115	83.085205	82.61969	83.130821	83.087799	79.92131	79.619438	81.74511	82.062019	82.093567	82.16922	81.949326	82.111099	81.67765	81.76178	81.788086	81.758728	82.059937	81.856522	82.137985	81.816269	81.012054	82.094917	81.518883	81.622635	80.43985	80.461639
85.273575	86.850563	86.550308	86.982727	86.856186	86.72467	87.390366	87.057938	87.278694	87.359894	87.438797	88.663162	88.266785	88.232742	88.161041	88.309616	88.431068	88.533325	87.933121	88.233818	88.85524	88.483376	88.45327	87.953857	88.269623	88.510338	88.236816	100.0	90.290039	89.62867	89.740479	90.467133	89.676437	89.672943	89.623726	89.999939	89.595001	88.613037	88.382675	88.710342	88.467438	88.746964	88.784142	88.361832	82.584793	82.497932	82.702026	82.681366	82.78183	82.522217	82.692451	82.503662	82.749405	82.632812	82.080338	82.694778	82.84996	79.67804	79.447182	81.536606	81.696243	81.759483	81.811951	81.630829	81.784729	81.521332	81.63549	81.610275	81.630249	81.90477	81.568672	81.837845	81.582817	80.981522	81.764923	81.357697	81.375282	80.3741	80.385284
85.5755	87.509521	87.0616	87.591553	87.375664	87.344986	88.09008	88.145752	87.788979	87.885429	87.833916	88.799988	88.448761	88.417999	88.235947	88.620041	89.020706	89.061737	88.60498	88.858032	90.783173	90.078705	90.312576	88.640503	88.690948	89.16304	88.866486	90.290039	100.0	91.76506	91.985062	90.652893	90.70192	90.827133	90.174942	90.488243	90.134308	89.085518	88.681374	89.160156	90.099152	89.18766	88.941193	88.560394	82.891945	82.840088	83.578232	82.942108	83.16729	82.853493	82.807777	82.853531	82.981651	83.072235	82.625732	83.211975	83.119171	79.962402	79.655777	81.747177	82.051086	82.064194	82.176888	81.92627	82.165222	81.744797	81.756622	81.890373	81.875214	82.114548	81.824448	82.099625	81.778961	81.128319	82.195786	81.547623	81.723991	80.482323	80.624794
85.421638	87.379852	87.117256	87.506096	87.304413	87.127533	87.775223	87.672951	87.762238	87.821632	87.68808	88.40657	88.305374	88.245506	88.162048	88.391563	88.615799	88.822548	88.715286	88.922592	89.130798	88.82515	88.720184	88.496811	88.641251	88.926086	88.637871	89.62867	91.76506	100.0	93.89782	90.507324	90.473694	90.374954	89.839111	90.157944	89.752029	88.981476	88.552414	88.907425	88.482903	88.707565	88.638817	88.209724	82.938362	82.932602	82.991478	83.006439	83.092743	82.924706	83.004974	82.868713	83.019531	83.092087	82.513138	83.131439	83.163437	80.077179	79.654724	81.733032	82.00959	82.034149	82.263985	81.952881	82.110008	81.721771	81.725487	81.858139	81.942123	82.018852	81.804016	82.097366	81.844772	81.189323	82.092232	81.570557	81.631699	80.474945	80.603317
85.44883	87.236374	87.131645	87.442688	87.342957	87.176651	87.732407	87.593292	87.681656	87.783821	87.65802	88.400932	88.453705	88.335907	88.347565	88.553238	88.672958	88.964172	88.767685	89.029099	89.186577	88.829712	88.762299	88.443207	88.667084	88.876976	88.59935	89.740479	91.985062	93.89782	100.0	90.386703	90.471329	90.339417	89.909317	90.212494	89.792877	88.962708	88.545135	88.9776	88.447571	88.791367	88.743988	88.284698	82.820877	82.882828	82.914032	82.924118	83.054352	82.91774	82.928429	82.790955	82.998611	82.90979	82.549278	83.115509	83.09169	79.876175	79.621597	81.61821	81.950775	82.011246	82.204361	81.926361	82.084259	81.770584	81.711823	81.838989	81.841843	82.06942	81.7854	82.042313	81.848206	81.039398	82.163551	81.608505	81.685249	80.523193	80.439636
85.447121	87.403267	87.161285	87.487839	87.362099	87.211601	87.727097	87.568329	87.561531	87.641434	87.563446	88.238144	88.124252	88.137314	88.025421	88.312531	88.534554	88.629105	88.375061	88.722893	88.994827	88.622475	88.640762	88.31575	88.684563	89.128372	88.731331	90.467133	90.652893	90.507324	90.386703	100.0	90.719643	90.708954	90.434128	91.706909	90.127197	89.166718	88.711914	88.955223	88.721207	88.809258	88.890457	88.405624	82.788727	82.756844	82.959679	82.915962	83.06044	82.944794	82.862907	82.821182	82.997589	82.999275	82.468765	83.047699	83.112434	79.926376	79.787537	81.78006	82.126526	82.086426	82.214294	81.893211	82.07959	81.679535	81.697411	81.801437	81.83165	82.048462	81.801079	82.130127	81.795349	81.042641	82.123741	81.54245	81.557907	80.468346	80.540665
85.439888	87.429047	87.243652	87.644218	87.379883	87.306213	87.822334	87.694046	87.638062	87.655556	87.668457	88.259811	88.10994	88.144196	88.045761	88.242287	88.536484	88.804222	88.55397	88.739929	89.281906	88.780701	88.743454	88.444855	88.906601	89.167816	89.029663	89.676437	90.70192	90.473694	90.471329	90.719643	100.0	93.593536	90.414871	90.773788	90.485077	89.250854	88.819435	89.121979	88.678223	88.87899	88.829742	88.340645	82.807823	82.850143	83.054932	83.094887	83.211578	83.023041	83.070114	82.90921	83.046036	83.008133	82.537888	83.337883	83.27301	80.048767	79.635818	81.870956	82.051407	82.150757	82.23468	81.987411	82.147232	81.749283	81.621002	81.821243	81.778076	81.998459	81.817474	82.104164	81.740318	81.105766	82.137436	81.540718	81.677902	80.548187	80.561722
85.540695	87.61441	87.229576	87.683853	87.462746	87.390671	87.843437	87.744324	87.683365	87.763725	87.756012	88.337219	88.180634	88.176315	88.159012	88.349335	88.486404	88.791718	88.620438	88.815308	89.213249	88.859375	88.883057	88.483551	88.98172	89.380325	89.037277	89.672943	90.827133	90.374954	90.339417	90.708954	93.593536	100.0	90.430191	90.786041	90.375641	89.216209	88.797073	89.09523	88.696518	88.831871	88.87265	88.320221	82.928917	82.98703	83.287743	83.158966	83.25827	83.10112	83.075653	83.070076	83.10701	83.207344	82.67041	83.242935	83.257919	79.981705	79.699844	81.868622	82.108253	82.219162	82.20787	81.988464	82.227547	81.814278	81.848343	81.92144	81.79306	82.217949	81.950302	82.144333	81.797424	81.148872	82.123932	81.639954	81.815231	80.512695	80.537079
85.43457	87.581421	87.138824	87.368629	87.204872	87.401283	87.636124	87.411728	87.408356	87.501137	87.447678	88.046951	87.934464	87.828568	87.782784	88.017929	88.210869	88.503189	88.148605	88.417603	88.902847	88.449234	88.507294	88.010391	88.544998	88.880211	88.56723	89.623726	90.174942	89.839111	89.909317	90.434128	90.414871	90.430191	100.0	91.29187	90.486298	89.351471	88.80825	89.427284	88.793472	88.8927	88.87413	88.40934	82.971375	82.935272	83.172104	83.212509	83.282318	83.057419	83.206772	83.066444	83.250656	83.152542	82.643799	83.252533	83.322037	80.191078	79.72303	81.83725	82.278313	82.248596	82.44281	82.006241	82.276016	81.891571	81.858788	81.875	81.867798	82.144051	81.910065	82.112274	81.811569	81.235611	82.260925	81.733871	81.795288	80.552277	80.685516
85.354172	89.349838	86.982849	89.468216	89.346786	89.065048	87.682472	87.499184	87.506561	87.616661	87.518509	88.370811	88.065964	87.90007	87.874702	88.125397	88.548813	88.646393	88.265625	88.612717	88.96624	88.676773	88.593109	88.27475	88.640213	89.06559	88.691956	89.999939	90.488243	90.157944	90.212494	91.706909	90.773788	90.786041	91.29187	100.0	92.038986	89.104401	88.64061	88.806091	88.672043	88.907661	88.878426	88.187836	82.88533	82.825806	83.009018	82.943436	83.151321	82.802124	82.961624	82.823502	82.883286	82.98671	82.523178	83.123543	83.090324	79.966629	79.664375	81.757118	82.081635	81.987457	82.15538	81.795898	81.979309	81.851334	81.760017	81.81543	81.870766	81.978973	81.861092	82.139198	81.829353	81.068596	82.114761	81.695053	81.701294	80.456894	80.513275
85.296265	89.255638	86.953514	89.412239	89.257233	88.971428	87.607582	87.367813	87.3806	87.372696	87.29071	88.106773	87.890244	87.771553	87.759972	87.906593	88.269386	88.492584	88.102951	88.379776	88.796303	88.346313	88.254242	88.087814	88.397354	88.800941	88.73497	89.595001	90.134308	89.752029	89.792877	90.127197	90.485077	90.375641	90.486298	92.038986	100.0	89.431381	88.925919	89.028427	88.541985	88.772491	88.815598	88.27758	82.828941	82.678917	82.917076	82.871033	83.017197	82.681221	82.952728	82.799484	82.953011	82.940353	82.389725	83.038612	83.016167	80.005692	79.651779	81.764786	82.039154	82.034424	82.096848	81.919708	82.045143	81.593422	81.543289	81.648285	81.668228	81.986717	81.723602	82.059921	81.643585	80.98188	81.920914	81.564697	81.625366	80.420906	80.493675
85.54071	87.269905	86.92659	87.46286	87.239616	87.148331	87.772675	87.316467	87.369675	87.422485	87.35701	87.976234	87.780258	87.70311	87.581299	87.883018	88.192085	88.431656	88.121414	88.259018	88.897293	88.307152	88.270714	88.015419	88.585709	88.99881	89.025681	88.613037	89.085518	88.981476	88.962708	89.166718	89.250854	89.216209	89.351471	89.104401	89.431381	100.0	90.01442	89.992523	88.847519	89.083084	88.80307	88.468605	82.986313	82.83992	83.104858	83.00592	83.196121	82.943497	83.146278	82.88353	83.17363	82.963638	82.550926	83.168198	83.231613	80.098633	79.608795	81.862869	82.153084	82.248932	82.184021	82.079536	82.165466	81.776848	81.85701	81.885406	82.014267	82.153488	81.916489	82.110268	81.762482	81.205475	82.134804	81.63427	81.783096	80.516617	80.599045
85.240692	87.069351	87.020676	87.147018	86.869446	86.87529	87.507919	86.959366	87.171761	87.212067	87.149719	87.83992	87.625778	87.433731	87.382431	87.655197	88.123611	88.342133	87.928894	88.157898	88.658081	88.318726	88.174896	87.893112	88.521637	88.723824	88.768158	88.382675	88.681374	88.552414	88.545135	88.711914	88.819435	88.797073	88.80825	88.64061	88.925919	90.01442	100.0	90.040344	88.385544	88.578247	89.225594	88.374878	82.70932	82.6772	82.78183	82.862411	82.973053	82.724854	82.748833	82.627426	82.828064	82.847237	82.290955	82.931427	82.885742	79.834358	79.534889	81.654778	81.790131	81.943283	82.128235	81.796692	81.93515	81.643959	81.664825	81.649445	81.844627	81.828255	81.680374	81.919662	81.489395	80.999893	81.869263	81.323868	81.521591	80.383987	80.409317
85.285065	86.983643	86.921326	87.160042	86.807724	86.688675	87.656647	87.129654	87.229507	87.16394	87.162979	88.016647	87.84404	87.683624	87.710991	87.944931	88.284561	88.43631	88.096848	88.420792	88.78138	88.223236	88.18116	88.006721	89.080734	88.70121	88.506104	88.710342	89.160156	88.907425	88.9776	88.955223	89.121979	89.09523	89.427284	88.806091	89.028427	89.992523	90.040344	100.0	88.58638	88.896446	88.956108	88.479324	82.735397	82.673523	82.975266	83.066696	83.044434	82.815903	82.867508	82.756927	82.894447	82.94725	82.484268	83.03466	82.979805	80.008255	79.614548	81.787155	82.063896	82.133369	82.160141	81.928429	82.066063	81.632431	81.596817	81.720688	81.772034	81.944473	81.765762	81.986809	81.591827	80.992966	81.941376	81.570053	81.578171	80.415695	80.465088
85.323296	86.869553	86.575195	87.04454	86.792007	86.759933	87.435852	87.616524	87.165253	87.191193	87.070251	87.901909	87.695717	87.597252	87.532059	87.787369	88.06974	88.236557	87.865578	88.022644	89.953247	89.056824	89.621429	87.754082	88.256454	88.563454	88.290497	88.467438	90.099152	88.482903	88.447571	88.721207	88.678223	88.696518	88.793472	88.672043	88.541985	88.847519	88.385544	88.58638	100.0	91.126953	89.517136	89.023407	82.676575	82.58007	83.22718	82.687096	82.921814	82.694252	82.622337	82.730576	82.87265	82.770157	82.363037	82.874924	82.954292	79.840027	79.759567	81.613968	81.859406	81.888596	81.995499	81.718964	81.987907	81.604324	81.580688	81.758102	81.814011	82.008369	81.728722	81.890503	81.559158	81.034332	81.876343	81.433304	81.544128	80.390152	80.486221
85.491364	87.182785	86.83255	87.334656	87.147758	87.034813	87.6744	87.556374	87.46521	87.558006	87.514984	88.192963	88.082001	88.034691	87.988724	88.169563	88.418724	88.59761	88.110031	88.430573	88.832535	88.704468	88.56749	88.061691	88.806671	88.776199	88.477486	88.746964	89.18766	88.707565	88.791367	88.809258	88.87899	88.831871	88.8927	88.907661	88.772491	89.083084	88.578247	88.896446	91.126953	100.0	90.149017	89.556564	82.811958	82.783081	83.018059	83.118919	83.040985	82.897827	82.943237	82.935699	83.093109	82.954971	82.485733	83.04892	83.156479	79.989487	79.633575	81.72863	82.011932	81.950546	82.060844	81.823578	82.019196	81.803436	81.854965	81.782623	81.776802	82.084297	81.732147	82.128601	81.717636	80.965607	82.029655	81.545288	81.601295	80.428009	80.560524
85.501648	87.211037	87.008514	87.354172	87.138916	87.008591	87.765495	87.2827	87.445267	87.618576	87.486816	88.415115	88.139427	87.999054	87.851044	88.167099	88.670502	88.769547	88.23539	88.531387	88.884201	88.504852	88.466354	88.237183	88.617188	88.665291	88.580475	88.784142	88.941193	88.638817	88.743988	88.890457	88.829742	88.87265	88.87413	88.878426	88.815598	88.80307	89.225594	88.956108	89.517136	90.149017	100.0	91.215157	82.81221	82.857254	82.938065	82.966255	82.978745	82.822845	82.965294	82.841568	82.889465	82.893593	82.390121	83.017975	83.175385	79.836662	79.548782	81.523376	81.755096	81.88765	81.969414	81.841461	81.907471	81.514076	81.699753	81.665512	81.818871	81.927681	81.811134	81.97963	81.588837	81.009232	82.010132	81.437294	81.5597	80.398743	80.483017
85.167572	86.666504	86.434875	86.890091	86.567505	86.457832	87.464325	86.885811	87.023613	87.07132	87.064316	88.074036	87.746902	87.861252	87.598473	87.810204	88.064072	88.351334	87.792755	87.924866	88.552505	88.147415	88.084267	87.725304	88.078239	88.214951	88.016617	88.361832	88.560394	88.209724	88.284698	88.405624	88.340645	88.320221	88.40934	88.187836	88.27758	88.468605	88.374878	88.479324	89.023407	89.556564	91.215157	100.0	82.502686	82.50975	82.650436	82.683151	82.835754	82.602066	82.474258	82.593758	82.665314	82.664886	82.194778	82.823746	82.870239	79.882416	79.246002	81.431412	81.600571	81.73085	81.746025	81.531952	81.669502	81.534592	81.486649	82.231339	81.661591	81.856979	81.582695	81.782394	81.365952	80.89624	81.798454	81.293564	81.488724	80.334145	80.311157
82.537163	82.550674	82.44104	82.818771	82.694473	82.435455	82.844604	82.837791	82.762291	82.674744	82.52623	82.621918	82.508263	82.558121	82.511383	82.601662	82.705986	82.907394	82.703148	83.538193	83.040527	82.821533	82.853004	82.637291	83.036919	83.017464	82.912971	82.584793	82.891945	82.938362	82.820877	82.788727	82.807823	82.928917	82.971375	82.88533	82.828941	82.986313	82.70932	82.735397	82.676575	82.811958	82.81221	82.502686	100.0	89.670258	89.984695	90.042114	90.274582	89.880096	90.054581	90.057098	90.424019	90.675827	86.584137	87.635269	87.79377	80.137512	79.869682	81.709747	81.871582	81.999832	82.043846	81.775681	81.956215	82.61969	82.59346	82.697052	82.71431	82.995422	82.717117	83.30986	82.927826	81.583702	82.764053	82.076843	81.731476	80.838844	81.178375
82.658813	82.502426	82.421585	82.625793	82.623489	82.403755	82.836792	82.676743	82.710114	82.703941	82.519424	82.683472	82.647133	82.507042	82.547585	82.632065	82.774513	82.842934	82.757584	82.920074	83.123444	82.886169	82.93045	82.678627	82.966591	83.03791	82.800529	82.497932	82.840088	82.932602	82.882828	82.756844	82.850143	82.98703	82.935272	82.825806	82.678917	82.83992	82.6772	82.673523	82.58007	82.783081	82.857254	82.50975	89.670258	100.0	90.28598	90.397934	90.721313	89.874924	90.353287	90.848549	90.446373	90.031357	87.094124	87.946175	88.021233	79.974594	79.789291	81.589569	81.713142	81.800636	81.791763	81.72628	81.823479	82.775497	82.635254	82.851723	82.827591	83.136543	82.894585	83.431412	82.924118	81.730942	82.842361	82.018578	81.64418	80.734985	81.188141
82.78196	82.799774	82.627838	82.82811	82.677589	82.589478	83.037979	82.884422	82.863708	82.776169	82.694702	82.783569	82.720924	82.668793	82.683159	82.678078	82.928802	83.047592	82.913956	82.963348	83.78598	83.100525	83.603226	82.71405	83.065033	83.157661	82.964439	82.702026	83.578232	82.991478	82.914032	82.959679	83.054932	83.287743	83.172104	83.009018	82.917076	83.104858	82.78183	82.975266	83.22718	83.018059	82.938065	82.650436	89.984695	90.28598	100.0	94.577423	91.355438	90.291237	91.336823	91.060135	91.155594	90.470856	86.993515	87.975792	88.655914	80.104088	79.821915	81.736969	81.887955	82.073959	82.027405	81.960037	81.968475	82.681076	82.650772	82.748917	83.001556	83.122696	82.962379	83.448318	83.034309	81.709564	82.987732	82.175667	81.694824	80.971939	81.296783
82.749985	82.679962	82.482895	82.781754	82.759544	82.532913	82.937897	82.883102	82.830383	82.780167	82.728783	82.730614	82.773102	82.683762	82.712181	82.634705	82.812737	83.052155	83.036453	83.071732	83.130165	82.942543	82.992744	82.744034	83.083092	83.185539	82.981079	82.681366	82.942108	83.006439	82.924118	82.915962	83.094887	83.158966	83.212509	82.943436	82.871033	83.00592	82.862411	83.066696	82.687096	83.118919	82.966255	82.683151	90.042114	90.397934	94.577423	100.0	91.327126	90.760414	90.795395	91.162865	91.151672	90.569397	87.01915	87.938782	88.157555	80.146675	79.841599	81.729263	81.924149	82.005234	82.037628	81.858841	81.989227	82.739502	82.744034	82.906464	82.803329	83.166435	82.920212	83.414948	83.040833	81.790878	82.919266	82.152557	81.693123	81.018364	81.217758
82.751602	82.758835	82.575119	82.914871	82.920212	82.694748	82.995789	82.960388	82.943329	82.997162	82.881378	82.867142	82.872513	82.862572	82.756409	82.775879	82.935104	83.195007	82.992477	83.155441	83.307442	83.152473	83.281754	82.912964	83.219864	83.309998	83.134483	82.78183	83.16729	83.092743	83.054352	83.06044	83.211578	83.25827	83.282318	83.151321	83.017197	83.196121	82.973053	83.044434	82.921814	83.040985	82.978745	82.835754	90.274582	90.721313	91.355438	91.327126	100.0	91.551651	92.064987	91.785309	91.711449	90.958984	87.106873	88.062485	88.503143	80.27713	79.837151	81.86203	82.048714	82.144714	82.18615	81.949539	82.051407	82.938553	82.759277	83.003548	83.024323	83.151489	82.984406	83.578232	83.176208	81.837021	82.950935	82.278793	81.837402	80.779053	81.283363
82.712685	82.519165	82.426445	82.621277	82.65477	82.479172	82.823517	82.699112	82.750366	82.668991	82.612747	82.690552	82.685204	82.592484	82.568497	82.601662	82.71183	82.976547	82.797523	83.038979	83.048141	82.849617	82.949837	82.683716	83.044456	83.130524	82.907227	82.522217	82.853493	82.924706	82.91774	82.944794	83.023041	83.10112	83.057419	82.802124	82.681221	82.943497	82.724854	82.815903	82.694252	82.897827	82.822845	82.602066	89.880096	89.874924	90.291237	90.760414	91.551651	100.0	92.113808	92.400589	90.8255	90.874847	86.788956	87.719147	87.730919	80.085312	79.894592	81.663116	81.954147	81.965576	81.957108	81.888199	81.932846	82.578979	82.544739	82.700165	82.802155	83.005814	82.741638	83.326675	82.97406	81.655792	82.829605	82.152618	81.860931	80.693069	81.156792
