1312183.9	240521.3	1841654.4	1736312.3	2171756.3	384.95	391.9	1907415.3	1907413.3	1368430.4	1566260.3	1335060.3	387.283	386.162	386.182	2819997.3	2785056.3	398.72	387.278	1736428.3	2067451.4	386.180	754762.3	384.393	1138189.12	1841653.4	2726076.3	216596.11	2731112.3	386.163	2817706.3	398.14	754523.3	648995.24	2613770.3	384.94	698761.4	2806346.3	754522.3	1571470.3	1986026.4	1703962.3	398.4	1500301.3	1500304.3	908946.3	1335060.80	2583231.6	29449.42	1736358.3	2731096.3	1138194.8	1764276.3	754521.3	2028343.3	887144.4	2603277.3	2182425.3	1120688.3	395491.3	386.7	754764.3	1736563.3	2937795.4	2813827.3	990285.3	2586991.3	2267833.3	1703971.3	1432049.3	2895568.3	391.5	1041147.3	1138190.4	2726075.3	1752526.3	451876.4	395492.8	2653122.4	1368417.4	1532558.3	348824.51	1736592.3	1736473.3	538025.6	984260.6	1736548.3	50338.5	1736380.3	379684.3	293958.16	2919917.3	1825933.3	2819994.3	2035449.3	1144306.3	1523429.3	1328306.3	484088.4	2849093.3	2135647.3	398.16	2613771.3	1736577.3	363754.4	384.18	1981173.3	491916.7	1378077.3	2845820.10	1079460.3	386.178	1523420.3	1566263.3	384.1004	1223565.8	2364272.4	1184720.6	936136.8
100.0	78.852234	79.550537	78.072449	79.130432	80.33371	78.560532	78.630051	78.711868	78.7491	82.755936	78.630829	80.224182	80.544724	80.301834	79.402275	79.74041	87.689537	80.342468	78.636414	78.689262	80.248413	80.41655	80.378174	80.109619	82.837868	78.961258	80.414383	80.292313	80.524323	78.600784	0.0	80.431046	78.670166	80.410904	80.351204	82.947266	78.781631	80.592072	78.95874	78.79567	80.371353	82.715675	78.902328	79.505371	78.79451	0.0	80.338203	80.003433	78.245399	80.315392	80.293755	79.571381	80.434189	82.7108	78.190483	78.658028	79.689995	78.91481	80.374077	80.179169	80.404121	78.38797	78.735077	78.892883	79.441666	79.31871	78.632568	80.60524	80.515747	78.887444	78.530991	87.328102	80.30722	0.0	78.516907	77.828949	80.508018	82.726715	77.736908	78.903839	79.5588	79.485947	77.624947	79.358521	77.519882	78.194443	79.647415	78.915314	78.883957	84.786789	78.729996	80.301071	79.439941	80.521362	84.90686	78.836411	80.431168	79.977867	80.057487	78.62619	82.958389	79.593445	78.614838	83.098206	80.42157	80.296249	80.504425	78.820839	78.847237	79.442017	80.483841	78.477791	78.193321	80.286789	80.3386	83.443405	80.399002	80.478256
78.852234	100.0	79.118637	78.377625	79.332397	79.20752	78.827873	79.65715	80.068619	80.14621	78.905685	79.24025	79.227859	79.25209	79.266335	78.567719	78.815842	79.09082	79.194992	78.790115	80.140007	79.293434	79.227493	79.443268	79.05899	79.079819	80.15802	79.222244	79.162201	79.312027	79.194283	0.0	79.292053	78.986664	79.671692	79.144188	79.184418	80.19455	79.217773	92.114929	80.187088	79.297272	79.140427	78.963913	78.901939	79.253502	0.0	79.295975	79.453949	78.386093	79.153824	79.220352	78.826584	79.214729	79.074127	78.860184	80.032585	79.770462	79.381912	79.295021	79.07225	79.271759	78.796982	79.057175	87.009636	78.938622	78.837669	79.040268	79.361526	79.392441	79.013596	78.929153	78.993942	79.282806	77.995506	78.879761	78.490097	79.338455	78.979637	78.022308	79.120552	79.043381	79.123001	78.557121	78.507339	77.890465	78.862869	78.776169	79.142738	79.640427	79.142746	79.863319	79.146233	78.610596	79.221931	79.299545	80.221283	79.117073	78.485474	79.304138	78.90461	79.252869	79.114014	79.050591	79.101532	79.148636	79.188263	79.263092	79.071075	80.279114	78.612366	79.252388	79.672226	78.587616	79.362411	79.340134	79.057205	79.223434	79.245239
79.550537	79.118637	100.0	78.449959	79.301559	80.943207	78.580765	78.929039	79.205299	79.217178	79.843849	78.851166	80.945839	81.214325	81.040604	79.159828	80.840744	79.779694	81.016571	78.973862	79.286118	81.004181	81.049187	81.005142	80.664551	79.904274	79.191292	81.106506	80.874512	81.191483	78.782806	0.0	81.019821	78.760712	82.023964	81.115143	79.920776	79.101913	81.003784	79.363556	79.269371	81.059532	79.938538	78.96196	82.505295	79.178421	0.0	81.091393	83.597267	78.474632	81.012634	80.936676	82.414139	80.962601	79.888046	78.366646	78.946915	79.814865	78.880417	81.065384	80.99836	81.145157	78.696892	79.016541	79.146309	82.661385	82.661804	78.767532	81.254761	81.042122	79.070953	78.831436	79.784882	80.971458	0.0	78.839882	78.142906	81.282288	79.7733	78.087265	78.821465	82.327942	83.605461	78.01709	80.571091	77.889587	78.493134	80.828796	79.178986	79.038872	80.032204	79.084137	81.017044	79.125038	81.206322	79.990891	79.288223	80.82814	79.426292	80.811523	78.748306	79.803085	84.077248	78.737457	79.90316	80.910507	80.783379	81.155342	79.012245	79.12088	80.881927	81.015518	78.889984	78.5224	81.016457	81.118248	80.207825	81.067368	81.084427
78.072449	78.377625	78.449959	100.0	78.304108	78.23082	78.338013	78.182755	78.471237	78.527	78.164108	77.936333	77.993607	78.296837	78.288635	78.081528	77.869354	78.089905	78.271751	78.363564	78.602028	78.193741	78.358429	78.169441	77.875595	78.452438	78.743713	78.087952	78.084976	78.340805	80.422058	0.0	78.128326	80.34758	78.799759	78.064758	78.390854	78.566277	78.310791	78.50975	78.578094	78.199249	78.170639	78.033165	78.083069	77.700325	0.0	78.127274	78.651291	78.160202	78.23703	78.025139	78.081535	78.169205	78.125847	78.340073	78.398598	78.497177	78.343964	78.290733	77.970352	78.25634	80.813477	78.457932	78.398605	77.959435	78.153603	80.554932	78.358704	78.080917	78.339302	78.2117	78.190109	78.187256	79.296242	80.479195	78.347603	78.291893	78.2061	83.252129	78.054245	78.182968	78.353394	78.266129	77.888763	82.874001	80.306061	77.839775	78.275703	78.665764	78.192963	78.441238	78.197845	78.023895	78.178101	78.468277	78.481438	78.106743	77.903938	78.386414	78.187904	78.19516	78.519478	80.402496	78.217751	78.112091	78.06752	78.366898	80.588097	78.574173	77.739532	78.22229	78.278412	78.230156	78.001175	78.142685	78.25444	78.229553	78.21328
79.130432	79.332397	79.301559	78.304108	100.0	79.932617	78.778076	79.266983	79.125443	79.281242	79.219193	80.130356	79.891556	80.019615	79.867294	78.836121	79.292183	79.307281	80.048584	78.789902	79.398605	79.748184	79.945786	79.948013	79.790604	79.114136	79.629791	80.07737	79.887184	80.021011	79.249573	0.0	79.982285	78.911049	80.045158	79.88623	79.319366	79.414536	79.827194	79.594582	79.552658	79.89592	79.339706	79.162224	78.983757	79.268066	0.0	80.045319	79.76268	78.405411	79.741257	79.811584	78.976128	79.838478	79.209435	78.444397	79.363197	80.304016	81.384644	79.768669	79.922348	79.874893	78.372231	81.774353	79.640083	79.092422	79.00106	79.069267	79.932701	80.067108	78.973022	79.831192	79.161453	79.914848	77.645615	79.1353	78.25856	80.030243	79.350006	77.958313	83.192795	79.080994	79.236969	78.212898	78.915955	77.785995	78.904182	79.130661	79.27124	80.312294	79.356506	79.298416	79.802231	78.830742	80.077927	79.495712	79.18544	79.774803	78.647438	79.823227	78.969818	79.293137	79.225708	79.014404	79.375572	79.990326	79.71434	80.092201	79.219177	79.194946	79.086624	79.881958	79.124939	78.496986	79.980827	80.036118	79.354233	80.026535	80.012543
80.33371	79.20752	80.943207	78.23082	79.932617	100.0	79.110405	79.008865	79.256676	79.214157	80.337517	79.09964	92.102417	88.721581	97.435394	79.580322	81.81778	80.750244	92.271523	79.1362	79.239212	97.512276	88.986755	93.148941	86.845291	80.45816	79.583824	92.718666	87.133148	88.885193	79.034157	0.0	92.274841	78.754547	82.517578	94.464981	80.497787	79.175766	88.674057	79.491547	79.46846	87.395477	80.463646	79.87619	80.673157	79.234177	0.0	92.741684	81.728851	78.693542	89.277069	87.380486	80.95752	93.180595	80.351532	78.554306	79.191711	80.483574	79.520233	92.678162	93.289825	88.730423	78.497711	78.872803	79.41217	80.695114	80.781937	78.979965	88.726341	87.534439	79.762161	78.912079	80.54023	87.270569	0.0	78.929077	78.149551	88.814522	80.38649	77.775925	79.48558	81.172699	80.775291	77.86058	81.364189	77.657837	78.603752	81.981453	79.308517	79.523109	80.961845	79.117615	93.296692	79.544914	88.05365	80.998383	79.424072	86.929062	79.931747	82.898224	79.318214	80.431671	80.830826	78.837341	80.65152	92.149353	86.795395	87.566284	78.969879	79.287971	81.802238	93.206627	78.937119	78.672363	94.752747	87.581665	80.789459	91.310638	92.246094
78.560532	78.827873	78.580765	78.338013	78.778076	79.110405	100.0	78.67128	78.702454	79.178101	78.755096	79.021233	79.131012	79.224602	79.003387	78.463013	78.535568	78.773071	79.103699	79.564392	79.077011	79.154724	79.247498	79.067429	78.887459	78.692719	79.470428	79.304657	79.023376	79.27784	78.598038	0.0	79.085358	78.546768	79.381195	79.097244	78.714828	78.929825	79.206451	79.078735	78.979271	79.132149	78.824265	79.933762	78.25676	79.366013	0.0	79.044128	79.246803	85.241631	79.030396	78.964645	78.438797	79.0746	78.821297	78.451729	78.95063	79.344727	79.336922	78.999092	78.931572	79.122391	78.506409	78.54409	78.976433	78.496384	78.400787	79.091003	79.313286	79.168167	79.987015	78.948792	78.603821	79.188126	0.0	78.489906	78.16777	79.197296	78.734283	77.714066	78.671135	78.531685	78.763733	78.01339	78.29361	77.655403	78.383377	78.556763	79.865318	79.300476	78.941994	78.733383	79.070251	78.556046	79.131279	78.919983	78.79393	78.921013	78.467056	78.820297	92.843681	78.835426	78.866402	78.562325	78.640701	79.230316	78.881088	79.209503	78.654869	79.199051	78.174164	78.994537	78.790733	89.703827	79.024521	78.985451	78.969284	79.128532	79.03923
78.630051	79.65715	78.929039	78.182755	79.266983	79.008865	78.67128	100.0	79.949173	80.12796	78.909027	79.106255	79.125839	79.184204	78.984268	78.319328	78.49733	78.937935	79.207016	78.707619	80.176407	78.951904	79.184219	78.892807	78.940392	78.992569	80.512703	79.125816	79.021667	79.260681	78.90921	0.0	79.121216	78.826813	79.494675	79.110291	78.896225	80.049896	79.089058	79.862862	80.30925	79.201057	78.950348	78.926407	78.630646	79.014671	0.0	79.089104	79.242386	78.556808	78.831139	79.109085	78.608505	79.007507	78.823624	79.07608	79.986176	79.599854	78.927643	79.083832	78.977524	79.087631	78.623749	79.164391	79.810669	78.518265	78.493538	78.870026	79.207619	79.136841	78.959267	78.839783	78.843483	79.092163	0.0	78.771515	78.324493	79.14093	78.835693	77.886108	78.811462	78.669662	78.880173	78.367325	78.345001	77.883026	78.713669	78.588531	79.115166	79.765495	78.943634	79.930473	79.011696	78.37709	79.123093	79.017502	80.130722	79.008087	78.447632	78.897369	78.99437	78.866951	78.789734	78.658646	78.878601	79.096573	79.010635	79.265518	78.948669	80.144135	78.483521	79.064346	79.706398	78.602051	78.967209	78.999802	78.907333	79.085632	79.033966
78.711868	80.068619	79.205299	78.471237	79.125443	79.256676	78.702454	79.949173	100.0	91.369171	79.017532	79.125153	79.294212	79.441254	79.204613	78.573364	78.708717	78.862198	79.322617	78.924553	87.316254	79.249435	79.29245	79.283051	78.926468	78.97403	80.258545	79.267731	79.270439	79.355171	79.039688	0.0	79.236176	78.750481	79.754181	79.185715	79.010811	81.291267	79.218987	80.265137	83.940376	79.311722	78.93222	78.944855	78.805862	78.989449	0.0	79.417625	79.564011	78.614822	79.16687	79.171288	78.816681	79.294586	78.946152	79.037674	86.346069	79.525375	79.158218	79.269577	79.216606	79.424271	78.846977	79.186127	80.232521	78.964142	78.938492	78.838173	79.383865	79.232948	79.169914	78.883415	78.891838	79.154678	78.055084	78.850136	78.400452	79.437088	78.834595	78.04203	78.846466	78.824539	79.041725	78.43837	78.363144	77.863831	78.771332	78.675247	79.292809	80.1707	78.987701	85.041771	79.231247	78.654884	79.092278	79.043335	93.165924	79.094963	78.487518	79.128021	78.820648	78.990944	79.096008	78.888489	79.031555	79.231415	78.97406	79.271889	78.94413	81.570251	78.614288	79.298203	82.552643	78.623932	79.272301	79.133392	79.05616	79.372406	79.243752
78.7491	80.14621	79.217178	78.527	79.281242	79.214157	79.178101	80.12796	91.369171	100.0	79.077698	79.415695	79.338982	79.318176	79.253967	78.812164	78.808853	79.094803	79.429092	79.008926	86.732132	79.193558	79.330154	79.481339	79.082596	79.195724	80.241379	79.436707	79.335106	79.395676	79.061806	0.0	79.277184	78.950378	79.623077	79.37262	79.166191	81.311691	79.230965	80.435135	83.868248	79.383698	79.136597	78.886002	79.081223	79.206696	0.0	79.401001	79.873947	78.867157	79.182526	79.113892	78.974091	79.478989	79.06192	79.381668	85.986153	79.728165	79.510895	79.379288	79.143959	79.388718	78.870544	79.25148	80.651176	78.931305	78.871033	79.380676	79.459251	79.407074	79.101425	79.350784	79.077309	79.197754	77.825638	79.034073	78.911316	79.53862	79.070251	77.980087	78.943878	78.922325	79.052338	78.690552	78.704346	77.994873	78.859665	78.795258	79.249359	80.356659	78.961487	84.977638	79.326355	78.770386	79.29335	79.083748	91.745842	79.36377	78.601135	79.103455	79.11763	79.108757	79.194382	79.174896	79.081665	79.341019	79.174789	79.385376	79.146553	81.830154	78.689438	79.436554	82.35215	78.807419	79.311554	79.300781	79.17382	79.372574	79.341255
82.755936	78.905685	79.843849	78.164108	79.219193	80.337517	78.755096	78.909027	79.017532	79.077698	100.0	78.798676	80.331604	80.556854	80.483978	79.393661	79.569939	83.117737	80.477798	78.861069	79.047806	80.450317	80.392525	80.449837	80.002792	84.732246	79.216393	80.41346	80.407318	80.675507	78.851883	0.0	80.484169	78.757034	80.684357	80.405579	94.789825	78.911484	80.454666	79.175514	78.965668	80.436134	87.222443	78.910782	79.531609	78.973434	0.0	80.51413	80.183914	78.456505	80.279686	80.35096	79.690674	80.463959	90.289047	78.396149	78.91507	79.948654	79.010117	80.376167	80.351273	80.613022	78.588234	78.880264	78.957405	79.586655	79.507988	78.837967	80.649841	80.601562	79.050247	78.650154	82.838348	80.45961	0.0	78.901283	77.981155	80.657074	89.782722	77.914642	78.756012	79.629181	79.797531	77.96933	79.482246	77.74559	78.528252	79.550415	79.120995	79.004211	82.97168	79.023605	80.378952	79.361877	80.590729	83.2836	78.986008	80.439972	79.86554	80.489037	78.872826	88.066742	79.660873	78.638123	85.864868	80.339432	80.218742	80.597565	79.018639	78.981819	79.48996	80.40593	78.811874	78.422485	80.52037	80.545624	87.18515	80.553574	80.302948
78.630829	79.24025	78.851166	77.936333	80.130356	79.09964	79.021233	79.106255	79.125153	79.415695	78.798676	100.0	79.142883	79.39856	79.24865	78.519852	78.902611	78.924072	79.27272	78.447083	79.478012	79.217575	79.176842	79.217789	79.00882	78.801208	79.210808	79.11644	79.231186	79.38559	78.743843	0.0	79.035797	78.4991	79.34491	79.33873	79.075523	79.019608	79.190475	79.332748	79.088425	79.185043	78.726883	78.760132	78.852608	79.333923	0.0	79.125549	79.452354	78.712471	79.07048	79.104431	78.693924	79.186699	78.8461	78.242867	79.217529	79.754997	80.365685	79.221779	79.194588	79.309563	78.360489	80.046738	79.848328	78.669952	78.72789	78.694008	79.467545	79.436684	78.575066	83.702789	78.696243	79.253372	0.0	78.444046	78.874878	79.301567	78.739586	77.756866	79.954666	78.836746	78.867355	78.326851	78.83429	77.696701	78.485687	78.973465	78.907089	80.141342	78.71727	79.083084	79.079025	78.442177	79.39856	78.890198	79.22084	79.084549	78.328522	79.043396	78.893784	79.058716	78.875183	79.355469	78.912956	79.211319	79.23233	79.296844	78.780289	79.25042	78.74678	79.178307	78.846832	78.472511	79.205238	79.162399	78.926254	79.164703	79.216286
80.224182	79.227859	80.945839	77.993607	79.891556	92.102417	79.131012	79.125839	79.294212	79.338982	80.331604	79.142883	100.0	88.52594	92.193802	79.617645	81.652115	80.677612	92.482475	78.966263	79.277031	92.234444	88.723244	93.93322	86.641068	80.316147	79.504097	92.711945	87.222862	88.63205	79.105232	0.0	92.402252	78.726349	82.547844	92.621582	80.495575	79.233185	88.452271	79.345581	79.349739	87.257668	80.465958	79.5448	80.611572	79.354706	0.0	92.379936	81.766792	78.698158	89.089233	87.251053	80.893753	93.907661	80.281921	78.604767	79.253021	80.378021	79.650024	92.405792	92.476219	88.68795	78.511124	78.995789	79.406181	80.635498	80.713074	78.919136	88.575516	87.410431	79.377029	78.814331	80.406555	87.300842	0.0	78.957321	78.137291	88.71048	80.284134	77.858864	79.444565	81.109253	80.856018	77.929779	81.181274	77.522018	78.745735	81.688477	79.274071	79.450958	80.710808	79.083588	92.134872	79.626465	87.83812	80.895088	79.297104	86.928299	79.885193	82.867874	79.240005	80.290031	80.909889	78.824097	80.560379	92.409515	86.755478	87.427803	78.980835	79.310135	81.638962	93.789764	78.78421	78.68512	92.648865	87.441246	80.645554	90.531937	92.783035
80.544724	79.25209	81.214325	78.296837	80.019615	88.721581	79.224602	79.184204	79.441254	79.318176	80.556854	79.39856	88.52594	100.0	88.819061	79.885925	81.604988	81.086128	88.855614	79.382523	79.427734	88.728127	90.421875	88.906143	86.926361	80.64695	79.914398	88.912682	87.625885	95.930092	79.207947	0.0	88.815201	79.02375	82.820847	88.900391	80.804337	79.434158	90.321396	79.370087	79.671677	88.373138	80.784332	79.742378	80.760979	79.531708	0.0	88.810989	82.167221	78.949326	90.323563	87.525848	80.997421	88.932121	80.510208	78.719437	79.501144	80.787689	79.810295	88.850616	88.816139	91.739182	78.564743	79.212181	79.709404	80.939407	80.986191	79.184677	96.004593	89.177902	79.506165	79.025833	81.156723	88.354416	77.663857	79.176849	77.925941	91.686401	80.618195	77.931549	79.503998	81.131821	81.14949	77.743164	82.168106	77.635887	78.894989	81.60939	79.794525	79.628571	80.929565	79.291252	88.850929	79.812607	89.358109	81.106094	79.408981	87.766052	80.037125	83.053589	79.377701	80.76458	81.030167	79.185066	81.24614	88.670975	87.131256	89.45578	79.32576	79.518097	81.511017	88.873222	79.034271	78.767563	88.841614	87.966095	81.539536	89.213791	88.842644
80.301834	79.266335	81.040604	78.288635	79.867294	97.435394	79.003387	78.984268	79.204613	79.253967	80.483978	79.24865	92.193802	88.819061	100.0	79.739807	81.848412	80.733719	92.300385	79.139496	79.255646	98.165894	88.938835	93.234116	86.834839	80.501122	79.615501	92.691223	87.169006	88.879509	78.985245	0.0	92.366547	78.793762	82.602936	94.387054	80.503281	79.222687	88.758133	79.424469	79.43174	87.38195	80.460907	79.775589	80.661934	79.250931	0.0	92.822128	81.792572	78.792542	89.247383	87.405785	81.065628	93.193161	80.357254	78.483398	79.167992	80.474426	79.638748	92.750641	93.546829	88.789108	78.463959	78.939072	79.489319	80.744415	80.812195	78.955933	88.8508	87.517281	79.660782	78.935944	80.603897	87.260399	77.65847	78.942123	78.120224	88.87915	80.385025	77.779572	79.49588	81.191147	80.97744	77.866837	81.324448	77.577332	78.677704	82.053497	79.342804	79.558823	80.981934	79.076828	93.686859	79.675827	88.044624	81.046021	79.3526	87.004875	79.992081	83.016487	79.255211	80.406509	80.94545	78.890228	80.699707	92.206902	86.823372	87.546005	79.035645	79.275497	81.782646	93.19413	78.820511	78.5867	94.883896	87.762619	80.802216	91.363426	92.322601
79.402275	78.567719	79.159828	78.081528	78.836121	79.580322	78.463013	78.319328	78.573364	78.812164	79.393661	78.519852	79.617645	79.885925	79.739807	100.0	79.005066	79.689224	79.654892	78.624588	78.782898	79.664459	79.614983	79.739288	79.344276	79.531296	79.455673	79.724396	79.576126	79.884491	78.402069	0.0	79.669159	78.43203	80.056679	79.733246	79.44091	78.828773	79.697723	78.629326	78.983154	79.557266	79.507484	78.815063	78.972984	78.534439	0.0	79.662537	79.699738	78.307266	79.726028	79.504845	78.838196	79.690704	79.419876	78.059258	78.894058	79.4552	78.539665	79.5989	79.771187	79.796593	78.341354	78.428543	78.612518	78.947304	78.930908	78.376572	79.804649	79.66391	78.829559	78.469429	79.507187	79.580765	0.0	78.183029	77.728226	79.861893	79.369385	77.92614	78.486313	79.021774	79.206543	77.655037	78.793152	77.669617	78.341125	78.994766	78.987411	78.792336	79.945877	78.738861	79.608498	99.158722	79.693939	79.977036	78.644943	79.521103	80.117142	79.234818	78.709366	79.405418	79.318619	78.14904	79.672531	79.690956	79.352768	79.73304	78.217667	78.929871	78.752907	79.703751	78.54483	78.654037	79.66481	79.711082	79.579102	79.805069	79.727875
79.74041	78.815842	80.840744	77.869354	79.292183	81.81778	78.535568	78.49733	78.708717	78.808853	79.569939	78.902611	81.652115	81.604988	81.848412	79.005066	100.0	79.937164	81.851723	78.790771	79.071922	81.950371	81.498528	81.884537	81.341385	79.711044	78.934341	81.941589	81.629547	81.72435	78.691711	0.0	81.86274	78.554703	82.756012	81.790894	79.936356	78.673553	81.527435	78.884277	78.954887	81.595741	79.895004	79.235855	80.708694	78.801315	0.0	81.864983	81.067818	78.445045	81.502541	81.444542	80.923813	81.851982	79.661751	78.128235	78.611664	79.585114	79.250534	81.7211	81.604172	81.754532	78.215118	78.830887	78.909424	80.670242	80.766342	78.63813	81.777344	81.603828	79.11412	78.99025	79.846573	81.45105	0.0	78.53688	77.742065	81.802933	79.766617	77.587898	79.211365	81.535675	80.912674	77.538895	92.213554	77.554367	78.314072	89.084709	78.841705	79.098114	79.959671	78.7062	81.84256	78.951355	81.798317	79.943756	78.804214	81.525238	79.325439	81.193192	78.761169	79.869766	80.874077	78.514954	79.9646	82.111542	81.321106	81.634315	78.679581	78.827553	95.565491	81.948181	78.606766	78.31308	81.872589	81.708725	79.917007	81.907921	81.897781
87.689537	79.09082	79.779694	78.089905	79.307281	80.750244	78.773071	78.937935	78.862198	79.094803	83.117737	78.924072	80.677612	81.086128	80.733719	79.689224	79.937164	100.0	80.821716	78.79068	79.037231	80.738609	80.848663	80.693954	80.271721	83.340233	79.324371	80.833389	80.803299	81.197571	78.944672	0.0	80.781815	78.693268	80.951782	80.782814	83.77356	79.022423	80.935303	79.18013	79.042168	80.774414	83.290848	79.307846	79.507484	79.20285	0.0	80.859253	80.391953	78.403931	80.773163	80.729004	79.908096	80.756851	83.297913	78.49971	78.927818	80.098434	79.186455	80.751236	80.689499	80.931808	78.454109	78.684738	79.150528	79.819901	79.77549	79.064499	81.102943	80.995552	78.989616	78.798386	89.631836	80.748108	0.0	78.86293	78.12883	81.050232	83.114532	77.984833	79.272812	79.777206	79.779785	78.016525	79.703964	77.627518	78.542252	79.810478	79.132233	79.321091	85.161659	78.874802	80.853607	79.676788	81.014862	85.491661	79.049622	81.068047	80.084244	80.406128	78.874619	83.545807	79.767128	78.71637	84.003799	80.836838	80.527153	81.070892	78.91626	79.198685	79.789291	80.772507	78.69014	78.4832	80.73336	80.75618	84.347176	80.820755	80.845322
80.342468	79.194992	81.016571	78.271751	80.048584	92.271523	79.103699	79.207016	79.322617	79.429092	80.477798	79.27272	92.482475	88.855614	92.300385	79.654892	81.851723	80.821716	100.0	79.233307	79.252274	92.320976	88.922401	92.971184	87.138504	80.453445	79.654022	94.582542	87.448036	88.934456	79.241127	0.0	94.87928	78.778885	82.75444	92.911377	80.604172	79.335526	88.703369	79.514984	79.472351	87.470444	80.541702	79.726166	80.679138	79.328018	0.0	94.248383	81.813232	78.869347	89.327339	87.558151	80.88327	93.010712	80.462173	78.644119	79.295563	80.512589	79.679428	93.485062	93.320976	88.875153	78.570854	78.940132	79.431747	80.798851	80.843719	79.071442	88.949455	87.794662	79.641602	79.033859	80.559738	87.486938	0.0	79.092079	78.121689	88.936378	80.497635	77.816818	79.588058	81.16333	80.923676	77.908661	81.461136	77.559723	78.825027	81.833984	79.636398	79.493546	80.840378	79.256912	93.846771	79.757507	88.085197	81.076569	79.423508	87.094818	79.952011	83.07251	79.260956	80.558159	81.014488	78.921692	80.851028	95.600929	86.950256	87.655624	79.164856	79.405991	81.846046	92.95887	78.960007	78.936356	92.85144	87.671478	80.766556	90.800964	95.02018
78.636414	78.790115	78.973862	78.363564	78.789902	79.1362	79.564392	78.707619	78.924553	79.008926	78.861069	78.447083	78.966263	79.382523	79.139496	78.624588	78.790771	78.79068	79.233307	100.0	79.116669	79.340073	79.322632	79.237747	79.122345	78.976257	79.391464	79.366669	79.312973	79.419662	78.722733	0.0	79.18586	78.552399	79.481369	79.171654	79.031784	79.248428	79.252525	78.896561	79.250259	79.072372	78.9133	82.959274	78.638649	79.178802	0.0	79.132202	79.360847	79.414764	79.352051	79.126022	78.590988	79.033058	78.852112	78.449615	79.015198	79.56601	78.744553	79.216034	79.244034	79.425865	78.42424	78.380768	78.725128	78.584137	78.589211	78.700371	79.321121	79.15126	87.047417	78.385117	78.843674	79.31337	77.726494	78.63118	77.936111	79.48381	78.812012	77.926682	78.367989	79.021072	78.881805	77.629623	78.530838	77.893349	78.454346	78.594711	83.059631	78.719566	79.057098	78.991776	79.234283	78.546188	79.24749	78.994492	79.010155	78.996246	78.438843	78.889847	79.801025	79.057655	78.73069	78.735497	78.878098	79.418465	78.844475	79.159836	78.796623	79.238541	78.520645	78.987495	78.854965	79.292534	79.211876	79.115341	78.89389	79.433197	79.357681
78.689262	80.140007	79.286118	78.602028	79.398605	79.239212	79.077011	80.176407	87.316254	86.732132	79.047806	79.478012	79.277031	79.427734	79.255646	78.782898	79.071922	79.037231	79.252274	79.116669	100.0	79.179749	79.231079	79.333488	79.033768	78.96447	80.272514	79.330078	79.268265	79.491806	79.105392	0.0	79.188263	78.921799	79.851639	79.176605	79.252151	81.499352	79.267105	80.374756	84.411743	79.308517	79.16275	79.158806	79.079041	79.25853	0.0	79.263306	79.833008	78.623199	79.150452	79.302658	78.84996	79.319733	78.986031	79.053085	87.271408	79.703407	79.236938	79.265884	79.249084	79.330269	78.93689	79.268967	80.564209	79.045189	78.996017	79.009399	79.435905	79.258331	79.30172	79.417274	79.022141	79.250748	77.71479	79.059151	79.063644	79.406181	78.970535	78.202057	78.994965	78.845261	79.149467	78.711334	78.57959	78.029434	78.710068	78.784882	79.303452	80.714798	78.979355	85.994492	79.301216	78.713707	79.299728	79.222572	87.206772	79.118637	78.620438	79.106689	79.184982	79.051514	79.382324	79.00148	79.26297	79.243423	79.075119	79.468132	79.124992	82.069122	78.861404	79.363663	82.878761	78.861877	79.210068	79.328888	79.169083	79.486092	79.255135
80.248413	79.293434	81.004181	78.193741	79.748184	97.512276	79.154724	78.951904	79.249435	79.193558	80.450317	79.217575	92.234444	88.728127	98.165894	79.664459	81.950371	80.738609	92.320976	79.340073	79.179749	100.0	88.957977	93.267204	86.914726	80.519539	79.596939	92.65361	87.210579	88.788559	78.959641	0.0	92.322395	78.668411	82.604553	94.407227	80.532745	79.110596	88.741455	79.422989	79.432518	87.426971	80.454124	79.797119	80.633743	79.261353	0.0	92.809174	81.773041	78.732605	89.438339	87.431984	80.985237	93.299957	80.288589	78.500107	79.324303	80.467453	79.636398	92.849434	93.401901	88.756523	78.56955	78.977417	79.446106	80.710678	80.769646	79.017807	88.803162	87.522293	79.85701	78.940659	80.616516	87.303085	0.0	78.890633	78.049179	88.860428	80.355072	77.747437	79.433746	81.451935	80.987694	77.864426	81.363945	77.727623	78.589035	81.907303	79.403824	79.533264	80.846878	78.990433	93.489449	79.621964	87.993225	80.968079	79.351852	86.971527	80.003098	82.986115	79.370193	80.353561	80.842674	78.912743	80.767479	92.227448	86.781784	87.462288	78.986565	79.27626	81.80719	93.297119	78.931885	78.627151	94.884094	87.701599	80.644257	91.404785	92.293167
80.41655	79.227493	81.049187	78.358429	79.945786	88.986755	79.247498	79.184219	79.29245	79.330154	80.392525	79.176842	88.723244	90.421875	88.938835	79.614983	81.498528	80.848663	88.922401	79.322632	79.231079	88.957977	100.0	89.070686	86.96077	80.633202	79.69899	89.027588	87.705399	90.561523	79.174438	0.0	89.017349	78.829514	82.835823	89.173294	80.633125	79.42804	92.351013	79.495117	79.475204	87.862106	80.673157	79.805244	80.667404	79.302338	0.0	89.090858	81.865685	78.880707	90.0476	87.609192	80.940521	89.099365	80.471092	78.714111	79.26825	80.613342	79.69899	88.900146	89.088707	90.994186	78.679016	79.269424	79.458954	80.942368	80.97113	79.302483	90.543076	88.156181	79.717819	78.839355	80.72702	87.759453	0.0	79.040764	77.905197	91.117531	80.471024	77.939758	79.484329	81.047607	81.024483	77.826302	81.201538	77.632271	78.772842	81.580139	79.532768	79.436844	80.845863	79.119171	89.032524	79.603958	88.427444	81.079987	79.409996	87.506973	79.737274	83.093384	79.248718	80.524063	81.062355	78.964951	80.760056	88.895828	87.312225	88.211456	79.201843	79.290596	81.618546	89.08725	78.894547	78.704178	89.058868	87.716629	80.870117	89.179367	88.963928
80.378174	79.443268	81.005142	78.169441	79.948013	93.148941	79.067429	78.892807	79.283051	79.481339	80.449837	79.217789	93.93322	88.906143	93.234116	79.739288	81.884537	80.693954	92.971184	79.237747	79.333488	93.267204	89.070686	100.0	86.934967	80.505684	79.742966	93.729828	87.328705	88.903008	79.060974	0.0	92.849167	78.780426	82.659248	93.941574	80.601196	79.41066	88.879593	79.583138	79.658096	87.400787	80.569962	79.68132	80.672699	79.317749	0.0	93.534042	81.767319	78.768074	89.495712	87.707794	81.041336	97.894653	80.458939	78.595116	79.347755	80.584435	79.747139	93.446617	93.592239	88.938393	78.669601	79.016678	79.541481	80.780495	80.81311	78.998322	88.89077	87.721634	79.540504	79.142288	80.694321	87.467178	0.0	79.083099	78.055893	88.97052	80.455215	77.856995	79.585495	81.419861	80.845825	77.838326	81.361328	77.591583	78.674591	82.188751	79.492065	79.598755	80.894447	79.282295	93.057449	79.70723	88.021881	81.010971	79.224731	87.09549	80.05394	83.058067	79.254799	80.541901	81.106033	78.974426	80.739975	92.728821	86.895355	87.662949	79.061996	79.385048	81.780273	98.00415	79.13681	78.751419	93.963135	87.753242	80.784889	91.267601	93.057121
80.109619	79.05899	80.664551	77.875595	79.790604	86.845291	78.887459	78.940392	78.926468	79.082596	80.002792	79.00882	86.641068	86.926361	86.834839	79.344276	81.341385	80.271721	87.138504	79.122345	79.033768	86.914726	86.96077	86.934967	100.0	80.203331	79.254753	86.870071	90.27858	87.018463	78.966881	0.0	86.867874	78.60685	81.995346	87.135841	80.215744	79.043976	87.038414	79.155403	79.169907	89.994637	80.249039	79.327782	80.294647	79.243431	0.0	87.012909	81.309799	78.591782	86.89167	89.638252	80.643311	86.885429	80.214279	78.483604	79.011017	80.139069	79.479271	86.801422	86.74823	87.043549	78.351242	78.904037	79.167511	80.494949	80.524704	78.784126	87.018372	87.751663	79.574104	79.065872	80.208481	87.969902	0.0	78.713226	78.017776	87.19075	80.108444	77.803551	79.328964	80.750992	80.723419	77.801544	80.899696	77.562897	78.478119	81.281044	79.28347	79.170326	80.240845	78.997643	86.850273	79.348549	88.089813	80.468658	79.084671	89.363251	79.434113	82.662407	79.130905	80.380463	80.607841	78.894135	80.283188	87.206329	89.825958	87.674774	78.886787	79.068832	81.226181	86.884285	78.555832	78.609131	86.975121	86.893585	80.3423	87.080162	87.011093
82.837868	79.079819	79.904274	78.452438	79.114136	80.45816	78.692719	78.992569	78.97403	79.195724	84.732246	78.801208	80.316147	80.64695	80.501122	79.531296	79.711044	83.340233	80.453445	78.976257	78.96447	80.519539	80.633202	80.505684	80.203331	100.0	79.305222	80.613235	80.559959	80.676979	79.075127	0.0	80.554199	78.728485	80.790421	80.410744	84.947067	79.062531	80.613945	79.153732	79.121033	80.460861	85.279297	78.949356	79.523773	78.838142	0.0	80.638641	80.291885	78.471878	80.461212	80.429932	79.725342	80.406998	84.763649	78.47998	79.151588	79.925674	79.152863	80.496307	80.41954	80.65345	78.498589	78.830048	79.043045	79.50885	79.585762	78.844833	80.686684	80.517372	79.071426	78.659882	83.040527	80.566437	0.0	78.908539	77.999878	80.758881	84.789948	77.953972	78.812851	79.730652	79.82016	77.971893	79.509903	77.720978	78.507599	79.618019	79.201912	79.152184	83.687271	78.964554	80.43486	79.482414	80.592758	83.926376	79.116089	80.408394	79.94519	80.38739	79.017509	85.019043	79.85112	78.769531	85.664734	80.648926	80.340797	80.584259	78.861816	79.052414	79.620132	80.479881	78.913803	78.596504	80.510529	80.514099	85.654129	80.602737	80.573334
78.961258	80.15802	79.191292	78.743713	79.629791	79.583824	79.470428	80.512703	80.258545	80.241379	79.216393	79.210808	79.504097	79.914398	79.615501	79.455673	78.934341	79.324371	79.654022	79.391464	80.272514	79.596939	79.69899	79.742966	79.254753	79.305222	100.0	79.736221	79.679001	79.955002	79.161011	0.0	79.722214	79.00116	79.813988	79.670395	79.134888	80.832108	79.763657	80.597748	80.656021	79.736618	79.278412	79.459366	78.762978	79.227829	0.0	79.686165	79.66777	78.773254	79.703613	79.495491	78.644653	79.725487	79.297241	79.816193	80.522583	80.29435	79.686615	79.684692	79.942154	79.900543	78.677155	79.085052	80.439362	78.813591	78.760742	79.207947	79.854782	79.832901	79.648544	78.956596	79.111069	79.52829	77.701241	79.133095	78.292511	79.914413	79.206497	78.284653	79.289635	78.848862	79.039337	78.435638	78.566666	78.27478	78.905045	78.96685	79.59491	79.974533	79.438377	79.981857	79.673798	79.387535	79.879478	79.572418	80.298363	79.558357	78.777924	79.26825	79.371231	79.298111	79.167175	79.176147	79.187347	79.676727	79.397202	79.856674	79.244476	81.483826	78.75634	79.747345	79.978592	79.02887	79.630875	79.486565	79.337029	79.726051	79.621414
80.414383	79.222244	81.106506	78.087952	80.07737	92.718666	79.304657	79.125816	79.267731	79.436707	80.41346	79.11644	92.711945	88.912682	92.691223	79.724396	81.941589	80.833389	94.582542	79.366669	79.330078	92.65361	89.027588	93.729828	86.870071	80.613235	79.736221	100.0	87.407104	89.04464	79.207291	0.0	94.316315	78.949142	82.866287	93.279236	80.656616	79.118851	88.768967	79.520523	79.47612	87.494812	80.536987	79.668114	80.724518	79.448547	0.0	94.581245	81.988586	78.834427	89.442123	87.611328	81.011803	93.6259	80.388603	78.560966	79.296555	80.602234	79.666443	94.031517	93.838104	88.947937	78.627502	79.116501	79.376236	80.955452	80.860344	79.099052	88.951248	87.791168	79.624741	78.976265	80.504623	87.436859	0.0	79.203873	78.157883	89.056076	80.461235	77.700554	79.577576	81.34819	81.089745	77.93132	81.48497	77.686668	78.809692	82.182449	79.501633	79.601364	80.927773	79.316071	94.0979	79.700912	88.214439	81.118973	79.350388	87.112198	79.856842	83.158226	79.292236	80.531616	81.107666	78.955185	80.60537	94.198303	86.963654	87.687683	79.138557	79.453842	81.837021	93.588364	78.965134	78.768913	93.206299	87.749641	80.822754	91.042862	94.439354
80.292313	79.162201	80.874512	78.084976	79.887184	87.133148	79.023376	79.021667	79.270439	79.335106	80.407318	79.231186	87.222862	87.625885	87.169006	79.576126	81.629547	80.803299	87.448036	79.312973	79.268265	87.210579	87.705399	87.328705	90.27858	80.559959	79.679001	87.407104	100.0	87.711349	79.099579	0.0	87.298637	78.806129	82.406509	87.467316	80.537682	79.199936	87.777618	79.396706	79.341171	92.837265	80.440521	79.522308	80.617577	79.403427	0.0	87.489014	81.698303	78.758591	87.302811	89.630188	80.928185	87.295639	80.319313	78.501923	79.192093	80.303436	79.667694	87.096649	87.224548	87.575378	78.564529	79.045601	79.395439	80.771172	80.812119	79.069229	87.622238	88.201752	79.505516	78.875443	80.592384	89.039963	0.0	78.942596	77.91893	87.705009	80.367035	77.635109	79.382019	80.8218	80.992752	77.767471	81.148758	77.693459	78.640137	81.463455	79.401054	79.422302	80.554688	79.078598	87.26152	79.730682	88.483368	80.855309	79.143021	91.464813	79.64415	82.978767	79.27536	80.53334	80.843964	79.003113	80.782715	87.516022	92.373825	88.271973	79.177902	79.227386	81.433067	87.273109	78.754242	78.594711	87.398071	87.432022	80.723541	87.528397	87.514961
80.524323	79.312027	81.191483	78.340805	80.021011	88.885193	79.27784	79.260681	79.355171	79.395676	80.675507	79.38559	88.63205	95.930092	88.879509	79.884491	81.72435	81.197571	88.934456	79.419662	79.491806	88.788559	90.561523	88.903008	87.018463	80.676979	79.955002	89.04464	87.711349	100.0	79.280685	0.0	88.81723	78.840591	82.864784	89.027061	81.081772	79.36171	90.403534	79.488815	79.712906	88.253387	80.879395	79.783875	80.686401	79.563141	0.0	88.998871	82.094391	78.975266	90.430313	87.594238	81.089737	88.995193	80.594223	78.665771	79.381439	80.800858	79.896454	88.884094	88.901443	91.744438	78.484238	79.315277	79.739075	80.968056	80.998444	79.126999	96.780914	89.125702	79.68605	79.047272	81.289986	88.416534	77.516205	79.177322	77.926598	91.838257	80.638382	77.887428	79.550858	81.211227	81.061562	77.747673	81.856812	77.617744	78.826202	81.715317	79.739716	79.65062	81.009735	79.355331	88.901382	79.859726	89.310043	81.13269	79.403793	87.965652	80.089813	83.169922	79.484627	80.774429	81.056458	78.996872	81.351807	88.760651	87.347549	89.376793	79.367477	79.49762	81.69812	88.897873	79.091187	78.812836	88.9478	87.961174	81.489494	89.260544	88.929382
78.600784	79.194283	78.782806	80.422058	79.249573	79.034157	78.598038	78.90921	79.039688	79.061806	78.851883	78.743843	79.105232	79.207947	78.985245	78.402069	78.691711	78.944672	79.241127	78.722733	79.105392	78.959641	79.174438	79.060974	78.966881	79.075127	79.161011	79.207291	79.099579	79.280685	100.0	0.0	79.190262	88.584488	79.446518	79.005325	78.996811	79.287766	79.122307	79.245399	79.307312	79.108246	78.915237	78.680756	78.675995	78.677513	0.0	79.167496	79.231415	78.200806	79.040207	78.880493	78.634193	78.981415	78.878189	78.665894	78.926247	79.472137	79.326782	79.099976	79.006683	79.302673	80.570175	78.830643	79.299271	78.34938	78.492554	89.036697	79.29882	79.225296	78.789116	78.632156	78.778198	79.195679	79.251503	90.703865	78.330727	79.298569	78.772903	79.690063	78.928177	78.496857	78.71814	78.378098	78.323814	79.891579	87.855881	78.617371	78.867905	79.58313	79.029869	78.888947	79.145844	78.467316	79.353607	79.059273	79.028381	79.082748	78.30014	79.17572	78.656357	79.045631	78.757202	89.114044	79.009407	79.245544	79.078644	79.224106	89.717918	79.272331	78.491905	79.093422	78.723984	78.357079	79.016037	79.083923	79.034866	79.283417	79.111649
0.0	0.0	0.0	0.0	0.0	0.0	0.0	0.0	0.0	0.0	0.0	0.0	0.0	0.0	0.0	0.0	0.0	0.0	0.0	0.0	0.0	0.0	0.0	0.0	0.0	0.0	0.0	0.0	0.0	0.0	0.0	100.0	0.0	0.0	0.0	0.0	0.0	0.0	0.0	0.0	0.0	0.0	0.0	0.0	0.0	0.0	0.0	0.0	0.0	0.0	0.0	0.0	0.0	0.0	0.0	0.0	0.0	0.0	0.0	0.0	0.0	0.0	0.0	0.0	0.0	0.0	0.0	0.0	0.0	0.0	0.0	0.0	0.0	0.0	0.0	0.0	0.0	0.0	0.0	0.0	0.0	0.0	0.0	0.0	0.0	0.0	0.0	0.0	0.0	0.0	0.0	0.0	0.0	0.0	0.0	0.0	0.0	0.0	0.0	0.0	0.0	0.0	0.0	0.0	0.0	0.0	0.0	0.0	0.0	0.0	0.0	0.0	0.0	0.0	0.0	0.0	0.0	0.0	0.0
80.431046	79.292053	81.019821	78.128326	79.982285	92.274841	79.085358	79.121216	79.236176	79.277184	80.484169	79.035797	92.402252	88.815201	92.366547	79.669159	81.86274	80.781815	94.87928	79.18586	79.188263	92.322395	89.017349	92.849167	86.867874	80.554199	79.722214	94.316315	87.298637	88.81723	79.190262	0.0	100.0	78.781563	82.656815	92.750656	80.528336	79.172379	88.732025	79.383148	79.53019	87.382477	80.541092	79.787468	80.628067	79.316605	0.0	93.988548	81.846115	78.831665	89.18972	87.478516	80.856827	92.917328	80.381393	78.588043	79.28447	80.55761	79.761055	93.394402	93.182968	88.780487	78.612411	79.021729	79.408356	80.738625	80.825867	79.034409	88.893745	87.706573	79.543503	78.850113	80.596436	87.359177	0.0	78.986008	77.979012	88.87706	80.504211	77.660645	79.575676	81.072311	80.901405	77.811264	81.516273	77.625191	78.619324	81.99453	79.475357	79.517914	80.868896	79.210938	93.57489	79.581596	88.077408	81.08429	79.365944	87.120636	79.855133	82.976791	79.18251	80.474228	80.943832	78.836525	80.705154	94.637329	86.980087	87.611259	78.976234	79.507782	81.810165	92.779541	78.941429	78.715454	92.7061	87.69635	80.742874	90.80571	94.739731
78.670166	78.986664	78.760712	80.34758	78.911049	78.754547	78.546768	78.826813	78.750481	78.950378	78.757034	78.4991	78.726349	79.02375	78.793762	78.43203	78.554703	78.693268	78.778885	78.552399	78.921799	78.668411	78.829514	78.780426	78.60685	78.728485	79.00116	78.949142	78.806129	78.840591	88.584488	0.0	78.781563	100.0	79.218094	78.852722	78.914207	79.065018	78.911331	79.413284	79.03437	78.931229	78.591812	78.399429	78.492111	78.576805	0.0	78.998947	79.107925	78.233154	78.833191	78.743317	78.640625	78.800049	78.768738	78.452042	78.757843	79.219711	78.993736	78.874367	78.893066	78.962578	80.143806	78.670151	78.784302	78.382034	78.470016	87.025742	78.956238	78.935959	78.382278	78.494125	78.749733	78.93248	79.120239	88.341675	78.434875	78.984283	78.670372	79.66188	78.635048	78.588165	78.479111	78.46273	78.416473	79.534454	85.792664	78.278946	78.64032	79.386597	78.799438	78.810951	78.855896	78.375168	78.956863	79.012131	78.924973	78.756752	78.094513	78.883804	78.618927	78.720993	78.747963	87.362587	78.80352	78.777107	78.652176	79.057632	87.979004	79.105026	78.269829	78.80217	78.557632	78.249893	78.859451	78.86879	78.686852	78.911583	78.773788
