384.1008	1312183.9	240521.3	1841654.4	1736312.3	2171756.3	391.9	1907415.3	1907413.3	1368430.4	386.189	348824.49	1566260.3	1335060.3	386.162	386.182	2819997.3	2785056.3	396.9	1736428.3	2067451.4	386.180	754762.3	384.393	1138189.12	1841653.4	2726076.3	387.282	2731112.3	386.163	2817706.3	387.28	398.14	2291939.3	2613770.3	384.94	698761.4	2806346.3	1571470.3	1986026.4	1703962.3	398.4	1500301.3	1500304.3	908946.3	1335060.80	2583231.6	29449.42	2731096.3	1138194.8	1764276.3	754521.3	2028343.3	887144.4	2603277.3	2182425.3	1120688.3	395491.3	384.432	1735675.3	754764.3	2937795.4	2813827.3	990285.3	2586991.3	2267833.3	1703971.3	1432049.3	2048897.3	2895568.3	391.5	1041147.3	1138190.4	2726075.3	2819996.3	1752526.3	1033991.3	1184720.8	451876.4	387.275	395492.8	1368417.4	1532558.3	2795216.3	1736592.3	1736473.3	538025.6	984260.6	50338.5	1736380.3	379684.3	293958.16	2919917.3	1825933.3	2035449.3	1076926.3	1144306.3	1523429.3	484088.4	2849093.3	2135647.3	398.16	2613771.3	1736577.3	363754.4	1981173.3	384.431	347834.17	1736344.3	1378077.3	2845820.10	387.29	1079460.3	1523420.3	1566263.3	384.1004	1223565.8	2364272.4	1841611.3
100.0	80.394211	79.280716	81.190804	78.037117	80.150955	79.22477	79.084709	79.271683	79.428696	93.690399	81.203453	80.471146	79.182938	88.94693	92.804306	79.739487	81.868111	87.66964	79.352219	79.297104	92.891914	89.112427	93.681061	86.994308	80.625214	79.751968	92.716522	87.410049	89.030609	79.109344	94.439209	0.0	78.882797	82.852692	93.33416	80.690277	79.08667	79.482353	79.471855	87.514717	80.614876	79.687485	80.722412	79.421326	0.0	94.62233	81.995285	89.305008	87.508202	81.056488	93.805786	80.391403	78.538994	79.323456	80.599564	79.791908	94.115425	94.336967	78.511093	88.998627	79.056602	79.464096	80.808067	80.905708	78.9692	89.070709	87.772896	80.812027	79.62262	78.913445	80.686157	87.47345	0.0	79.789719	79.157425	88.881958	91.116272	78.060486	93.645142	89.017883	77.761696	79.604103	80.566788	81.172981	77.852982	81.443283	77.708176	82.167068	79.55117	79.5326	80.993683	79.352661	94.127792	88.162186	94.128647	81.165466	79.370361	79.901138	83.031174	79.352371	80.557076	81.179977	78.99984	80.715668	86.986755	94.317123	87.243965	78.892883	79.159096	79.5298	92.711876	81.948586	78.950264	78.725044	93.317581	87.742905	80.853905	78.770615
80.394211	100.0	78.852234	79.550537	78.072449	79.130432	78.560532	78.630051	78.711868	78.7491	80.279907	79.5588	82.755936	78.630829	80.544724	80.301834	79.402275	79.74041	80.420792	78.636414	78.689262	80.248413	80.41655	80.378174	80.109619	82.837868	78.961258	80.310608	80.292313	80.524323	78.600784	80.400352	0.0	78.603165	80.410904	80.351204	82.947266	78.781631	78.95874	78.79567	80.371353	82.715675	78.902328	79.505371	78.79451	0.0	80.338203	80.003433	80.315392	80.293755	79.571381	80.434189	82.7108	78.190483	78.658028	79.689995	78.91481	80.374077	80.50338	78.273132	80.404121	78.735077	78.892883	79.441666	79.31871	78.632568	80.60524	80.515747	87.713684	78.887444	78.530991	87.328102	80.30722	0.0	79.360535	78.516907	80.503319	80.446808	77.828949	80.361649	80.508018	77.736908	78.903839	82.694031	79.485947	77.624947	79.358521	77.519882	79.647415	78.915314	78.883957	84.786789	78.729996	80.301071	80.521362	80.375999	84.90686	78.836411	79.977867	80.057487	78.62619	82.958389	79.593445	78.614838	83.098206	80.296249	80.361076	80.312943	78.15609	78.820839	78.847237	80.248299	79.442017	78.477791	78.193321	80.286789	80.3386	83.443405	78.323433
79.280716	78.852234	100.0	79.118637	78.377625	79.332397	78.827873	79.65715	80.068619	80.14621	79.306	79.043381	78.905685	79.24025	79.25209	79.266335	78.567719	78.815842	79.254349	78.790115	80.140007	79.293434	79.227493	79.443268	79.05899	79.079819	80.15802	79.181122	79.162201	79.312027	79.194283	79.233551	0.0	79.028534	79.671692	79.144188	79.184418	80.19455	92.114929	80.187088	79.297272	79.140427	78.963913	78.901939	79.253502	0.0	79.295975	79.453949	79.153824	79.220352	78.826584	79.214729	79.074127	78.860184	80.032585	79.770462	79.381912	79.295021	79.276047	78.803833	79.271759	79.057175	87.009636	78.938622	78.837669	79.040268	79.361526	79.392441	79.148178	79.013596	78.929153	78.993942	79.282806	77.995506	78.575226	78.879761	79.207169	79.416702	78.490097	79.323318	79.338455	78.022308	79.120552	78.973892	79.123001	78.557121	78.507339	77.890465	78.776169	79.142738	79.640427	79.142746	79.863319	79.146233	79.221931	79.202377	79.299545	80.221283	78.485474	79.304138	78.90461	79.252869	79.114014	79.050591	79.101532	79.188263	79.384094	79.169632	78.454132	79.071075	80.279114	79.264763	78.612366	79.672226	78.587616	79.362411	79.340134	79.057205	78.846527
81.190804	79.550537	79.118637	100.0	78.449959	79.301559	78.580765	78.929039	79.205299	79.217178	81.066711	82.327942	79.843849	78.851166	81.214325	81.040604	79.159828	80.840744	81.129959	78.973862	79.286118	81.004181	81.049187	81.005142	80.664551	79.904274	79.191292	81.028503	80.874512	81.191483	78.782806	80.914551	0.0	78.633514	82.023964	81.115143	79.920776	79.101913	79.363556	79.269371	81.059532	79.938538	78.96196	82.505295	79.178421	0.0	81.091393	83.597267	81.012634	80.936676	82.414139	80.962601	79.888046	78.366646	78.946915	79.814865	78.880417	81.065384	80.902618	78.72963	81.145157	79.016541	79.146309	82.661385	82.661804	78.767532	81.254761	81.042122	79.845673	79.070953	78.831436	79.784882	80.971458	0.0	79.171623	78.839882	80.932556	81.02581	78.142906	81.076233	81.282288	78.087265	78.821465	79.762604	83.605461	78.01709	80.571091	77.889587	80.828796	79.178986	79.038872	80.032204	79.084137	81.017044	81.206322	81.052452	79.990891	79.288223	79.426292	80.811523	78.748306	79.803085	84.077248	78.737457	79.90316	80.783379	80.9505	80.827522	78.330856	79.012245	79.12088	80.920601	80.881927	78.889984	78.5224	81.016457	81.118248	80.207825	78.694977
78.037117	78.072449	78.377625	78.449959	100.0	78.304108	78.338013	78.182755	78.471237	78.527	78.176712	78.182968	78.164108	77.936333	78.296837	78.288635	78.081528	77.869354	78.228531	78.363564	78.602028	78.193741	78.358429	78.169441	77.875595	78.452438	78.743713	78.037376	78.084976	78.340805	80.422058	78.106079	0.0	80.296997	78.799759	78.064758	78.390854	78.566277	78.50975	78.578094	78.199249	78.170639	78.033165	78.083069	77.700325	0.0	78.127274	78.651291	78.23703	78.025139	78.081535	78.169205	78.125847	78.340073	78.398598	78.497177	78.343964	78.290733	78.312469	80.752441	78.25634	78.457932	78.398605	77.959435	78.153603	80.554932	78.358704	78.080917	78.108856	78.339302	78.2117	78.190109	78.187256	79.296242	78.024384	80.479195	78.14257	78.266922	78.347603	78.159714	78.291893	83.252129	78.054245	78.305496	78.353394	78.266129	77.888763	82.874001	77.839775	78.275703	78.665764	78.192963	78.441238	78.197845	78.178101	78.122688	78.468277	78.481438	77.903938	78.386414	78.187904	78.19516	78.519478	80.402496	78.217751	78.06752	78.12468	78.14344	78.13961	80.588097	78.574173	78.112152	77.739532	78.278412	78.230156	78.001175	78.142685	78.25444	80.412071
80.150955	79.130432	79.332397	79.301559	78.304108	100.0	78.778076	79.266983	79.125443	79.281242	79.917084	79.080994	79.219193	80.130356	80.019615	79.867294	78.836121	79.292183	79.988831	78.789902	79.398605	79.748184	79.945786	79.948013	79.790604	79.114136	79.629791	79.956154	79.887184	80.021011	79.249573	80.103058	0.0	78.946892	80.045158	79.88623	79.319366	79.414536	79.594582	79.552658	79.89592	79.339706	79.162224	78.983757	79.268066	0.0	80.045319	79.76268	79.741257	79.811584	78.976128	79.838478	79.209435	78.444397	79.363197	80.304016	81.384644	79.768669	80.014236	78.477081	79.874893	81.774353	79.640083	79.092422	79.00106	79.069267	79.932701	80.067108	79.365494	78.973022	79.831192	79.161453	79.914848	77.645615	78.818909	79.1353	79.835701	80.046844	78.25856	79.912109	80.030243	77.958313	83.192795	79.333267	79.236969	78.212898	78.915955	77.785995	79.130661	79.27124	80.312294	79.356506	79.298416	79.802231	80.077927	79.998367	79.495712	79.18544	78.647438	79.823227	78.969818	79.293137	79.225708	79.014404	79.375572	79.71434	79.939339	79.815201	78.457184	79.219177	79.194946	79.717087	79.086624	79.124939	78.496986	79.980827	80.036118	79.354233	78.844948
79.22477	78.560532	78.827873	78.580765	78.338013	78.778076	100.0	78.67128	78.702454	79.178101	78.995728	78.531685	78.755096	79.021233	79.224602	79.003387	78.463013	78.535568	79.186333	79.564392	79.077011	79.154724	79.247498	79.067429	78.887459	78.692719	79.470428	79.115067	79.023376	79.27784	78.598038	79.07563	0.0	78.768166	79.381195	79.097244	78.714828	78.929825	79.078735	78.979271	79.132149	78.824265	79.933762	78.25676	79.366013	0.0	79.044128	79.246803	79.030396	78.964645	78.438797	79.0746	78.821297	78.451729	78.95063	79.344727	79.336922	78.999092	79.115135	78.15239	79.122391	78.54409	78.976433	78.496384	78.400787	79.091003	79.313286	79.168167	78.813461	79.987015	78.948792	78.603821	79.188126	0.0	78.435043	78.489906	79.181976	79.1175	78.16777	78.98616	79.197296	77.714066	78.671135	78.73101	78.763733	78.01339	78.29361	77.655403	78.556763	79.865318	79.300476	78.941994	78.733383	79.070251	79.131279	79.072937	78.919983	78.79393	78.467056	78.820297	92.843681	78.835426	78.866402	78.562325	78.640701	78.881088	79.089928	78.892677	85.182198	78.654869	79.199051	79.046097	78.174164	78.790733	89.703827	79.024521	78.985451	78.969284	78.397842
79.084709	78.630051	79.65715	78.929039	78.182755	79.266983	78.67128	100.0	79.949173	80.12796	79.077316	78.669662	78.909027	79.106255	79.184204	78.984268	78.319328	78.49733	79.199188	78.707619	80.176407	78.951904	79.184219	78.892807	78.940392	78.992569	80.512703	79.016205	79.021667	79.260681	78.90921	79.224159	0.0	78.822083	79.494675	79.110291	78.896225	80.049896	79.862862	80.30925	79.201057	78.950348	78.926407	78.630646	79.014671	0.0	79.089104	79.242386	78.831139	79.109085	78.608505	79.007507	78.823624	79.07608	79.986176	79.599854	78.927643	79.083832	79.091995	78.562927	79.087631	79.164391	79.810669	78.518265	78.493538	78.870026	79.207619	79.136841	78.966492	78.959267	78.839783	78.843483	79.092163	0.0	78.375427	78.771515	79.162926	79.185799	78.324493	79.061584	79.14093	77.886108	78.811462	78.891541	78.880173	78.367325	78.345001	77.883026	78.588531	79.115166	79.765495	78.943634	79.930473	79.011696	79.123093	79.04715	79.017502	80.130722	78.447632	78.897369	78.99437	78.866951	78.789734	78.658646	78.878601	79.010635	79.093735	78.986145	78.542862	78.948669	80.144135	79.026108	78.483521	79.706398	78.602051	78.967209	78.999802	78.907333	78.645958
79.271683	78.711868	80.068619	79.205299	78.471237	79.125443	78.702454	79.949173	100.0	91.369171	79.340034	78.824539	79.017532	79.125153	79.441254	79.204613	78.573364	78.708717	79.413956	78.924553	87.316254	79.249435	79.29245	79.283051	78.926468	78.97403	80.258545	79.250702	79.270439	79.355171	79.039688	79.297729	0.0	78.809372	79.754181	79.185715	79.010811	81.291267	80.265137	83.940376	79.311722	78.93222	78.944855	78.805862	78.989449	0.0	79.417625	79.564011	79.16687	79.171288	78.816681	79.294586	78.946152	79.037674	86.346069	79.525375	79.158218	79.269577	79.371262	78.894638	79.424271	79.186127	80.232521	78.964142	78.938492	78.838173	79.383865	79.232948	78.91449	79.169914	78.883415	78.891838	79.154678	78.055084	78.585625	78.850136	79.220383	79.372696	78.400452	79.286377	79.437088	78.04203	78.846466	78.957825	79.041725	78.43837	78.363144	77.863831	78.675247	79.292809	80.1707	78.987701	85.041771	79.231247	79.092278	79.100891	79.043335	93.165924	78.487518	79.128021	78.820648	78.990944	79.096008	78.888489	79.031555	78.97406	79.355164	79.054314	78.540054	78.94413	81.570251	79.2668	78.614288	82.552643	78.623932	79.272301	79.133392	79.05616	78.762009
79.428696	78.7491	80.14621	79.217178	78.527	79.281242	79.178101	80.12796	91.369171	100.0	79.358749	78.922325	79.077698	79.415695	79.318176	79.253967	78.812164	78.808853	79.409294	79.008926	86.732132	79.193558	79.330154	79.481339	79.082596	79.195724	80.241379	79.396164	79.335106	79.395676	79.061806	79.294067	0.0	79.211929	79.623077	79.37262	79.166191	81.311691	80.435135	83.868248	79.383698	79.136597	78.886002	79.081223	79.206696	0.0	79.401001	79.873947	79.182526	79.113892	78.974091	79.478989	79.06192	79.381668	85.986153	79.728165	79.510895	79.379288	79.317619	78.808983	79.388718	79.25148	80.651176	78.931305	78.871033	79.380676	79.459251	79.407074	79.05835	79.101425	79.350784	79.077309	79.197754	77.825638	78.72863	79.034073	79.250046	79.363632	78.911316	79.429642	79.53862	77.980087	78.943878	79.154709	79.052338	78.690552	78.704346	77.994873	78.795258	79.249359	80.356659	78.961487	84.977638	79.326355	79.29335	79.266258	79.083748	91.745842	78.601135	79.103455	79.11763	79.108757	79.194382	79.174896	79.081665	79.174789	79.307816	79.325043	78.816772	79.146553	81.830154	79.275696	78.689438	82.35215	78.807419	79.311554	79.300781	79.17382	78.803848
93.690399	80.279907	79.306	81.066711	78.176712	79.917084	78.995728	79.077316	79.340034	79.358749	100.0	81.011787	80.37796	79.108032	88.793869	93.791	79.732635	81.741867	87.505722	79.141418	79.290344	93.54335	88.98465	93.464539	86.681213	80.492874	79.623444	92.520782	87.138947	88.87336	79.060333	93.176712	0.0	78.914841	82.620216	94.146759	80.601868	79.326874	79.404213	79.460754	87.243446	80.618088	79.672546	80.707626	79.441017	0.0	93.683167	81.892838	89.269058	87.310432	80.935638	93.570831	80.346512	78.461266	79.244125	80.483513	79.557297	94.320587	93.057678	78.545166	88.822716	79.040993	79.497986	80.77092	80.900604	79.052719	88.86541	87.499176	80.697235	79.63205	78.94751	80.5802	87.285172	0.0	79.729172	79.070107	88.782631	91.123123	77.98008	93.515747	88.884491	77.814789	79.432327	80.433975	81.013573	77.786491	81.308197	77.662369	81.927338	79.456818	79.35556	80.860283	79.099686	94.382202	87.9552	92.898384	81.006256	79.327583	79.827393	82.915825	79.251976	80.458931	80.982582	78.891495	80.72773	86.831116	92.949699	87.057663	78.738449	79.008331	79.379799	93.506149	81.771042	78.896835	78.726562	93.956879	87.751816	80.806702	78.879868
81.203453	79.5588	79.043381	82.327942	78.182968	79.080994	78.531685	78.669662	78.824539	78.922325	81.011787	100.0	79.629181	78.836746	81.131821	81.191147	79.021774	81.535675	80.938614	79.021072	78.845261	81.451935	81.047607	81.419861	80.750992	79.730652	78.848862	81.070793	80.8218	81.211227	78.496857	81.119171	0.0	78.462166	81.58374	81.21814	79.754013	78.748718	79.032837	78.788261	81.06749	79.746964	79.472519	85.112961	78.745636	0.0	81.151009	81.861031	81.100067	80.951775	86.732864	81.349777	79.529587	78.077057	78.78833	79.392136	78.920067	81.095909	81.188705	78.303055	81.063858	78.787857	78.834152	85.510124	85.590118	78.68721	81.171066	80.964775	79.856216	79.006065	78.62323	79.584351	80.864029	0.0	78.980301	78.553131	80.900124	81.1539	77.913589	81.448364	81.087799	77.759338	78.605011	79.606293	83.044128	77.967224	80.857567	77.826248	81.172226	79.143837	79.058502	79.605736	78.780403	81.037598	81.113327	81.048569	79.762871	78.888184	79.2929	80.63591	78.700195	79.679214	83.21701	78.638062	79.937698	80.749245	81.135559	80.855896	78.390739	78.596497	78.751503	81.268173	81.551231	78.424026	78.46228	81.21917	81.052979	79.994499	78.522835
80.471146	82.755936	78.905685	79.843849	78.164108	79.219193	78.755096	78.909027	79.017532	79.077698	80.37796	79.629181	100.0	78.798676	80.556854	80.483978	79.393661	79.569939	80.596451	78.861069	79.047806	80.450317	80.392525	80.449837	80.002792	84.732246	79.216393	80.428894	80.407318	80.675507	78.851883	80.420349	0.0	78.73114	80.684357	80.405579	94.789825	78.911484	79.175514	78.965668	80.436134	87.222443	78.910782	79.531609	78.973434	0.0	80.51413	80.183914	80.279686	80.35096	79.690674	80.463959	90.289047	78.396149	78.91507	79.948654	79.010117	80.376167	80.490395	78.498627	80.613022	78.880264	78.957405	79.586655	79.507988	78.837967	80.649841	80.601562	83.127396	79.050247	78.650154	82.838348	80.45961	0.0	79.374496	78.901283	80.419518	80.623749	77.981155	80.472145	80.657074	77.914642	78.756012	89.80191	79.797531	77.96933	79.482246	77.74559	79.550415	79.120995	79.004211	82.97168	79.023605	80.378952	80.590729	80.476303	83.2836	78.986008	79.86554	80.489037	78.872826	88.066742	79.660873	78.638123	85.864868	80.218742	80.441162	80.485596	78.453232	79.018639	78.981819	80.336884	79.48996	78.811874	78.422485	80.52037	80.545624	87.18515	78.614227
79.182938	78.630829	79.24025	78.851166	77.936333	80.130356	79.021233	79.106255	79.125153	79.415695	79.108032	78.836746	78.798676	100.0	79.39856	79.24865	78.519852	78.902611	79.32074	78.447083	79.478012	79.217575	79.176842	79.217789	79.00882	78.801208	79.210808	79.147278	79.231186	79.38559	78.743843	79.343925	0.0	78.548904	79.34491	79.33873	79.075523	79.019608	79.332748	79.088425	79.185043	78.726883	78.760132	78.852608	79.333923	0.0	79.125549	79.452354	79.07048	79.104431	78.693924	79.186699	78.8461	78.242867	79.217529	79.754997	80.365685	79.221779	79.090286	78.383179	79.309563	80.046738	79.848328	78.669952	78.72789	78.694008	79.467545	79.436684	78.887894	78.575066	83.702789	78.696243	79.253372	0.0	78.474815	78.444046	79.22081	79.32328	78.874878	79.226921	79.301567	77.756866	79.954666	78.858978	78.867355	78.326851	78.83429	77.696701	78.973465	78.907089	80.141342	78.71727	79.083084	79.079025	79.39856	79.168365	78.890198	79.22084	78.328522	79.043396	78.893784	79.058716	78.875183	79.355469	78.912956	79.23233	79.183838	79.212212	78.661758	78.780289	79.25042	79.191391	78.74678	78.846832	78.472511	79.205238	79.162399	78.926254	78.550873
88.94693	80.544724	79.25209	81.214325	78.296837	80.019615	79.224602	79.184204	79.441254	79.318176	88.793869	81.131821	80.556854	79.39856	100.0	88.819061	79.885925	81.604988	89.471474	79.382523	79.427734	88.728127	90.421875	88.906143	86.926361	80.64695	79.914398	88.679306	87.625885	95.930092	79.207947	88.880707	0.0	78.915375	82.820847	88.900391	80.804337	79.434158	79.370087	79.671677	88.373138	80.784332	79.742378	80.760979	79.531708	0.0	88.810989	82.167221	90.323563	87.525848	80.997421	88.932121	80.510208	78.719437	79.501144	80.787689	79.810295	88.850616	88.8573	78.553787	91.739182	79.212181	79.709404	80.939407	80.986191	79.184677	96.004593	89.177902	81.124748	79.506165	79.025833	81.156723	88.354416	77.663857	79.923073	79.176849	90.240471	89.067421	77.925941	88.804749	91.686401	77.931549	79.503998	80.690292	81.14949	77.743164	82.168106	77.635887	81.60939	79.794525	79.628571	80.929565	79.291252	88.850929	89.358109	88.616898	81.106094	79.408981	80.037125	83.053589	79.377701	80.76458	81.030167	79.185066	81.24614	87.131256	88.81295	88.114838	78.945816	79.32576	79.518097	88.748856	81.511017	79.034271	78.767563	88.841614	87.966095	81.539536	78.928574
92.804306	80.301834	79.266335	81.040604	78.288635	79.867294	79.003387	78.984268	79.204613	79.253967	93.791	81.191147	80.483978	79.24865	88.819061	100.0	79.739807	81.848412	87.534271	79.139496	79.255646	98.165894	88.938835	93.234116	86.834839	80.501122	79.615501	92.279045	87.169006	88.879509	78.985245	92.377052	0.0	78.701538	82.602936	94.387054	80.503281	79.222687	79.424469	79.43174	87.38195	80.460907	79.775589	80.661934	79.250931	0.0	92.822128	81.792572	89.247383	87.405785	81.065628	93.193161	80.357254	78.483398	79.167992	80.474426	79.638748	92.750641	92.343399	78.364502	88.789108	78.939072	79.489319	80.744415	80.812195	78.955933	88.8508	87.517281	80.779434	79.660782	78.935944	80.603897	87.260399	77.65847	79.791565	78.942123	88.856262	91.459747	78.120224	93.233902	88.87915	77.779572	79.49588	80.445114	80.97744	77.866837	81.324448	77.577332	82.053497	79.342804	79.558823	80.981934	79.076828	93.686859	88.044624	92.116936	81.046021	79.3526	79.992081	83.016487	79.255211	80.406509	80.94545	78.890228	80.699707	86.823372	92.26223	87.05484	78.769714	79.035645	79.275497	97.966835	81.782646	78.820511	78.5867	94.883896	87.762619	80.802216	78.708473
79.739487	79.402275	78.567719	79.159828	78.081528	78.836121	78.463013	78.319328	78.573364	78.812164	79.732635	79.021774	79.393661	78.519852	79.885925	79.739807	100.0	79.005066	79.790154	78.624588	78.782898	79.664459	79.614983	79.739288	79.344276	79.531296	79.455673	79.699173	79.576126	79.884491	78.402069	79.800034	0.0	78.286652	80.056679	79.733246	79.44091	78.828773	78.629326	78.983154	79.557266	79.507484	78.815063	78.972984	78.534439	0.0	79.662537	79.699738	79.726028	79.504845	78.838196	79.690704	79.419876	78.059258	78.894058	79.4552	78.539665	79.5989	79.729462	78.137146	79.796593	78.428543	78.612518	78.947304	78.930908	78.376572	79.804649	79.66391	79.727783	78.829559	78.469429	79.507187	79.580765	0.0	99.997597	78.183029	79.554672	79.851357	77.728226	79.640602	79.861893	77.92614	78.486313	79.407379	79.206543	77.655037	78.793152	77.669617	78.994766	78.987411	78.792336	79.945877	78.738861	79.608498	79.693939	79.601044	79.977036	78.644943	80.117142	79.234818	78.709366	79.405418	79.318619	78.14904	79.672531	79.352768	79.694603	79.548424	78.351273	78.217667	78.929871	79.70874	78.752907	78.54483	78.654037	79.66481	79.711082	79.579102	78.408371
81.868111	79.74041	78.815842	80.840744	77.869354	79.292183	78.535568	78.49733	78.708717	78.808853	81.741867	81.535675	79.569939	78.902611	81.604988	81.848412	79.005066	100.0	81.646133	78.790771	79.071922	81.950371	81.498528	81.884537	81.341385	79.711044	78.934341	81.767303	81.629547	81.72435	78.691711	81.836601	0.0	78.461548	82.756012	81.790894	79.936356	78.673553	78.884277	78.954887	81.595741	79.895004	79.235855	80.708694	78.801315	0.0	81.864983	81.067818	81.502541	81.444542	80.923813	81.851982	79.661751	78.128235	78.611664	79.585114	79.250534	81.7211	81.970581	78.194458	81.754532	78.830887	78.909424	80.670242	80.766342	78.63813	81.777344	81.603828	79.984314	79.11412	78.99025	79.846573	81.45105	0.0	78.913391	78.53688	81.495697	81.991699	77.742065	81.925858	81.802933	77.587898	79.211365	79.844925	80.912674	77.538895	92.213554	77.554367	89.084709	78.841705	79.098114	79.959671	78.7062	81.84256	81.798317	81.758057	79.943756	78.804214	79.325439	81.193192	78.761169	79.869766	80.874077	78.514954	79.9646	81.321106	81.793312	81.506157	78.379013	78.679581	78.827553	81.816086	95.565491	78.606766	78.31308	81.872589	81.708725	79.917007	78.416183
87.66964	80.420792	79.254349	81.129959	78.228531	79.988831	79.186333	79.199188	79.413956	79.409294	87.505722	80.938614	80.596451	79.32074	89.471474	87.534271	79.790154	81.646133	100.0	79.263321	79.401024	87.423576	88.116135	87.604904	87.568039	80.497375	79.814026	87.472534	88.134323	89.440308	79.126923	87.661957	0.0	78.872238	82.678253	87.647903	80.780121	79.432373	79.498444	79.595146	90.192841	80.814865	79.685654	80.892181	79.485718	0.0	87.608589	81.917114	87.760948	88.087982	81.132698	87.62619	80.582832	78.768333	79.372971	80.652206	79.775688	87.560173	87.62323	78.573189	88.538971	79.366104	79.624084	81.010887	80.956253	79.105652	89.958199	92.17408	80.929443	79.687798	79.029037	80.847565	92.044266	0.0	79.740158	79.013573	87.895966	87.923492	78.132698	87.57	88.753403	77.807755	79.608261	80.55233	81.236435	77.892517	82.871422	77.653526	81.438423	79.659821	79.620331	81.001801	79.290329	87.486359	92.44059	87.366516	80.967514	79.368355	79.825409	83.147537	79.553787	80.825897	81.124512	78.971138	80.979553	87.862808	87.53598	90.195755	78.906448	79.307343	79.454903	87.467789	81.455971	78.96907	78.845299	87.57193	88.370918	81.042526	78.841644
79.352219	78.636414	78.790115	78.973862	78.363564	78.789902	79.564392	78.707619	78.924553	79.008926	79.141418	79.021072	78.861069	78.447083	79.382523	79.139496	78.624588	78.790771	79.263321	100.0	79.116669	79.340073	79.322632	79.237747	79.122345	78.976257	79.391464	79.020248	79.312973	79.419662	78.722733	79.290871	0.0	78.471458	79.481369	79.171654	79.031784	79.248428	78.896561	79.250259	79.072372	78.9133	82.959274	78.638649	79.178802	0.0	79.132202	79.360847	79.352051	79.126022	78.590988	79.033058	78.852112	78.449615	79.015198	79.56601	78.744553	79.216034	79.144241	78.402168	79.425865	78.380768	78.725128	78.584137	78.589211	78.700371	79.321121	79.15126	78.716858	87.047417	78.385117	78.843674	79.31337	77.726494	78.66217	78.63118	79.19281	79.500458	77.936111	79.267456	79.48381	77.926682	78.367989	78.828522	78.881805	77.629623	78.530838	77.893349	78.594711	83.059631	78.719566	79.057098	78.991776	79.234283	79.24749	79.169525	78.994492	79.010155	78.438843	78.889847	79.801025	79.057655	78.73069	78.735497	78.878098	78.844475	79.056686	79.063263	79.415878	78.796623	79.238541	79.278839	78.520645	78.854965	79.292534	79.211876	79.115341	78.89389	78.577538
79.297104	78.689262	80.140007	79.286118	78.602028	79.398605	79.077011	80.176407	87.316254	86.732132	79.290344	78.845261	79.047806	79.478012	79.427734	79.255646	78.782898	79.071922	79.401024	79.116669	100.0	79.179749	79.231079	79.333488	79.033768	78.96447	80.272514	79.323502	79.268265	79.491806	79.105392	79.340012	0.0	79.091766	79.851639	79.176605	79.252151	81.499352	80.374756	84.411743	79.308517	79.16275	79.158806	79.079041	79.25853	0.0	79.263306	79.833008	79.150452	79.302658	78.84996	79.319733	78.986031	79.053085	87.271408	79.703407	79.236938	79.265884	79.240959	78.747498	79.330269	79.268967	80.564209	79.045189	78.996017	79.009399	79.435905	79.258331	79.00061	79.30172	79.417274	79.022141	79.250748	77.71479	78.804337	79.059151	79.264999	79.340454	79.063644	79.292404	79.406181	78.202057	78.994965	79.033913	79.149467	78.711334	78.57959	78.029434	78.784882	79.303452	80.714798	78.979355	85.994492	79.301216	79.299728	79.255417	79.222572	87.206772	78.620438	79.106689	79.184982	79.051514	79.382324	79.00148	79.26297	79.075119	79.199402	79.112907	78.544518	79.124992	82.069122	79.177032	78.861404	82.878761	78.861877	79.210068	79.328888	79.169083	78.849022
92.891914	80.248413	79.293434	81.004181	78.193741	79.748184	79.154724	78.951904	79.249435	79.193558	93.54335	81.451935	80.450317	79.217575	88.728127	98.165894	79.664459	81.950371	87.423576	79.340073	79.179749	100.0	88.957977	93.267204	86.914726	80.519539	79.596939	92.373268	87.210579	88.788559	78.959641	92.395386	0.0	78.766113	82.604553	94.407227	80.532745	79.110596	79.422989	79.432518	87.426971	80.454124	79.797119	80.633743	79.261353	0.0	92.809174	81.773041	89.438339	87.431984	80.985237	93.299957	80.288589	78.500107	79.324303	80.467453	79.636398	92.849434	92.278992	78.455048	88.756523	78.977417	79.446106	80.710678	80.769646	79.017807	88.803162	87.522293	80.703949	79.85701	78.940659	80.616516	87.303085	0.0	79.709137	78.890633	88.719955	91.450668	78.049179	93.215118	88.860428	77.747437	79.433746	80.381134	80.987694	77.864426	81.363945	77.727623	81.907303	79.403824	79.533264	80.846878	78.990433	93.489449	87.993225	92.129135	80.968079	79.351852	80.003098	82.986115	79.370193	80.353561	80.842674	78.912743	80.767479	86.781784	92.171638	87.042175	78.62323	78.986565	79.27626	98.499733	81.80719	78.931885	78.627151	94.884094	87.701599	80.644257	78.737381
89.112427	80.41655	79.227493	81.049187	78.358429	79.945786	79.247498	79.184219	79.29245	79.330154	88.98465	81.047607	80.392525	79.176842	90.421875	88.938835	79.614983	81.498528	88.116135	79.322632	79.231079	88.957977	100.0	89.070686	86.96077	80.633202	79.69899	88.909828	87.705399	90.561523	79.174438	88.880302	0.0	78.877594	82.835823	89.173294	80.633125	79.42804	79.495117	79.475204	87.862106	80.673157	79.805244	80.667404	79.302338	0.0	89.090858	81.865685	90.0476	87.609192	80.940521	89.099365	80.471092	78.714111	79.26825	80.613342	79.69899	88.900146	89.053978	78.64534	90.994186	79.269424	79.458954	80.942368	80.97113	79.302483	90.543076	88.156181	80.828781	79.717819	78.839355	80.72702	87.759453	0.0	79.59874	79.040764	92.28978	89.197266	77.905197	89.088577	91.117531	77.939758	79.484329	80.456772	81.024483	77.826302	81.201538	77.632271	81.580139	79.532768	79.436844	80.845863	79.119171	89.032524	88.427444	88.814499	81.079987	79.409996	79.737274	83.093384	79.248718	80.524063	81.062355	78.964951	80.760056	87.312225	88.866089	87.491959	78.892914	79.201843	79.290596	88.984741	81.618546	78.894547	78.704178	89.058868	87.716629	80.870117	78.880997
93.681061	80.378174	79.443268	81.005142	78.169441	79.948013	79.067429	78.892807	79.283051	79.481339	93.464539	81.419861	80.449837	79.217789	88.906143	93.234116	79.739288	81.884537	87.604904	79.237747	79.333488	93.267204	89.070686	100.0	86.934967	80.505684	79.742966	94.038452	87.328705	88.903008	79.060974	92.907852	0.0	78.648956	82.659248	93.941574	80.601196	79.41066	79.583138	79.658096	87.400787	80.569962	79.68132	80.672699	79.317749	0.0	93.534042	81.767319	89.495712	87.707794	81.041336	97.894653	80.458939	78.595116	79.347755	80.584435	79.747139	93.446617	93.033356	78.617569	88.938393	79.016678	79.541481	80.780495	80.81311	78.998322	88.89077	87.721634	80.682655	79.540504	79.142288	80.694321	87.467178	0.0	79.721352	79.083099	88.923813	91.273949	78.055893	97.89016	88.97052	77.856995	79.585495	80.521667	80.845825	77.838326	81.361328	77.591583	82.188751	79.492065	79.598755	80.894447	79.282295	93.057449	88.021881	92.706497	81.010971	79.224731	80.05394	83.058067	79.254799	80.541901	81.106033	78.974426	80.739975	86.895355	92.877716	87.120224	78.717453	79.061996	79.385048	93.307625	81.780273	79.13681	78.751419	93.963135	87.753242	80.784889	78.835129
86.994308	80.109619	79.05899	80.664551	77.875595	79.790604	78.887459	78.940392	78.926468	79.082596	86.681213	80.750992	80.002792	79.00882	86.926361	86.834839	79.344276	81.341385	87.568039	79.122345	79.033768	86.914726	86.96077	86.934967	100.0	80.203331	79.254753	86.691849	90.27858	87.018463	78.966881	87.092224	0.0	78.501236	81.995346	87.135841	80.215744	79.043976	79.155403	79.169907	89.994637	80.249039	79.327782	80.294647	79.243431	0.0	87.012909	81.309799	86.89167	89.638252	80.643311	86.885429	80.214279	78.483604	79.011017	80.139069	79.479271	86.801422	86.988434	78.380959	87.043549	78.904037	79.167511	80.494949	80.524704	78.784126	87.018372	87.751663	80.278023	79.574104	79.065872	80.208481	87.969902	0.0	79.306915	78.713226	87.019691	87.086655	78.017776	87.046921	87.19075	77.803551	79.328964	80.128052	80.723419	77.801544	80.899696	77.562897	81.281044	79.28347	79.170326	80.240845	78.997643	86.850273	88.089813	86.898254	80.468658	79.084671	79.434113	82.662407	79.130905	80.380463	80.607841	78.894135	80.283188	89.825958	86.990532	89.343552	78.580521	78.886787	79.068832	87.04039	81.226181	78.555832	78.609131	86.975121	86.893585	80.3423	78.539574
80.625214	82.837868	79.079819	79.904274	78.452438	79.114136	78.692719	78.992569	78.97403	79.195724	80.492874	79.730652	84.732246	78.801208	80.64695	80.501122	79.531296	79.711044	80.497375	78.976257	78.96447	80.519539	80.633202	80.505684	80.203331	100.0	79.305222	80.406952	80.559959	80.676979	79.075127	80.556427	0.0	78.791885	80.790421	80.410744	84.947067	79.062531	79.153732	79.121033	80.460861	85.279297	78.949356	79.523773	78.838142	0.0	80.638641	80.291885	80.461212	80.429932	79.725342	80.406998	84.763649	78.47998	79.151588	79.925674	79.152863	80.496307	80.505569	78.642395	80.65345	78.830048	79.043045	79.50885	79.585762	78.844833	80.686684	80.517372	83.290627	79.071426	78.659882	83.040527	80.566437	0.0	79.568298	78.908539	80.548683	80.677521	77.999878	80.5028	80.758881	77.953972	78.812851	84.809387	79.82016	77.971893	79.509903	77.720978	79.618019	79.201912	79.152184	83.687271	78.964554	80.43486	80.592758	80.492607	83.926376	79.116089	79.94519	80.38739	79.017509	85.019043	79.85112	78.769531	85.664734	80.340797	80.500267	80.338287	78.460358	78.861816	79.052414	80.552292	79.620132	78.913803	78.596504	80.510529	80.514099	85.654129	78.667709
79.751968	78.961258	80.15802	79.191292	78.743713	79.629791	79.470428	80.512703	80.258545	80.241379	79.623444	78.848862	79.216393	79.210808	79.914398	79.615501	79.455673	78.934341	79.814026	79.391464	80.272514	79.596939	79.69899	79.742966	79.254753	79.305222	100.0	79.650528	79.679001	79.955002	79.161011	79.696541	0.0	79.125519	79.813988	79.670395	79.134888	80.832108	80.597748	80.656021	79.736618	79.278412	79.459366	78.762978	79.227829	0.0	79.686165	79.66777	79.703613	79.495491	78.644653	79.725487	79.297241	79.816193	80.522583	80.29435	79.686615	79.684692	79.612488	78.687546	79.900543	79.085052	80.439362	78.813591	78.760742	79.207947	79.854782	79.832901	79.271866	79.648544	78.956596	79.111069	79.52829	77.701241	79.467865	79.133095	79.816856	79.794975	78.292511	79.71357	79.914413	78.284653	79.289635	79.210464	79.039337	78.435638	78.566666	78.27478	78.96685	79.59491	79.974533	79.438377	79.981857	79.673798	79.879478	79.590607	79.572418	80.298363	78.777924	79.26825	79.371231	79.298111	79.167175	79.176147	79.187347	79.397202	79.634796	79.522324	78.77475	79.244476	81.483826	79.627174	78.75634	79.978592	79.02887	79.630875	79.486565	79.337029	79.089386
92.716522	80.310608	79.181122	81.028503	78.037376	79.956154	79.115067	79.016205	79.250702	79.396164	92.520782	81.070793	80.428894	79.147278	88.679306	92.279045	79.699173	81.767303	87.472534	79.020248	79.323502	92.373268	88.909828	94.038452	86.691849	80.406952	79.650528	100.0	87.290764	88.772522	79.125191	92.470528	0.0	78.742683	82.58139	92.78096	80.582588	79.257172	79.476089	79.458557	87.325378	80.491455	79.54454	80.694359	79.367767	0.0	92.527771	81.834457	89.241653	87.31797	80.793793	93.995758	80.363922	78.465057	79.316589	80.547409	79.659859	92.583305	92.807388	78.512695	88.786324	78.935394	79.537979	80.786469	80.799873	78.957214	88.755447	87.55407	80.566307	79.383095	78.853577	80.434311	87.395447	0.0	79.678299	79.027618	88.66362	90.753723	78.081055	93.931297	88.886467	77.814911	79.454895	80.456642	80.895401	77.932426	81.244995	77.500587	81.650452	79.410568	79.52948	80.910423	79.157166	92.27562	87.96698	92.491882	81.002365	79.379135	79.93187	82.997726	79.251938	80.455475	80.994865	78.904434	80.610565	86.888145	92.512695	87.033783	78.76368	78.970345	79.464294	92.41893	81.634491	78.911858	78.701065	92.742157	87.583054	80.777679	78.878754
87.410049	80.292313	79.162201	80.874512	78.084976	79.887184	79.023376	79.021667	79.270439	79.335106	87.138947	80.8218	80.407318	79.231186	87.625885	87.169006	79.576126	81.629547	88.134323	79.312973	79.268265	87.210579	87.705399	87.328705	90.27858	80.559959	79.679001	87.290764	100.0	87.711349	79.099579	87.307663	0.0	78.755585	82.406509	87.467316	80.537682	79.199936	79.396706	79.341171	92.837265	80.440521	79.522308	80.617577	79.403427	0.0	87.489014	81.698303	87.302811	89.630188	80.928185	87.295639	80.319313	78.501923	79.192093	80.303436	79.667694	87.096649	87.403442	78.487373	87.575378	79.045601	79.395439	80.771172	80.812119	79.069229	87.622238	88.201752	80.671219	79.505516	78.875443	80.592384	89.039963	0.0	79.589966	78.942596	87.7827	87.723427	77.91893	87.453812	87.705009	77.635109	79.382019	80.339752	80.992752	77.767471	81.148758	77.693459	81.463455	79.401054	79.422302	80.554688	79.078598	87.26152	88.483368	87.390053	80.855309	79.143021	79.64415	82.978767	79.27536	80.53334	80.843964	79.003113	80.782715	92.373825	87.315338	91.482666	78.627365	79.177902	79.227386	87.334587	81.433067	78.754242	78.594711	87.398071	87.432022	80.723541	78.66629
89.030609	80.524323	79.312027	81.191483	78.340805	80.021011	79.27784	79.260681	79.355171	79.395676	88.87336	81.211227	80.675507	79.38559	95.930092	88.879509	79.884491	81.72435	89.440308	79.419662	79.491806	88.788559	90.561523	88.903008	87.018463	80.676979	79.955002	88.772522	87.711349	100.0	79.280685	88.931473	0.0	78.893341	82.864784	89.027061	81.081772	79.36171	79.488815	79.712906	88.253387	80.879395	79.783875	80.686401	79.563141	0.0	88.998871	82.094391	90.430313	87.594238	81.089737	88.995193	80.594223	78.665771	79.381439	80.800858	79.896454	88.884094	88.913177	78.565384	91.744438	79.315277	79.739075	80.968056	80.998444	79.126999	96.780914	89.125702	81.11705	79.68605	79.047272	81.289986	88.416534	77.516205	79.867638	79.177322	90.424973	89.227005	77.926598	88.898788	91.838257	77.887428	79.550858	80.680115	81.061562	77.747673	81.856812	77.617744	81.715317	79.739716	79.65062	81.009735	79.355331	88.901382	89.310043	88.804504	81.13269	79.403793	80.089813	83.169922	79.484627	80.774429	81.056458	78.996872	81.351807	87.347549	88.858429	88.047852	78.918747	79.367477	79.49762	88.883102	81.69812	79.091187	78.812836	88.9478	87.961174	81.489494	78.857452
79.109344	78.600784	79.194283	78.782806	80.422058	79.249573	78.598038	78.90921	79.039688	79.061806	79.060333	78.496857	78.851883	78.743843	79.207947	78.985245	78.402069	78.691711	79.126923	78.722733	79.105392	78.959641	79.174438	79.060974	78.966881	79.075127	79.161011	79.125191	79.099579	79.280685	100.0	79.265762	0.0	88.453995	79.446518	79.005325	78.996811	79.287766	79.245399	79.307312	79.108246	78.915237	78.680756	78.675995	78.677513	0.0	79.167496	79.231415	79.040207	78.880493	78.634193	78.981415	78.878189	78.665894	78.926247	79.472137	79.326782	79.099976	79.206642	80.615265	79.302673	78.830643	79.299271	78.34938	78.492554	89.036697	79.29882	79.225296	78.939575	78.789116	78.632156	78.778198	79.195679	79.251503	78.420341	90.703865	79.105942	79.252274	78.330727	79.052582	79.298569	79.690063	78.928177	79.07811	78.71814	78.378098	78.323814	79.891579	78.617371	78.867905	79.58313	79.029869	78.888947	79.145844	79.353607	79.087456	79.059273	79.028381	78.30014	79.17572	78.656357	79.045631	78.757202	89.114044	79.009407	79.078644	79.299652	79.008774	78.386864	89.717918	79.272331	79.17511	78.491905	78.723984	78.357079	79.016037	79.083923	79.034866	88.001305
94.439209	80.400352	79.233551	80.914551	78.106079	80.103058	79.07563	79.224159	79.297729	79.294067	93.176712	81.119171	80.420349	79.343925	88.880707	92.377052	79.800034	81.836601	87.661957	79.290871	79.340012	92.395386	88.880302	92.907852	87.092224	80.556427	79.696541	92.470528	87.307663	88.931473	79.265762	100.0	0.0	78.842384	82.803757	93.002213	80.601738	79.178062	79.58847	79.539124	87.470375	80.535744	79.768387	80.715714	79.401047	0.0	94.211502	81.827774	89.213379	87.525681	80.931595	92.946823	80.425949	78.558952	79.278404	80.468262	79.724976	93.610779	94.748947	78.440308	88.904678	79.070953	79.425133	80.736565	80.871292	78.998566	88.957169	87.809372	80.892181	79.594719	78.970215	80.594597	87.386742	0.0	79.852325	79.183228	88.780518	90.867249	78.179596	92.941498	88.921776	77.809433	79.548424	80.571594	80.960693	77.924911	81.398178	77.611893	81.820389	79.518509	79.432587	80.889786	79.147713	93.843704	88.153564	95.449081	81.080658	79.310028	79.857536	82.998131	79.255356	80.546692	80.976929	79.002098	80.85482	87.051346	95.641685	87.180038	78.751595	79.135071	79.523758	92.452698	81.78125	78.897789	78.734619	92.801163	87.615524	80.798843	78.9384
0.0	0.0	0.0	0.0	0.0	0.0	0.0	0.0	0.0	0.0	0.0	0.0	0.0	0.0	0.0	0.0	0.0	0.0	0.0	0.0	0.0	0.0	0.0	0.0	0.0	0.0	0.0	0.0	0.0	0.0	0.0	0.0	100.0	0.0	0.0	0.0	0.0	0.0	0.0	0.0	0.0	0.0	0.0	0.0	0.0	0.0	0.0	0.0	0.0	0.0	0.0	0.0	0.0	0.0	0.0	0.0	0.0	0.0	0.0	0.0	0.0	0.0	0.0	0.0	0.0	0.0	0.0	0.0	0.0	0.0	0.0	0.0	0.0	0.0	0.0	0.0	0.0	0.0	0.0	0.0	0.0	0.0	0.0	0.0	0.0	0.0	0.0	0.0	0.0	0.0	0.0	0.0	0.0	0.0	0.0	0.0	0.0	0.0	0.0	0.0	0.0	0.0	0.0	0.0	0.0	0.0	0.0	0.0	0.0	0.0	0.0	0.0	0.0	0.0	0.0	0.0	0.0	0.0	0.0
78.882797	78.603165	79.028534	78.633514	80.296997	78.946892	78.768166	78.822083	78.809372	79.211929	78.914841	78.462166	78.73114	78.548904	78.915375	78.701538	78.286652	78.461548	78.872238	78.471458	79.091766	78.766113	78.877594	78.648956	78.501236	78.791885	79.125519	78.742683	78.755585	78.893341	88.453995	78.842384	0.0	100.0	79.305191	78.809006	78.851486	79.03672	79.241348	78.909271	78.82933	78.723618	78.373932	78.371361	78.796783	0.0	78.895004	79.059372	78.840385	78.764557	78.454254	78.730164	78.75856	78.367981	78.813866	79.398933	79.001259	78.814331	78.841415	80.240753	78.903351	78.73848	78.915138	78.205414	78.401878	87.332741	78.908798	78.850838	78.676285	78.418922	78.470352	78.673691	78.773109	79.151779	78.201439	88.304382	78.925049	79.014603	78.2855	78.725395	78.877335	79.685806	78.572983	78.876343	78.478333	78.468971	78.373001	79.552155	78.252869	78.595078	79.314514	78.825371	78.792328	78.826126	78.864365	78.781693	78.914848	78.989235	78.012512	78.777786	78.618408	78.86618	78.743713	87.164612	78.740639	78.582703	78.792061	78.679237	78.158279	88.014191	79.177208	78.679367	78.219383	78.558723	78.145576	78.843666	78.771133	78.688728	85.902832
