2876653.10	536018.3	2744522.3	2744523.3	1884373.3	1736469.3	1736557.3	1295366.5	2584466.3	381.24	381.40	381.39	381.25	381.29	381.38	381.34	381.12	381.6	1287281.3	2654248.3	381.35	2493668.3	666020.3	2493677.3	682633.10	2865839.3	2493675.3	1082933.13	2876640.10	2876639.10	2876641.10	2876644.10	2876638.10	2233532.3	2493671.3	2493670.3	2493674.3	1209954.3	2876637.10	2876661.10	2777475.3	69974.4	1505946.3	422277.3	2493676.3	2493672.3	2493673.3	2493669.3	2876643.10	2876664.10	2876663.10	2876625.10	2876646.10	2876667.10	2876634.10	2876648.10	381.15	381.16	2876645.10	2876650.10	2876635.10	2876623.10	2876636.10	2876630.10	2876660.10	2876632.10	2876626.10	2876627.10	2926017.3	2865838.3	1300272.3	1300294.3	2493678.3	381.111	39645.57	765698.19	2876621.10	2876651.10	2876631.10	2493681.3	2876669.10	381.19	2876665.10	593909.4	1777867.5	935546.5	935546.3	266835.9	2066070.7	2066070.8	2066070.6	2483402.3	2744517.3	2483403.3	381.70	2744515.3	2865837.3	28104.15	2483404.3	2483404.4	935548.3	1040982.3	2294114.3	2654249.3	2876629.10	2108445.3	460060.3	2082387.3	1736477.3	1736555.3
100.0	77.567032	77.108017	77.040543	77.381004	77.574478	77.622696	77.315041	77.351524	77.53389	77.548325	77.595757	77.450317	77.474655	77.595581	77.513191	77.58255	77.645248	77.530724	77.257629	77.330467	77.558418	77.466225	77.478577	77.376099	77.522995	77.538223	77.754669	77.678223	77.725281	77.72525	77.591942	77.601532	77.655235	77.764091	77.710327	77.810257	77.696671	77.556915	77.563156	77.554352	77.683609	77.604553	77.573555	77.647903	77.7099	77.818588	77.639412	77.358795	77.500336	77.464386	77.465324	77.441971	77.527473	77.53907	77.625961	77.416718	77.405167	77.51181	77.587738	77.587502	77.601151	77.565971	77.530113	77.608391	77.656303	77.582321	77.575699	77.619415	77.657715	77.680153	77.608383	77.572189	77.70842	77.548706	77.743698	77.718445	77.577438	77.642418	77.674973	77.471008	77.473579	77.498833	77.564987	77.632645	77.608765	77.643478	77.676338	77.723434	77.74115	77.734268	77.548859	77.370728	77.50058	77.56311	77.549866	77.519783	77.527557	77.466866	77.470795	77.523766	77.398758	0.0	0.0	0.0	0.0	0.0	0.0	0.0	0.0
77.567032	100.0	79.938995	79.711945	79.870064	79.560623	79.659409	79.74752	80.318115	79.759933	79.676758	79.642349	79.739998	79.708313	79.705933	79.604828	79.667435	79.768227	79.577744	79.216568	79.464615	79.866501	79.677841	79.582176	79.562286	79.649811	80.187714	80.187134	80.089584	80.066574	80.063416	80.100647	80.056763	80.060333	80.311691	80.143356	80.173447	80.016861	80.049774	80.203125	80.105865	80.106552	79.806709	79.931747	79.861221	80.258621	80.109352	80.168571	79.796181	79.748764	79.777443	79.695686	79.66787	79.641342	79.739136	79.661301	79.389191	79.490639	79.598602	79.619736	79.715897	79.535416	79.722672	79.72084	79.780815	79.735817	79.841736	79.721565	79.798248	79.792389	79.802521	79.634598	79.567917	79.702713	79.642319	79.577408	79.557854	79.627335	79.587311	79.636101	79.784683	79.867584	79.963287	79.906204	79.961441	79.894203	79.862267	79.899139	79.971054	79.969368	79.975021	79.690948	79.620949	79.697144	79.868118	79.769142	79.664429	79.82785	79.680504	79.715378	79.570282	79.578384	77.655144	77.444275	78.956802	80.21312	79.703934	79.257607	79.461914	79.881042
77.108017	79.938995	100.0	98.571732	79.902618	79.397079	79.41436	79.746117	79.982422	79.972183	79.920197	79.885323	79.870728	79.814468	79.869362	79.867233	79.938126	80.001259	79.873474	79.290268	79.878632	80.033432	79.897423	79.868347	79.906845	79.94635	80.307297	80.246887	79.975922	79.976013	80.053154	80.099632	80.041321	80.035431	80.071564	80.134689	80.475525	80.079086	79.966507	80.22113	80.113617	80.168808	80.168182	80.502838	79.957092	80.224701	80.254211	80.76355	79.699783	79.847603	79.808121	79.786331	79.855316	79.926956	79.821976	79.781128	79.727188	79.762283	81.130165	79.688812	79.710938	79.74704	79.687355	79.703857	79.897346	79.70343	79.777428	79.880791	79.925476	80.015518	80.158936	79.898041	79.896965	79.994858	79.855225	79.891739	79.786919	79.710907	79.605675	79.784454	79.94516	79.990395	80.015213	79.9655	81.062279	81.07431	81.033157	81.796722	80.023926	81.403099	81.416168	81.097855	81.959671	81.275909	81.778076	81.747467	80.14743	79.957542	79.640442	80.968842	80.878372	80.975739	77.403244	77.561966	79.22467	79.992523	79.518997	79.088013	79.144867	78.974709
77.040543	79.711945	98.571732	100.0	79.860374	79.428627	79.456711	79.718369	80.034912	79.968369	79.873734	79.906998	79.829285	79.77272	79.911926	79.910805	79.908485	79.916245	79.796951	79.285095	79.821533	80.084488	80.043938	79.85955	79.929962	79.884308	80.316711	80.200317	79.944618	79.905106	79.949074	80.104477	80.030861	80.145813	80.123856	80.189705	80.638016	80.133789	80.103844	80.232025	80.075249	80.19754	80.242943	80.513474	79.969788	80.350449	80.31263	80.767365	79.763229	79.857841	79.860321	79.807175	79.859329	79.946869	79.961357	79.868774	79.743103	79.71875	81.192375	79.745621	79.765366	79.763382	79.748276	79.840988	79.910919	79.754921	79.85849	79.928772	79.969391	79.945343	80.070633	79.945175	79.856339	79.894012	79.866013	79.795113	79.705978	79.684128	79.640961	79.796402	79.984131	80.078735	80.036591	79.956017	81.11557	81.082512	81.057945	81.740097	79.991463	81.413437	81.40152	81.291092	81.904129	81.204659	81.795334	81.794289	80.070053	79.982109	79.658974	80.992767	81.02211	81.022919	77.45945	77.575241	79.227097	80.01358	79.462112	79.0345	79.144882	78.930557
77.381004	79.870064	79.902618	79.860374	100.0	80.54985	80.600182	80.531319	80.712631	81.104935	81.064407	81.120323	81.072975	81.145302	81.156532	81.08783	81.014862	81.075668	81.095917	80.589478	80.791695	81.140846	81.118927	81.096024	80.99231	81.148102	81.211388	81.332809	80.970779	80.939194	80.981857	80.827484	80.949066	81.081131	81.13945	81.104836	81.091553	81.134399	80.976227	81.170624	81.02742	81.071487	80.871948	80.774261	80.873276	80.982025	81.032089	81.186234	80.930618	80.966187	80.974739	80.819473	80.851868	80.805084	80.882721	80.824211	80.768127	80.637375	80.824539	80.976074	80.932312	80.912216	80.974716	80.948547	80.92057	80.972595	81.061493	80.771194	81.180801	81.150276	81.355774	80.938156	81.020798	81.078476	81.116714	81.130432	81.15921	81.242798	81.091431	81.149902	81.04361	81.134819	81.052582	81.023132	81.083008	81.116531	81.122833	81.126083	81.327019	81.292725	81.285034	81.046936	80.951378	81.110344	81.208107	81.188911	81.166763	81.155701	81.107048	80.944748	80.813972	80.941971	77.919388	78.232651	80.210831	97.641785	79.43103	79.805405	79.993896	79.948174
77.574478	79.560623	79.397079	79.428627	80.54985	100.0	99.997238	81.15213	81.575119	81.429893	81.380302	81.327469	81.418869	81.403976	81.419846	81.384186	81.390663	81.399055	81.41272	80.70282	81.053802	81.211288	81.116959	81.024826	81.061989	81.298874	81.651031	81.472382	81.274139	81.262985	81.22599	81.348694	81.305939	81.276276	81.344498	81.415543	81.351929	81.390259	81.193016	81.378632	81.326202	81.478073	81.352104	81.054504	81.150642	81.530991	81.396774	81.620132	81.177902	81.197701	81.170258	81.118179	81.104965	81.252228	81.237816	81.093658	81.037598	81.017624	81.152115	81.119934	81.216736	81.256119	81.205544	81.199722	81.272125	81.244827	81.336426	81.125992	81.489868	81.391052	81.35379	81.334236	81.193947	81.411316	81.464729	81.484344	81.387482	81.451309	81.155884	81.219635	81.345352	81.431198	81.394669	81.373611	81.398514	81.460388	81.33139	81.259972	81.414368	81.39859	81.398827	81.173515	81.201019	81.143303	81.291214	81.289871	81.187607	81.242142	81.095856	81.03569	81.107544	80.923599	77.606964	77.668274	80.466576	80.537186	79.524551	80.266335	80.288635	80.189178
77.622696	79.659409	79.41436	79.456711	80.600182	99.997238	100.0	81.133278	81.675644	81.404709	81.331009	81.318909	81.368866	81.343323	81.416672	81.364601	81.405098	81.330544	81.384293	80.759949	80.998283	81.257553	81.164055	81.075211	81.008606	81.270218	81.631729	81.535492	81.34874	81.306656	81.200684	81.264893	81.270172	81.394791	81.35762	81.457733	81.385544	81.358353	81.293152	81.371597	81.291367	81.475807	81.303856	80.979576	81.044357	81.439011	81.436699	81.56015	81.125061	81.157341	81.138657	81.116478	81.125366	81.23317	81.292465	81.099228	81.028549	81.02639	81.069427	81.114052	81.180481	81.149574	81.110214	81.107117	81.167313	81.1371	81.293686	81.077103	81.495934	81.351524	81.295944	81.30098	81.188461	81.520325	81.436386	81.506584	81.436569	81.442291	81.216537	81.226608	81.348358	81.419632	81.379929	81.369644	81.393967	81.420792	81.369469	81.291061	81.37114	81.378967	81.36776	81.263237	81.199173	81.194481	81.302681	81.305634	81.179504	81.27504	81.048676	80.970581	81.131081	80.952271	77.704712	77.664032	80.466171	80.549149	79.578903	80.264717	80.291397	80.149765
77.315041	79.74752	79.746117	79.718369	80.531319	81.15213	81.133278	100.0	81.969925	81.528824	81.451385	81.590103	81.455765	81.480827	81.393875	81.414536	81.440247	81.557884	81.455063	81.011353	81.007462	81.35701	81.184052	81.267685	81.031395	81.472214	81.733932	81.82933	81.664955	81.666412	81.618095	81.685623	81.638344	81.643372	81.76651	81.808655	81.839218	81.850708	81.693344	81.839172	81.796028	81.868698	81.699341	81.314583	81.346367	81.749039	81.788658	81.908806	81.349472	81.369598	81.345184	81.278618	81.287262	81.291565	81.420052	81.301834	81.157829	81.136147	81.515335	81.462341	81.496628	81.50695	81.456779	81.500839	81.609665	81.477409	81.562233	81.46843	81.564598	81.438049	81.506706	81.528008	81.498291	81.551422	81.582779	81.558243	81.583969	81.582458	81.425522	81.453697	81.481216	81.532387	81.625626	81.60289	81.789848	81.747917	81.779648	81.680618	81.896942	81.882385	81.879044	81.572189	81.534851	81.545372	81.608765	81.741806	81.536972	81.645386	81.477371	81.385956	81.353767	81.259201	77.809166	77.831116	80.49826	80.660736	79.690063	83.853279	80.496346	80.440979
77.351524	80.318115	79.982422	80.034912	80.712631	81.575119	81.675644	81.969925	100.0	81.679398	81.673935	81.748947	81.678055	81.684357	81.714981	81.69677	81.695953	81.748962	81.714371	80.919945	81.275696	81.777664	81.597687	81.528152	81.423782	81.540588	82.395294	82.239883	81.986877	81.982849	82.03231	82.127945	82.031738	82.141129	82.168022	82.07196	82.157837	82.194351	82.050362	82.193542	82.215553	82.391342	82.100418	81.782944	81.775818	82.216064	82.314697	82.526596	81.840546	81.73735	81.714157	81.750168	81.714767	81.643494	81.796722	81.748199	81.328606	81.319557	81.491043	81.512909	81.617859	81.527481	81.571228	81.577728	81.536057	81.557785	81.671638	81.598663	81.816452	81.699142	81.769836	81.630348	81.56366	81.65004	81.629501	81.652985	81.663513	81.589096	81.533424	81.510674	81.848946	81.843048	81.788666	81.826797	81.823471	81.767265	81.764175	81.847298	81.969223	81.97467	81.973389	81.614868	81.603073	81.593292	81.790756	81.62204	81.754829	81.851219	81.597221	81.505753	81.521606	81.347923	77.761322	77.890991	80.606689	80.782814	80.079475	80.80484	81.058853	80.925385
77.53389	79.759933	79.972183	79.968369	81.104935	81.429893	81.404709	81.528824	81.679398	100.0	99.129272	99.244736	97.877403	97.928261	97.776108	97.73642	97.727188	97.829262	97.698143	84.609177	85.021545	85.056923	84.83844	84.86673	84.628441	86.027649	85.592834	86.393494	84.594421	84.595604	84.629196	84.659119	84.672882	84.501106	84.554504	84.553734	84.569138	84.678764	84.527618	84.705162	84.368073	84.572388	84.351288	84.143204	84.106796	84.770782	84.687569	84.75367	85.18074	85.123169	85.135277	85.104095	85.161209	85.035599	85.090179	85.076759	85.58757	85.67086	85.17749	85.289314	85.332382	85.335464	85.216927	85.260849	85.248688	85.268303	85.520874	84.835861	85.809875	85.764908	85.987488	85.672287	85.766228	86.098526	85.714752	85.729408	85.928665	85.918335	85.75547	85.759613	85.830429	86.426971	85.865517	85.856796	85.859589	85.896942	85.920334	85.979973	86.138535	86.024323	86.022591	85.501877	85.498322	85.441589	85.883354	85.902313	85.929871	86.051666	85.887108	85.805847	85.659424	85.629723	77.592903	78.066071	83.80925	81.223053	79.630287	80.285393	80.741676	80.342789
77.548325	79.676758	79.920197	79.873734	81.064407	81.380302	81.331009	81.451385	81.673935	99.129272	100.0	99.955147	97.828979	97.860916	97.705917	97.653168	97.616959	97.815933	97.68631	84.609787	84.988731	85.068314	84.732208	84.898453	84.700439	86.081345	85.556091	86.386223	84.59787	84.575401	84.645508	84.636078	84.651917	84.454872	84.547256	84.565804	84.556664	84.747673	84.461761	84.74543	84.347847	84.576767	84.363937	84.236679	84.179482	84.692383	84.769531	84.781258	85.150803	85.092239	85.070648	85.157288	85.09626	85.046616	85.157578	85.136383	85.55127	85.613083	85.133759	85.29213	85.280792	85.273987	85.254227	85.32077	85.226181	85.236359	85.529137	84.915497	85.840134	85.718956	85.958214	85.701324	85.720947	86.003143	85.725403	85.774063	85.871521	85.892326	85.764603	85.688004	85.78286	86.379272	85.832474	85.850525	85.837524	85.835274	85.858528	85.908501	86.086365	85.976624	85.973061	85.418442	85.416901	85.46389	85.785202	85.827774	85.860672	85.916336	85.891747	85.751373	85.687714	85.609558	77.603546	78.029816	83.806206	81.11692	79.597	80.287903	80.697372	80.268753
77.595757	79.642349	79.885323	79.906998	81.120323	81.327469	81.318909	81.590103	81.748947	99.244736	99.955147	100.0	97.915543	97.903496	97.820412	97.751381	97.774345	97.875656	97.745682	84.627663	84.851738	85.16864	84.911224	85.060059	84.768311	86.173424	85.736275	86.5009	84.592697	84.580521	84.606522	84.681061	84.641182	84.54509	84.637405	84.702209	84.647858	84.843956	84.525436	84.709679	84.438507	84.711655	84.387421	84.214676	84.276657	84.894318	84.875351	84.929291	85.180214	85.252373	85.240067	85.116058	85.121582	85.157722	85.206688	85.097557	85.098038	85.137337	85.230255	85.271652	85.306427	85.326202	85.228516	85.308144	85.262085	85.28154	85.546654	84.991585	85.842819	85.830521	86.116272	85.852287	85.91069	86.173874	85.855835	85.882942	85.89537	85.914726	85.826263	85.849327	85.878555	85.996475	86.009445	86.019089	85.898819	85.921097	85.971237	86.115295	86.155945	86.151917	86.150711	85.578598	85.615234	85.582352	85.971855	85.990555	85.966354	86.094498	85.965263	85.843109	85.751884	85.804108	77.55555	78.013168	83.82074	81.141968	79.567719	80.369682	80.793167	80.366516
77.450317	79.739998	79.870728	79.829285	81.072975	81.418869	81.368866	81.455765	81.678055	97.877403	97.828979	97.915543	100.0	99.967621	97.722198	97.71788	97.595039	97.847038	97.692284	84.596306	84.873276	85.111237	84.856644	85.050842	84.709824	86.229218	85.635506	86.433365	84.565018	84.610077	84.609314	84.64975	84.648743	84.659164	84.600433	84.668549	84.637718	84.796631	84.530273	84.745956	84.41098	84.688301	84.415543	84.128113	84.169312	84.794632	84.829178	84.94017	85.165886	85.209946	85.156128	85.145233	85.088722	85.121109	85.214569	85.121719	85.083237	85.316933	85.203018	85.237305	85.313766	85.299026	85.274353	85.3078	85.237686	85.23996	85.528015	84.909988	85.788376	85.908966	86.109184	85.749344	85.931946	86.214836	85.887344	85.868118	85.924561	85.907974	85.683121	85.877007	85.887604	85.983032	85.931969	85.911911	85.875977	85.91259	85.947052	86.088257	86.155067	86.13945	86.141998	85.483948	85.64801	85.557816	86.011681	85.946609	86.007431	86.201126	85.869827	85.876038	85.686066	85.706886	77.707764	78.085434	83.818161	81.265427	79.568878	80.340378	80.63636	80.331329
77.474655	79.708313	79.814468	79.77272	81.145302	81.403976	81.343323	81.480827	81.684357	97.928261	97.860916	97.903496	99.967621	100.0	97.76899	97.756943	97.630997	97.872421	97.773392	84.557892	84.726089	85.190269	84.853104	85.03772	84.748642	86.193779	85.661407	86.488579	84.58448	84.630043	84.624329	84.690308	84.644287	84.664024	84.6437	84.649063	84.655457	84.793625	84.537376	84.814163	84.450409	84.686508	84.420616	84.195938	84.260361	84.842285	84.87439	84.959686	85.182922	85.192947	85.154678	85.090012	85.096405	85.168549	85.215714	85.158707	85.074203	85.202087	85.211319	85.285637	85.328934	85.349586	85.299637	85.334343	85.272552	85.218216	85.548386	84.987076	85.811638	85.901108	86.089462	85.767044	85.920364	86.156708	85.898132	85.913727	85.927063	85.971642	85.726349	85.859932	85.898071	85.956497	85.983635	85.991081	85.940262	85.957756	85.969711	86.16127	86.156525	86.165764	86.166092	85.486046	85.612648	85.478432	86.011581	86.012466	86.050583	86.107529	85.878838	85.804672	85.749252	85.754913	77.66304	78.138702	83.821648	81.226288	79.542313	80.36412	80.730896	80.277237
77.595581	79.705933	79.869362	79.911926	81.156532	81.419846	81.416672	81.393875	81.714981	97.776108	97.705917	97.820412	97.722198	97.76899	100.0	99.94619	97.679962	97.933548	97.82724	84.510422	84.940475	85.002373	84.678497	84.867401	84.659637	86.061539	85.569931	86.308235	84.617462	84.572273	84.65107	84.621429	84.621742	84.47258	84.464638	84.523865	84.493965	84.585312	84.568336	84.776245	84.465668	84.66716	84.2761	84.175262	84.11113	84.678268	84.72789	84.917908	85.248924	85.097557	85.122498	85.137512	85.074097	85.016495	85.265335	85.094971	85.608795	85.698685	85.143433	85.2742	85.298325	85.345139	85.256134	85.270966	85.306213	85.313446	85.560593	84.87606	85.786751	85.709015	85.979134	85.588867	85.842766	86.04866	85.818726	85.741943	85.93335	85.902115	85.779922	85.669113	85.77964	86.300812	85.799637	85.837502	85.861984	85.867233	85.900116	85.899857	86.13237	86.019363	86.017075	85.430801	85.460373	85.433701	85.849762	85.887878	85.882256	85.979233	85.870789	85.692093	85.639206	85.63028	77.700165	78.01889	83.884766	81.238182	79.60125	80.304771	80.696037	80.34584
77.513191	79.604828	79.867233	79.910805	81.08783	81.384186	81.364601	81.414536	81.69677	97.73642	97.653168	97.751381	97.71788	97.756943	99.94619	100.0	97.686256	97.897682	97.8004	84.484421	84.944748	84.992561	84.745796	84.868454	84.6315	86.051025	85.482407	86.276382	84.522217	84.540146	84.568497	84.577164	84.595375	84.407639	84.501709	84.520584	84.505585	84.608826	84.494255	84.741745	84.44278	84.544968	84.243652	84.128738	84.069748	84.689621	84.701401	84.783463	85.139877	85.069855	85.04084	85.065552	85.070831	85.043427	85.246704	85.128098	85.543198	85.641037	85.112312	85.278992	85.305466	85.342682	85.209305	85.234085	85.266495	85.211426	85.586639	84.890373	85.778381	85.699768	85.938583	85.576942	85.811211	86.017838	85.743378	85.684143	85.922142	85.899612	85.756042	85.71804	85.821754	86.300392	85.847305	85.856644	85.773102	85.825119	85.810188	85.92791	86.10701	85.993591	85.98719	85.422935	85.381042	85.465714	85.752754	85.769478	85.901894	85.937561	85.796463	85.710831	85.619263	85.609238	77.500923	78.014664	83.875275	81.192871	79.646439	80.267906	80.637909	80.32756
77.58255	79.667435	79.938126	79.908485	81.014862	81.390663	81.405098	81.440247	81.695953	97.727188	97.616959	97.774345	97.595039	97.630997	97.679962	97.686256	100.0	97.703293	97.600052	84.568283	84.980202	84.998123	84.806946	84.876312	84.68335	86.031372	85.644165	86.360016	84.601166	84.636917	84.60878	84.610092	84.621307	84.480545	84.519257	84.625252	84.5495	84.78067	84.511337	84.737015	84.38475	84.582565	84.309692	84.161362	84.140686	84.673531	84.751205	84.76548	85.165062	85.088203	85.009254	85.129631	85.118889	85.044952	85.189606	85.107262	85.445114	85.575378	85.03981	85.252899	85.292572	85.256432	85.223892	85.297562	85.23703	85.21814	85.541374	84.83638	85.787415	85.791733	85.984909	85.670105	85.85656	86.069138	85.664627	85.762146	85.907715	85.875031	85.781174	85.740189	85.738266	86.238007	85.831329	85.834976	85.752014	85.770142	85.82679	85.937256	86.140488	86.022034	86.022789	85.463318	85.429817	85.424454	85.810898	85.850403	85.862122	85.988258	85.800499	85.696808	85.645828	85.619041	77.63485	78.133659	83.872086	81.279816	79.594299	80.260742	80.725479	80.284821
77.645248	79.768227	80.001259	79.916245	81.075668	81.399055	81.330544	81.557884	81.748962	97.829262	97.815933	97.875656	97.847038	97.872421	97.933548	97.897682	97.703293	100.0	97.877579	84.471207	84.981689	84.994339	84.724701	84.817024	84.619553	86.039963	85.574303	86.353226	84.542221	84.565659	84.648773	84.619652	84.599884	84.474915	84.526398	84.585716	84.510544	84.75177	84.509521	84.790588	84.325371	84.638962	84.356216	84.097229	84.059525	84.741211	84.690781	84.796204	85.107132	85.06543	85.039612	85.025932	85.043793	84.960312	85.255951	85.09964	85.596146	85.638664	85.138145	85.25531	85.23436	85.261368	85.232681	85.221863	85.295609	85.225632	85.539291	84.863136	85.802292	85.738342	85.961906	85.680397	85.817047	86.094513	85.776863	85.789978	85.918015	85.926559	85.826897	85.823341	85.726868	86.357964	85.851753	85.862915	85.807587	85.865707	85.850655	85.958244	86.177155	86.065048	86.063354	85.489059	85.421906	85.40654	85.787971	85.812904	85.922913	85.954086	85.851532	85.743881	85.656395	85.609894	77.517448	77.988373	83.859802	81.265976	79.637314	80.329567	80.600639	80.440102
77.530724	79.577744	79.873474	79.796951	81.095917	81.41272	81.384293	81.455063	81.714371	97.698143	97.68631	97.745682	97.692284	97.773392	97.82724	97.8004	97.600052	97.877579	100.0	84.472771	84.954475	84.972244	84.689621	84.908218	84.631592	86.000145	85.576324	86.374809	84.516144	84.536568	84.568298	84.587875	84.604599	84.467667	84.494675	84.548485	84.518158	84.622368	84.429977	84.679016	84.385544	84.510498	84.289001	84.044449	84.062233	84.689392	84.696121	84.762222	85.142944	85.11261	85.069611	85.026886	85.073502	84.994865	85.178291	85.00618	85.583374	85.652412	85.150696	85.302246	85.31459	85.261116	85.228683	85.259537	85.242035	85.183289	85.545952	84.829239	85.70575	85.788086	85.970688	85.635696	85.827545	86.058723	85.773102	85.79187	85.856628	85.835693	85.745453	85.786469	85.803177	86.272385	85.794106	85.858963	85.813705	85.848236	85.843925	85.937378	86.126984	86.015617	86.006683	85.431168	85.419708	85.324997	85.787964	85.818985	85.871536	85.987381	85.844872	85.75499	85.655151	85.62426	77.586578	77.973984	83.799026	81.265656	79.62838	80.211044	80.580605	80.341156
77.257629	79.216568	79.290268	79.285095	80.589478	80.70282	80.759949	81.011353	80.919945	84.609177	84.609787	84.627663	84.596306	84.557892	84.510422	84.484421	84.568283	84.471207	84.472771	100.0	83.848099	84.238449	84.131042	84.208687	84.013412	84.934265	83.965988	84.608826	83.192696	83.202744	83.142395	83.104019	83.246307	83.127075	83.163437	83.208038	83.162071	83.208443	83.077515	83.353027	83.01889	83.219147	82.978691	82.855934	82.896576	83.342468	83.279167	83.385574	84.723747	84.829277	84.713135	84.707428	84.807838	84.695435	84.808502	84.748795	84.638565	84.660767	84.732285	84.926224	84.868515	84.84539	84.997009	84.89505	84.912994	84.842422	85.027283	84.853317	85.837402	85.983795	85.974091	85.659431	85.932556	85.94854	85.559082	85.669189	85.589317	85.64521	85.541824	85.593468	85.412445	85.290955	85.328644	85.343513	85.270889	85.276855	85.286736	85.284912	85.447968	85.419342	85.414444	85.232147	85.188759	85.251465	85.194077	85.257446	85.433136	85.423927	85.200645	85.159485	85.16713	85.122589	77.630638	78.106445	83.596169	80.680367	79.070801	80.048683	80.184052	80.047348
77.330467	79.464615	79.878632	79.821533	80.791695	81.053802	80.998283	81.007462	81.275696	85.021545	84.988731	84.851738	84.873276	84.726089	84.940475	84.944748	84.980202	84.981689	84.954475	83.848099	100.0	86.781021	86.47892	86.773895	86.599075	85.967316	84.734619	85.74025	83.693192	83.687256	83.734818	83.738373	83.687263	83.565292	83.603546	83.70993	83.635269	83.705635	83.531776	83.661774	83.65258	83.677475	83.504517	83.476212	83.390228	84.028152	83.961838	84.064728	84.449043	84.341415	84.315536	84.450172	84.467758	84.394768	84.406219	84.409676	84.344276	84.374023	84.251762	84.264526	84.224854	84.322723	84.231117	84.245041	84.243362	84.316109	84.287773	83.916527	85.138329	84.966049	85.390518	84.703735	84.92318	85.204773	84.71283	84.739166	84.903625	84.915604	84.745117	84.775681	84.557266	84.894821	84.600677	84.641434	84.393501	84.463104	84.474785	84.542831	84.677994	84.600708	84.609055	84.331924	84.338867	84.315514	84.543411	84.583908	84.626297	84.680313	84.470451	84.398514	84.276764	84.260208	77.378738	78.056763	83.049637	80.889877	79.255226	79.989128	80.450882	80.170685
77.558418	79.866501	80.033432	80.084488	81.140846	81.211288	81.257553	81.35701	81.777664	85.056923	85.068314	85.16864	85.111237	85.190269	85.002373	84.992561	84.998123	84.994339	84.972244	84.238449	86.781021	100.0	90.090057	91.419136	91.361343	86.854576	86.213989	86.110367	84.064697	84.062744	84.003845	84.061493	84.070984	83.730881	84.612015	84.615532	84.691826	84.022888	83.948746	84.219254	83.826248	84.124863	83.845139	83.791794	84.643677	86.583984	85.206139	85.225113	84.951797	84.866699	84.861176	85.000092	84.958061	84.820419	84.912186	84.901825	84.329025	84.266403	84.616562	84.684464	84.644249	84.730377	84.58934	84.670403	84.616585	84.688492	84.824905	85.260353	85.803139	85.529266	85.77861	85.355492	86.323944	85.601944	85.954346	85.325577	85.478256	85.448914	85.382645	85.922745	85.037254	85.116562	85.111511	85.147049	84.950821	84.947174	84.957428	85.088646	85.333115	85.212372	85.214066	84.852081	84.901367	84.762009	85.042053	84.993469	85.017319	85.016418	84.939911	84.846207	84.67778	84.676697	77.584244	77.975342	83.367744	81.248795	79.68544	80.241302	80.532532	80.319901
77.466225	79.677841	79.897423	80.043938	81.118927	81.116959	81.164055	81.184052	81.597687	84.83844	84.732208	84.911224	84.856644	84.853104	84.678497	84.745796	84.806946	84.724701	84.689621	84.131042	86.47892	90.090057	100.0	91.203552	92.217712	86.471451	84.762291	85.727211	83.683426	83.648254	83.69577	83.76162	83.715012	83.499077	83.601051	83.54879	83.656509	83.686539	83.586807	83.783737	83.521301	83.711845	83.37429	83.604736	83.454315	84.099335	84.031517	84.120163	84.622406	84.608398	84.568718	84.443756	84.479935	84.588654	84.564529	84.438477	83.980087	83.916214	84.180244	84.279266	84.274055	84.215378	84.248428	84.293732	84.254227	84.238953	84.400467	83.960663	85.281883	85.251633	85.385406	84.881729	85.029716	85.215942	84.779053	85.068108	84.997055	84.959869	84.910133	84.847931	84.816956	84.680176	84.88858	84.86554	84.568787	84.555153	84.569939	84.662445	84.858818	84.763748	84.764633	84.479279	84.441925	84.401749	84.657219	84.671219	84.692459	84.612534	84.489639	84.394333	84.327606	84.313332	77.484222	77.895309	83.098335	81.139229	79.466934	80.100929	80.540016	80.251877
77.478577	79.582176	79.868347	79.85955	81.096024	81.024826	81.075211	81.267685	81.528152	84.86673	84.898453	85.060059	85.050842	85.03772	84.867401	84.868454	84.876312	84.817024	84.908218	84.208687	86.773895	91.419136	91.203552	100.0	92.231956	86.853867	85.705139	85.987518	83.802132	83.722321	83.71077	83.786949	83.810822	83.632141	84.654755	84.660522	84.659607	83.764145	83.648468	83.84285	83.500443	83.73584	83.365227	83.537537	84.57515	85.025192	85.047409	85.146935	84.715897	84.688843	84.643372	84.651581	84.70417	84.677597	84.735138	84.691605	84.051392	84.080124	84.273132	84.389175	84.405098	84.34761	84.354782	84.380081	84.377686	84.324043	84.674194	85.130501	85.461494	85.300102	85.676117	85.154556	86.007645	85.391418	85.891525	85.128281	85.249641	85.217667	85.114151	86.010895	84.797577	84.857178	84.815308	84.866318	84.756699	84.788605	84.799606	84.796364	84.996796	84.922073	84.920708	84.525917	84.54866	84.546188	84.756363	84.75563	84.833511	84.79715	84.667114	84.551292	84.44445	84.465355	77.471146	77.870667	83.150642	81.228424	79.522743	80.042343	80.490471	80.201355
77.376099	79.562286	79.906845	79.929962	80.99231	81.061989	81.008606	81.031395	81.423782	84.628441	84.700439	84.768311	84.709824	84.748642	84.659637	84.6315	84.68335	84.619553	84.631592	84.013412	86.599075	91.361343	92.217712	92.231956	100.0	86.652649	85.663239	85.673904	83.54882	83.523026	83.452614	83.622894	83.580887	83.287521	84.281143	84.303558	84.291656	83.61409	83.467804	83.524338	83.3396	83.382095	83.283371	83.366127	84.233826	85.157539	84.548149	84.675034	84.326294	84.27977	84.280624	84.327927	84.256653	84.330658	84.397873	84.31443	83.769058	83.858986	84.066246	84.098511	84.103966	84.077621	84.119171	84.178284	84.095963	84.119583	84.305466	84.708496	85.217865	85.024139	85.314072	84.878212	85.756752	85.019043	85.479965	84.775871	84.933739	84.878418	84.794769	85.552856	84.535706	84.474831	84.502151	84.513107	84.467819	84.403656	84.499466	84.62822	84.799843	84.705025	84.703377	84.264252	84.401794	84.352394	84.556862	84.484695	84.530022	84.521339	84.461105	84.458229	84.291222	84.218819	77.427155	77.865456	83.101562	81.090576	79.421837	80.12532	80.434212	80.158051
77.522995	79.649811	79.94635	79.884308	81.148102	81.298874	81.270218	81.472214	81.540588	86.027649	86.081345	86.173424	86.229218	86.193779	86.061539	86.051025	86.031372	86.039963	86.000145	84.934265	85.967316	86.854576	86.471451	86.853867	86.652649	100.0	85.603531	87.111229	84.108208	84.119568	84.059258	84.201385	84.206894	84.067207	84.147171	84.098663	84.03167	84.195312	84.023308	84.283272	84.013901	84.092331	83.873947	83.881821	83.943268	84.413101	84.46405	84.569489	85.131531	85.053467	85.0336	85.061394	85.09404	85.002205	85.060013	85.093262	84.743546	84.787216	84.938065	85.028305	85.039665	85.068932	84.977371	85.060364	85.097321	84.992386	85.254204	84.657669	86.228058	86.881943	86.815689	85.961121	86.225876	86.889435	85.902039	85.925087	86.083855	86.018143	86.049736	85.909508	85.494476	85.415001	85.519585	85.552505	85.418625	85.456879	85.47715	85.432137	85.63031	85.50174	85.495766	85.216827	85.231766	85.275391	85.569992	85.503647	86.236191	86.227524	85.424576	85.328796	85.197327	85.096756	77.771576	78.243073	83.796181	81.151855	79.354919	80.275253	80.706207	80.441696
77.538223	80.187714	80.307297	80.316711	81.211388	81.651031	81.631729	81.733932	82.395294	85.592834	85.556091	85.736275	85.635506	85.661407	85.569931	85.482407	85.644165	85.574303	85.576324	83.965988	84.734619	86.213989	84.762291	85.705139	85.663239	85.603531	100.0	87.319458	85.930634	85.946724	85.999359	86.010483	85.941254	85.965683	86.693405	86.729355	86.649956	86.070358	85.843994	86.203781	85.868286	85.963486	85.71022	85.891144	86.628304	87.269394	87.223312	87.557953	85.10817	84.968277	84.981064	85.036346	85.04718	84.969055	85.133904	85.086243	84.546318	84.632935	84.877579	85.012161	85.050201	85.027771	84.944351	84.962341	84.957031	85.004181	85.33934	85.472061	85.498901	85.151474	85.437393	85.124985	85.873199	85.336639	85.690536	84.921112	85.072632	85.018585	84.947998	85.644951	85.202286	85.275505	85.424469	85.458916	85.426262	85.405685	85.408958	85.470161	85.625214	85.53363	85.532616	85.036942	85.112404	85.010727	85.398254	85.485695	85.343063	85.502884	85.240982	85.109016	84.819016	84.800896	77.652519	77.96489	83.406189	81.48645	79.965775	80.790474	80.831024	80.641266
77.754669	80.187134	80.246887	80.200317	81.332809	81.472382	81.535492	81.82933	82.239883	86.393494	86.386223	86.5009	86.433365	86.488579	86.308235	86.276382	86.360016	86.353226	86.374809	84.608826	85.74025	86.110367	85.727211	85.987518	85.673904	87.111229	87.319458	100.0	85.330582	85.324203	85.283058	85.319733	85.302628	85.199654	85.22641	85.337784	85.248047	85.387474	85.248123	85.522636	85.210617	85.35939	85.17334	85.29567	85.234917	85.772453	85.677795	85.874641	85.506134	85.418915	85.446945	85.421227	85.443352	85.343452	85.596954	85.503113	85.136299	85.172104	85.266632	85.376091	85.449554	85.418945	85.378204	85.370285	85.311256	85.393967	85.625641	85.076607	86.120148	85.999802	86.446976	85.992599	86.018997	86.170654	85.759583	85.802856	85.964676	85.900749	85.792442	85.720955	85.768143	85.843063	85.925934	85.96405	86.057571	86.005661	86.047165	86.128487	86.252823	86.144203	86.146866	85.585114	85.646439	85.623611	85.927933	85.969162	86.101242	85.977966	85.788803	85.741852	85.593094	85.433067	77.79451	78.189346	83.848	81.485046	79.951233	80.586472	80.876038	80.674438
77.678223	80.089584	79.975922	79.944618	80.970779	81.274139	81.34874	81.664955	81.986877	84.594421	84.59787	84.592697	84.565018	84.58448	84.617462	84.522217	84.601166	84.542221	84.516144	83.192696	83.693192	84.064697	83.683426	83.802132	83.54882	84.108208	85.930634	85.330582	100.0	99.98465	97.560593	97.555603	97.566681	89.943542	90.012878	89.945091	89.990311	89.564087	92.579742	90.663292	90.56424	90.765732	90.540573	86.14402	86.129219	87.661407	87.530258	87.671005	84.269714	84.220802	84.243118	84.277916	84.33429	84.332619	84.306259	84.208878	84.112228	84.095978	84.457733	84.392967	84.389854	84.414062	84.277267	84.390427	84.291595	84.312042	84.628021	84.227219	84.341492	84.188637	84.340698	84.051117	84.139984	84.309258	84.136322	84.202057	84.154091	84.165291	84.037537	84.127037	84.519577	84.547935	84.538666	84.554726	84.812386	84.791069	84.918182	84.922852	84.949081	84.922394	84.932388	84.372063	84.457169	84.299652	84.699905	84.698746	84.599121	84.699051	84.367477	84.35463	84.262726	84.252792	77.706917	77.91259	82.707352	81.133331	79.904449	80.625839	80.754745	80.397446
77.725281	80.066574	79.976013	79.905106	80.939194	81.262985	81.306656	81.666412	81.982849	84.595604	84.575401	84.580521	84.610077	84.630043	84.572273	84.540146	84.636917	84.565659	84.536568	83.202744	83.687256	84.062744	83.648254	83.722321	83.523026	84.119568	85.946724	85.324203	99.98465	100.0	97.546242	97.577774	97.576019	89.953583	90.056648	89.998001	90.064003	89.598328	92.555344	90.67363	90.535889	90.775665	90.527115	86.105629	86.110901	87.665237	87.537949	87.650589	84.274223	84.183601	84.152283	84.231155	84.259804	84.298035	84.29126	84.163773	84.098099	84.097862	84.463715	84.412674	84.394989	84.375725	84.300529	84.404076	84.293701	84.349396	84.558884	84.249435	84.32579	84.168571	84.310043	84.089645	84.113754	84.313507	84.130516	84.208	84.162552	84.132507	84.061043	84.087921	84.48307	84.538818	84.535233	84.519882	84.740372	84.805679	84.856415	84.900879	84.891144	84.869949	84.8694	84.382042	84.466248	84.347702	84.660385	84.692734	84.620941	84.725922	84.354828	84.301285	84.21727	84.233337	77.619873	77.948784	82.724991	81.111694	79.91684	80.562759	80.700928	80.403397
77.72525	80.063416	80.053154	79.949074	80.981857	81.22599	81.200684	81.618095	82.03231	84.629196	84.645508	84.606522	84.609314	84.624329	84.65107	84.568497	84.60878	84.648773	84.568298	83.142395	83.734818	84.003845	83.69577	83.71077	83.452614	84.059258	85.999359	85.283058	97.560593	97.546242	100.0	97.485901	97.503677	90.05246	90.135384	90.12796	90.157776	89.62603	92.663651	90.761604	90.636414	90.869446	90.630234	86.164925	86.130356	87.755173	87.620865	87.74469	84.331375	84.272713	84.26799	84.283768	84.294319	84.247154	84.246353	84.246002	84.004501	84.019356	84.294891	84.32164	84.319458	84.26239	84.281075	84.383499	84.298462	84.307968	84.472755	84.19278	84.326889	84.229584	84.283722	84.00782	84.127686	84.328033	84.081635	84.105331	84.085968	84.086761	84.018066	84.022995	84.432205	84.496368	84.554276	84.528275	84.787888	84.800385	84.823029	84.916336	84.889023	84.875168	84.881638	84.293655	84.449196	84.266251	84.679245	84.687439	84.613586	84.739914	84.320686	84.290306	84.154633	84.15271	77.61554	77.809052	82.746002	81.119308	79.804901	80.508499	80.617035	80.479218
77.591942	80.100647	80.099632	80.104477	80.827484	81.348694	81.264893	81.685623	82.127945	84.659119	84.636078	84.681061	84.64975	84.690308	84.621429	84.577164	84.610092	84.619652	84.587875	83.104019	83.738373	84.061493	83.76162	83.786949	83.622894	84.201385	86.010483	85.319733	97.555603	97.577774	97.485901	100.0	97.639862	89.982101	90.067566	90.046852	90.072411	89.537735	92.585022	90.610649	90.578407	90.711395	90.526642	86.217758	86.123123	87.755508	87.564392	87.674133	84.309036	84.322205	84.263336	84.28067	84.33786	84.296387	84.299286	84.260941	84.095673	84.140976	84.416275	84.396591	84.335922	84.401657	84.278549	84.411606	84.346062	84.340622	84.590622	84.272659	84.284775	84.277664	84.428787	84.086426	84.160248	84.395508	84.146957	84.15918	84.144638	84.067848	84.060516	84.128128	84.550995	84.535591	84.623306	84.616058	84.824753	84.783859	84.829712	84.918327	85.002853	84.995575	84.993164	84.339859	84.523247	84.3032	84.734718	84.671021	84.601562	84.752548	84.359451	84.330399	84.203651	84.242935	77.584885	77.840042	82.858826	81.101944	79.833817	80.516243	80.552681	80.378433
77.601532	80.056763	80.041321	80.030861	80.949066	81.305939	81.270172	81.638344	82.031738	84.672882	84.651917	84.641182	84.648743	84.644287	84.621742	84.595375	84.621307	84.599884	84.604599	83.246307	83.687263	84.070984	83.715012	83.810822	83.580887	84.206894	85.941254	85.302628	97.566681	97.576019	97.503677	97.639862	100.0	89.991577	90.038467	90.003426	90.050018	89.587494	92.595932	90.600891	90.577164	90.73735	90.547974	86.184586	86.080864	87.701385	87.529495	87.69397	84.311203	84.339111	84.299225	84.217918	84.262451	84.305893	84.298126	84.271622	84.085159	84.083511	84.433746	84.385986	84.366402	84.380966	84.328293	84.389198	84.276215	84.311485	84.538254	84.227295	84.361633	84.254532	84.364792	84.144989	84.191475	84.387184	84.155487	84.174088	84.22052	84.130234	84.014252	84.105919	84.554626	84.661072	84.649597	84.593796	84.803688	84.843048	84.833633	84.883102	84.93837	84.937378	84.943268	84.34726	84.483688	84.272034	84.72187	84.648193	84.603851	84.699234	84.363312	84.343628	84.175247	84.259445	77.525887	77.976898	82.708176	81.151466	79.760033	80.526779	80.587753	80.292831
77.655235	80.060333	80.035431	80.145813	81.081131	81.276276	81.394791	81.643372	82.141129	84.501106	84.454872	84.54509	84.659164	84.664024	84.47258	84.407639	84.480545	84.474915	84.467667	83.127075	83.565292	83.730881	83.499077	83.632141	83.287521	84.067207	85.965683	85.199654	89.943542	89.953583	90.05246	89.982101	89.991577	100.0	92.516571	92.419243	92.365646	89.780502	90.081146	90.463577	90.559166	90.726334	90.1604	86.186172	86.112549	87.470276	87.376053	87.493744	84.211761	84.107681	84.077805	84.232925	84.23912	84.095741	84.216736	84.218262	83.802185	83.897339	84.10675	84.224648	84.197174	84.201935	84.257599	84.201569	84.177505	84.177071	84.496155	84.075882	84.306244	84.194031	84.200577	84.004074	84.011444	84.189423	83.908279	84.031052	84.028885	84.064537	83.944382	83.88588	84.41246	84.497437	84.506622	84.470093	84.619926	84.577621	84.735718	84.664024	84.899475	84.763885	84.759354	84.359573	84.457588	84.309677	84.479454	84.44722	84.366028	84.536728	84.110825	84.014816	84.022758	84.051041	77.790833	77.823051	82.786377	81.22538	79.879852	80.630463	80.781647	80.51342
77.764091	80.311691	80.071564	80.123856	81.13945	81.344498	81.35762	81.76651	82.168022	84.554504	84.547256	84.637405	84.600433	84.6437	84.464638	84.501709	84.519257	84.526398	84.494675	83.163437	83.603546	84.612015	83.601051	84.654755	84.281143	84.147171	86.693405	85.22641	90.012878	90.056648	90.135384	90.067566	90.038467	92.516571	100.0	95.686783	95.675125	89.633896	89.987793	90.274429	90.452606	90.622734	90.085434	86.012375	87.012993	88.051666	88.249619	88.416458	84.307678	84.190628	84.207611	84.264297	84.300392	84.202637	84.271469	84.294159	83.923462	83.859901	84.116547	84.300079	84.25621	84.350975	84.259018	84.321442	84.366615	84.285011	84.592331	84.991028	84.336235	84.136414	84.336128	84.036148	85.047195	84.379303	84.941849	84.196411	84.195328	84.146904	84.036331	84.947258	84.528427	84.494507	84.522949	84.512589	84.780426	84.767166	84.810745	84.767647	84.952278	84.84903	84.845108	84.382607	84.515045	84.456337	84.624588	84.645515	84.499878	84.626236	84.29834	84.143234	84.097466	84.116684	77.868286	77.788803	82.85968	81.218964	79.839218	80.673286	80.698868	80.38092
