48665.5	1855352.4	2203210.3	2710756.3	1888.64	2175864.3	1109743.5	408015.13	285558.4	2768066.3	1355015.12	2751189.3	33900.17	2582831.3	2692233.3	1442032.3	2721173.3	2726118.3	264445.3	80860.3	2825844.3	1926.3	164348.7	2686304.3	68214.14	1214242.5	1849967.7	73044.12	73044.9	146923.5	2588707.3	278992.5	47716.12	2083284.3	1916.15	2662065.3	2742134.3	67345.6	1932.7	2211357.3	1887.6	59299.27	2203204.3	665577.7	285570.6	68203.11	1783515.3	2838015.3	2072505.3	116188.4	1079985.11	45398.9	2809700.4	114686.5	33899.19	1890.28	2135430.3	1882757.3	249586.4	2184053.3	2730915.3	42881.4	477245.3	1885.4	1907.4	2714844.4	1725411.3	646637.3	67304.8	2781734.3	2306165.3	1915.4	2495589.3	1214101.3	68232.3	1827580.3	2496836.3	1413221.3	2768067.3	2695266.3	2801030.3	2801029.3	1054862.11	2609807.3	2653200.3	2865673.3	424188.3	40318.15	47760.6	2797636.3	2721243.3	2594456.3	2721244.3	2662397.3	2049881.3	227882.62	1649184.3	1919.18	2772432.3	67263.32	2748873.3	2840373.3	2005885.3	1661694.4	1664033.3	2855836.3	1892.31	455632.4	132474.56	1306175.6	2692234.3	68570.5	1262452.3	2866715.3	553510.3	1403539.3	2202000.4	58346.16	2721245.3	2293571.4	1160718.9	285578.12	1912.57	1920.4	47763.39	234612.4	2607753.3	1648182.5	1812480.3	2801031.3	1972846.3	66374.6	54571.43	2099583.3	58340.36	2305220.3	1522758.3	36818.16	54571.44	68209.3	319947.4	54571.45	54571.47	54571.46	1967.6	1616117.3	1642299.7	2203205.3	132473.7	1854574.8	2838850.3	2768069.3	2136401.3	68270.5	66871.3	67267.5	39478.4	2684468.3	1905.9	67294.3	54571.11	54571.48	67260.4	54571.49	67367.6	362257.4	1169025.9	591167.6	862751.12	28894.3	202862.4	1893.7	67296.3	193462.5	2705439.3	2717324.3	1333528.4	2282738.3	2585716.3	2898276.3	436397.4	1690221.3	2174846.3	2768068.3	2676871.3	38300.4	1950.16	316280.3	1077946.3	1977088.4	1616117.8	1535768.3	2762559.4	1223523.8	51201.9	66425.3	173860.4	284034.3	1940.3	1901.32	83656.11	2599401.3	53451.4	1886.154	2742136.3	1888.31	2797167.3	1984801.3	83656.9	2684469.3	1038929.12	403935.6	2742130.3	371608.7	749414.3	1912.5	1343740.29	75293.3	2750011.3	2742137.3
100.0	85.755295	78.20755	78.30957	78.635727	78.350342	77.994896	78.697105	78.628174	78.446976	78.967819	79.495811	79.4422	79.299271	79.420822	79.05941	79.154388	79.241714	79.111557	79.402298	79.228844	79.101944	79.203018	79.045456	79.040649	79.382736	79.303085	79.602242	79.522919	79.328979	79.210724	78.960907	79.134857	79.228134	79.178139	79.182983	79.290787	79.096176	79.319305	79.320999	79.439339	79.367622	79.101913	79.3638	79.19812	79.481247	78.917809	78.917511	78.947937	78.855804	78.994408	78.860245	78.701233	78.862396	78.923714	78.897995	78.746437	78.962631	78.756699	78.911484	78.820328	79.216904	79.157684	79.253647	79.110703	79.238686	78.870132	78.916618	79.060982	78.750351	78.90065	78.797638	78.758072	78.988739	79.097244	79.19593	78.771423	78.915703	78.77037	78.913254	78.523392	78.489967	78.792526	78.854797	78.606354	78.699234	78.738441	78.989082	78.678116	78.495438	78.66671	78.756729	78.774658	78.876816	78.88559	78.839485	79.068481	79.055412	79.14682	79.287727	79.083267	79.16748	79.263535	79.229073	79.147316	79.156784	79.111115	79.114487	79.135956	79.065964	79.311325	79.407425	79.381653	79.488892	79.230026	79.171196	78.946281	79.060776	79.025436	79.111488	79.172852	79.560486	79.059464	79.221741	79.379944	79.206505	79.214264	79.185013	79.169754	79.174026	79.254929	79.159775	79.233749	78.891357	79.20488	79.335251	79.193085	79.289932	79.424393	79.27433	78.616989	78.708923	78.683578	78.875656	78.717331	78.772522	78.848267	78.945572	78.997635	78.953064	78.733582	79.007271	78.586792	78.737366	78.711502	78.657623	79.426743	79.247597	79.319153	79.38765	79.193787	79.271835	79.430099	79.295769	79.343246	79.332947	78.798355	78.906082	79.138962	79.13176	79.088257	79.012878	78.978973	78.646988	78.644333	78.589142	78.530167	78.506531	79.087555	79.379501	79.446167	78.945374	79.135414	79.12114	79.121796	79.113342	79.147812	79.043221	79.183197	79.248505	79.155533	79.043243	79.353516	79.457588	79.522614	79.419266	79.366394	79.377609	79.317001	78.892059	78.680573	78.553879	79.080811	79.124138	79.131386	79.068695	78.499374	78.210571	78.128143	79.8853	79.154099	79.409134	78.921204	78.876312	78.826889	78.779251	78.733948	78.680099	78.887154	79.163696
85.755295	100.0	77.696945	77.946297	77.996033	78.012772	77.574234	78.260391	78.236938	78.023186	78.464355	78.844284	78.80542	78.881615	78.840904	78.542953	78.776718	78.823769	78.54982	78.771812	78.588783	78.602997	78.554909	78.589951	78.415344	78.788002	79.091324	79.050095	79.128159	78.68219	78.80069	78.725235	78.561485	78.756424	78.621162	78.582527	78.687553	78.609039	78.899155	78.787964	78.749947	78.847305	78.59816	78.833466	78.712746	78.957359	78.518318	78.499634	78.58934	78.407402	78.432388	78.559357	78.120773	78.456238	78.573692	78.580399	78.220917	78.318001	78.272232	78.397659	78.494797	78.691261	78.646027	78.776505	78.878265	78.858124	78.51265	78.471771	78.5	78.416794	78.521927	78.285767	78.387375	78.54689	78.800369	78.739944	78.229797	78.377983	78.418121	78.506561	78.071327	78.083344	78.332855	78.37944	78.149765	78.345467	78.354248	78.644501	78.246964	78.041771	78.119606	78.215576	78.392197	78.504951	78.448647	78.473488	78.970268	78.726624	78.841202	78.930771	78.672623	78.66256	79.011871	78.829842	78.793159	78.838089	78.754135	78.797852	78.633011	78.524284	78.634857	78.74305	78.758759	78.723114	78.62027	78.609055	78.402435	78.596237	78.594315	78.467529	78.599426	78.947372	78.714386	78.672691	78.761208	78.8508	79.090118	78.846283	78.9729	78.906876	78.880875	78.812233	78.991074	78.677002	78.745132	78.865372	78.798424	78.805817	78.916321	78.815002	78.142921	78.306641	78.39373	78.433395	78.272087	78.336525	78.468704	78.511002	78.529541	78.402847	78.325333	78.570587	78.094727	78.225601	78.211143	78.182961	78.856735	78.913574	78.942146	78.967728	78.889465	78.895599	79.14399	78.998688	78.782593	78.824791	78.432869	78.650787	78.659088	78.576569	78.812538	78.539444	78.557533	78.292252	78.43222	78.204529	78.158005	78.282326	78.574387	78.749802	79.021965	78.456741	78.851349	78.688965	78.574524	78.546249	78.554359	78.637482	78.90258	78.824654	78.718826	78.584335	78.899719	78.837326	79.091324	79.098	79.005333	78.941376	78.924225	78.274292	78.296097	78.213989	78.688995	78.798859	78.743637	78.750084	78.213821	78.008682	78.039047	79.283653	78.728386	78.910416	78.356445	78.428101	78.163277	78.136093	78.130257	78.270905	78.451408	78.484146
78.20755	77.696945	100.0	79.28598	79.311035	79.164154	78.617073	79.172028	79.142365	78.98082	79.181465	79.495964	79.41008	79.467819	79.482628	79.412437	79.402252	79.642967	79.456757	79.524971	79.467751	79.326477	79.406906	79.211258	79.411896	79.508118	79.766098	79.701508	79.700813	79.915268	79.750282	79.646965	79.604355	79.749008	79.743896	79.603745	79.819626	79.502159	79.839867	79.894058	79.898445	79.928848	79.727936	79.911278	79.834518	80.00663	79.591217	79.544037	79.634323	79.53624	79.584625	79.401772	79.103424	79.263855	79.379166	79.496124	79.100235	79.379921	79.035187	79.387299	79.636002	79.783249	79.799637	79.671112	79.845627	79.729637	79.339149	79.512703	79.333176	79.296463	79.200699	79.193359	79.331375	79.398727	79.675507	79.742271	79.344421	79.457321	79.375732	79.383224	79.000031	79.066879	79.284271	79.173599	79.103348	79.062294	79.216507	79.19986	79.243713	79.177422	79.115402	79.118706	79.140015	79.322861	79.560211	79.28933	79.505051	79.398438	79.433578	79.602859	79.619339	79.457382	79.454865	79.646683	79.561752	79.503418	79.402618	79.400223	79.652466	79.608521	79.654022	79.581184	79.628067	79.688095	79.581215	79.472748	79.295502	79.343933	79.388573	79.5923	79.584213	79.7351	79.512924	79.583191	79.744751	79.370941	79.106621	79.118858	79.268494	79.105835	79.106323	79.03421	79.164764	78.872803	79.046349	79.25444	79.132698	79.233253	79.251724	79.325768	79.235649	79.543533	79.601051	79.645355	79.373917	79.513931	79.562813	79.55545	79.597755	79.630844	79.590065	79.37001	79.199554	79.347992	79.453308	79.553864	79.361565	79.59269	79.644302	79.529488	79.398102	79.436615	79.741859	79.533539	79.42157	79.456482	79.097168	79.25853	79.377151	79.203415	79.688835	79.163315	79.179855	79.537567	79.459885	79.47052	79.175659	79.21553	79.547707	79.825089	79.732635	79.339195	79.639099	79.435135	79.441559	79.527237	79.62178	79.567902	79.527191	79.798431	79.864304	79.597961	79.595047	79.669922	79.922089	79.729324	79.819344	79.97345	79.705261	79.268967	79.099091	79.002136	79.37899	79.717804	79.29454	79.492905	78.644577	78.90522	78.887314	79.494881	79.712646	80.196617	79.554108	79.503891	79.514893	79.413162	79.476791	79.46257	79.706604	79.558044
78.30957	77.946297	79.28598	100.0	80.469284	80.455811	78.880783	79.176392	79.274849	78.962227	79.032944	79.370529	79.336624	79.360649	79.459427	79.36721	79.37558	79.582047	79.329407	79.314346	79.356064	79.331757	79.382545	79.243431	79.246902	79.440781	79.552521	79.547119	79.448296	79.603622	79.66436	79.503906	79.477036	79.444374	79.498093	79.414146	79.589767	79.438202	79.548218	79.467117	79.491631	79.620415	79.399246	79.691818	79.668884	79.710022	79.487419	79.511261	79.521637	79.292152	79.572563	79.261856	79.065208	79.326889	79.222672	79.366562	79.201385	79.219086	79.074249	79.325569	79.47406	79.568275	79.60289	79.508698	79.595459	79.633499	79.320801	79.515915	79.266632	79.283371	79.363998	79.21109	79.268333	79.332916	79.645126	79.522163	79.298752	79.41893	79.396652	79.481644	79.20726	79.119308	79.269485	79.263	79.220566	79.267212	79.326981	79.23632	79.215408	79.203812	79.235641	79.166306	79.225243	79.225876	79.401817	79.298431	79.407776	79.449692	79.437317	79.597023	79.525688	79.622307	79.752289	79.58194	79.502304	79.505844	79.574379	79.553909	80.036301	79.843582	79.86245	79.735352	79.734741	79.886887	79.852188	79.80191	79.724213	79.693581	79.723648	79.78006	79.921555	79.998466	79.784027	79.821793	79.957565	79.45607	79.329224	79.341187	79.390335	79.318222	79.341156	79.274384	79.311157	79.058945	79.186981	79.180679	79.320824	79.43557	79.275467	79.386429	79.381302	79.38179	79.468224	79.494781	79.351898	79.52504	79.578331	79.609207	79.617249	79.643021	79.513199	79.319168	79.285477	79.318848	79.524261	79.338409	79.47187	79.523232	79.629211	79.485641	79.333542	79.378433	79.614853	79.472	79.374771	79.401566	79.242615	79.331917	79.552994	79.472458	79.582764	79.462234	79.317993	79.52655	79.599655	79.433075	79.288055	79.368317	79.458481	79.702881	79.773094	79.428749	79.575455	79.342163	79.748169	79.584541	79.654579	79.737259	79.559067	79.62896	79.757568	79.782318	79.601776	79.690727	79.961151	79.786423	79.835083	80.078819	79.794754	79.180984	78.953728	78.999275	79.416718	79.533524	79.448761	79.454895	78.815872	78.937729	79.078606	79.548347	79.827866	80.49485	79.551117	79.61734	79.524414	79.625122	79.425385	79.564545	79.71936	79.598022
78.635727	77.996033	79.311035	80.469284	100.0	82.782684	79.037628	79.581665	79.600983	79.049255	79.66095	79.987015	79.710472	79.712326	79.752213	79.66246	79.736633	79.944656	79.587662	79.848289	79.778275	79.644142	79.48954	79.470642	79.610504	79.77565	79.945221	80.088562	79.892334	79.911346	80.002823	79.846405	79.678192	79.712524	79.786789	79.806046	79.857941	79.629135	79.858925	79.892784	79.892929	79.941986	79.834618	79.954147	79.89241	80.130508	79.546707	79.623779	79.691666	79.566132	79.782303	79.615036	79.151314	79.371002	79.500443	79.681107	79.33725	79.467484	79.315628	79.600677	79.553795	79.793167	79.90213	79.808746	80.082054	79.950836	79.500275	79.580299	79.457199	79.221161	79.432419	79.421448	79.279762	79.546127	79.775787	79.879105	79.295563	79.533417	79.456863	79.667534	79.194092	79.292641	79.395508	79.448593	79.326218	79.279633	79.367508	79.375824	79.30233	79.185928	79.203575	79.416061	79.182701	79.358261	79.519951	79.425217	79.791733	79.667816	79.741104	79.849632	79.718529	79.896988	79.835381	79.816422	79.891327	79.790665	79.787361	79.762222	80.298279	80.335037	80.246727	80.125183	80.097061	80.3032	80.383072	80.107643	79.980606	79.990234	79.983871	80.057114	80.009491	80.242439	80.152771	80.209259	80.340912	79.559906	79.448586	79.437195	79.518753	79.424988	79.469208	79.344513	79.488922	79.093582	79.359062	79.674606	79.389473	79.550987	79.772949	79.595215	79.387657	79.6875	79.752625	79.75972	79.449112	79.649086	79.933014	79.753922	79.831284	79.946457	79.799805	79.595306	79.540924	79.581055	79.456871	79.533096	79.565102	79.627464	79.696236	79.757431	79.334549	79.506371	79.66452	79.571419	79.614418	79.544899	79.426788	79.513161	79.669861	79.775291	79.871521	79.521622	79.421249	79.513245	79.502495	79.381355	79.352066	79.434578	79.697197	79.928055	79.987244	79.570892	79.787468	79.578415	79.629807	79.626083	79.711212	79.76255	79.80378	80.021774	79.79277	79.759888	80.017593	80.065948	80.162552	80.189148	80.040703	80.27272	79.995255	79.424057	79.35675	79.235847	79.825562	79.960831	79.772232	79.599838	79.145432	79.143005	79.176018	79.873016	79.93515	80.758316	79.847061	79.795052	79.799545	79.705307	79.700562	79.807861	80.123428	80.010162
78.350342	78.012772	79.164154	80.455811	82.782684	100.0	78.955177	79.312386	79.305595	78.851669	79.216293	79.826584	79.585831	79.67485	79.707405	79.435669	79.61705	79.720367	79.537155	79.719849	79.556587	79.641441	79.469437	79.33313	79.329109	79.640015	79.802597	79.740387	79.965988	79.72966	79.880951	79.669006	79.631073	79.638275	79.74469	79.652313	79.621643	79.479355	79.784317	79.774277	79.802887	79.758156	79.572998	79.837646	79.844093	79.889389	79.363403	79.572815	79.674538	79.489517	79.457489	79.4823	79.032028	79.320358	79.371765	79.553757	79.151993	79.334747	79.211441	79.469528	79.582413	79.638184	79.833145	79.733414	79.822266	79.642899	79.441223	79.571716	79.374832	79.165695	79.300858	79.278763	79.156097	79.522797	79.667572	79.753387	79.05838	79.400726	79.28418	79.376266	79.124466	79.125931	79.169373	79.202835	79.163315	79.204666	79.217361	79.351669	79.143333	78.990929	79.087997	79.160202	79.185646	79.325562	79.3255	79.381729	79.445786	79.412979	79.55069	79.574501	79.534508	79.54306	79.600647	79.639069	79.569756	79.515472	79.394135	79.542709	80.081329	80.000671	80.156593	79.971069	79.965134	80.056145	80.120598	80.06955	79.792114	79.923019	79.967438	79.968384	80.013756	80.203583	79.986198	79.908791	80.130188	79.456993	79.245338	79.117828	79.210327	79.201035	79.239349	79.12812	79.290787	78.905724	79.077576	79.209335	79.128036	79.227661	79.258148	79.298836	79.138336	79.383881	79.371078	79.411598	79.328842	79.373138	79.59935	79.643387	79.572388	79.574783	79.419029	79.384247	79.292931	79.313507	79.332191	79.264359	79.490799	79.429565	79.594795	79.489914	79.239006	79.21962	79.501427	79.401123	79.343445	79.345047	79.091095	79.43515	79.564163	79.397842	79.684242	79.192612	79.384468	79.382843	79.296982	79.159615	79.258316	79.323273	79.431175	79.579819	79.687057	79.218033	79.609222	79.441132	79.554604	79.514	79.610336	79.652077	79.546783	79.776138	79.604057	79.598564	79.737038	79.872253	79.845749	80.075775	79.896835	79.986984	79.804733	79.244156	79.13356	78.963028	79.714203	79.705048	79.4133	79.58168	78.942741	78.94751	78.99231	79.565964	79.876801	80.492462	79.555801	79.512161	79.421432	79.549995	79.593071	79.686417	79.825279	79.833557
77.994896	77.574234	78.617073	78.880783	79.037628	78.955177	100.0	80.786713	80.837021	78.343887	78.470039	78.781387	78.667839	78.786362	78.790405	78.542786	78.75032	78.714905	78.679459	78.719421	78.603912	78.676468	78.435509	78.345222	78.355316	78.798592	78.735901	78.961433	78.983337	78.882042	78.997276	78.804642	78.782326	78.897629	78.857948	78.739059	78.790367	78.819809	78.966949	78.896561	79.043373	79.037033	78.810806	79.027695	78.863602	78.906754	78.524872	78.665504	78.666748	78.63195	78.760086	78.711227	78.418686	78.494591	78.550972	78.609909	78.373825	78.547424	78.384338	78.632111	78.735481	78.817627	78.846588	78.864571	79.004974	78.962212	78.532333	78.606613	78.548134	78.380844	78.424667	78.514297	78.422424	78.46183	78.817085	78.857834	78.448845	78.557434	78.457077	78.63327	78.228668	78.207947	78.376663	78.574188	78.309639	78.447685	78.411545	78.585449	78.327515	78.297714	78.265976	78.323219	78.30394	78.500076	78.522583	78.495865	78.722244	78.637741	78.677246	78.680359	78.879044	78.747208	78.764557	78.8134	78.79995	78.755547	78.694641	78.745178	78.900757	78.87413	78.78215	78.876488	78.849098	78.959221	78.763885	78.811066	78.594254	78.610077	78.623047	78.610855	78.756363	78.8862	78.64122	78.875229	78.910469	78.798294	78.52639	78.685005	78.510117	78.442245	78.480759	78.578201	78.66806	78.327377	78.424492	78.40834	78.47673	78.536682	78.594589	78.737625	78.342384	78.500671	78.622894	78.626572	78.491165	78.487869	78.652901	78.756943	78.802277	78.745972	78.512375	78.506653	78.519409	78.540619	78.372116	78.483383	78.638222	78.663559	78.68306	78.768509	78.539948	78.512886	78.918579	78.728134	78.647995	78.66539	78.531265	78.575851	78.776337	78.727486	78.833481	78.545647	78.606361	78.686424	78.610939	78.660553	78.455887	78.593109	78.82531	79.146362	79.236282	78.628983	78.640991	78.796234	78.735405	78.687073	78.883568	78.830566	78.753906	79.076233	78.827347	78.512947	79.062637	78.94342	78.983353	78.909424	78.865868	79.08342	78.879654	78.266098	78.347519	78.201706	78.938126	78.916977	78.650902	78.845108	78.399384	78.343903	78.278671	79.007912	79.232307	79.986465	78.912521	78.887955	78.612289	78.454422	78.496826	78.628922	79.108185	78.812134
78.697105	78.260391	79.172028	79.176392	79.581665	79.312386	80.786713	100.0	88.917953	78.646698	79.064301	79.594872	79.360962	79.368774	79.391525	79.440498	79.446846	79.432495	79.384125	79.467552	79.307747	79.29982	79.305817	79.227669	79.297302	79.524353	79.632393	79.665451	79.694496	79.459473	79.56987	79.424118	79.486229	79.515198	79.563431	79.386536	79.486832	79.46022	79.56105	79.657516	79.599571	79.623428	79.5131	79.735779	79.51593	79.712486	79.280914	79.334656	79.247696	79.199448	79.30072	79.358597	78.929855	79.141769	79.340118	79.613785	79.049576	79.203308	79.049484	79.217453	79.264252	79.295563	79.586487	79.51796	79.576889	79.650452	79.25473	79.264343	79.300507	79.134506	79.114616	78.996292	79.133194	79.38282	79.553726	79.549805	79.048599	79.276123	79.145317	79.273232	78.889923	78.835617	79.02475	78.978012	78.928833	78.870934	79.004562	79.284111	79.035568	78.846291	78.844574	78.994171	79.012192	79.025696	79.28373	79.063904	79.557892	79.432274	79.608475	79.424408	79.499298	79.530731	79.56945	79.476768	79.445862	79.477798	79.327019	79.419891	79.499908	79.478638	79.634445	79.515503	79.619942	79.752701	79.647354	79.435661	79.508034	79.678406	79.531128	79.504158	79.566956	79.653862	79.44313	79.576279	79.608482	79.253906	79.203812	79.099953	79.169029	79.198868	79.127869	79.069405	79.108185	78.831665	79.171013	79.254379	79.144028	79.343353	79.234406	79.172218	78.866196	78.977936	79.098701	79.120529	78.882645	79.027435	79.131844	79.238609	79.085083	79.290398	79.10054	79.074112	78.842239	78.976456	78.959442	78.967667	79.342613	79.492264	79.468719	79.274521	79.06414	79.253357	79.552956	79.417618	79.231232	79.221954	78.947876	79.187119	79.377251	79.172775	79.514664	79.064926	79.063141	79.296799	79.243927	79.312347	79.154198	79.222649	79.305862	79.577324	79.737541	79.226616	79.356384	79.227875	79.192459	79.226517	79.255249	79.239273	79.459625	79.611092	79.347855	79.370262	79.62648	79.537415	79.754135	79.67366	79.624489	79.595551	79.762009	79.21463	79.08091	79.038025	79.493523	79.62529	79.41098	79.489075	78.657814	78.708282	78.859848	79.71698	79.708832	80.608322	79.444801	79.290619	79.314095	79.277237	79.38343	79.301727	79.649155	79.587753
78.628174	78.236938	79.142365	79.274849	79.600983	79.305595	80.837021	88.917953	100.0	78.601784	79.165131	79.500183	79.315552	79.384506	79.533226	79.331039	79.397995	79.571754	79.420547	79.461128	79.396301	79.253464	79.234055	79.235184	79.203339	79.381439	79.544106	79.572975	79.68895	79.53862	79.737473	79.394852	79.436668	79.557213	79.624123	79.451561	79.563148	79.348221	79.597191	79.652359	79.628265	79.736549	79.469589	79.787643	79.525543	79.77092	79.170845	79.248627	79.383987	79.08522	79.352127	79.338165	78.786789	79.153046	79.281784	79.460861	78.910843	78.992439	78.963089	79.238739	79.206116	79.455345	79.567612	79.475037	79.601776	79.473503	79.245415	79.342163	79.311462	79.111313	79.031982	78.96077	79.034836	79.296997	79.594292	79.43425	78.876938	79.194397	79.034874	79.326981	78.828033	78.76445	79.023605	79.06485	78.958374	78.908585	79.009445	79.263832	78.865196	78.795578	78.891342	78.845978	78.910553	79.023392	79.051819	79.046127	79.52562	79.350494	79.4953	79.534439	79.447388	79.408066	79.548691	79.486084	79.463722	79.404831	79.439034	79.381523	79.547501	79.504974	79.499725	79.437447	79.702164	79.779007	79.601524	79.400391	79.45459	79.481247	79.348747	79.450928	79.48674	79.738998	79.383713	79.49794	79.583382	79.287697	79.177521	79.157913	79.212242	79.18988	79.180611	79.135376	79.046822	78.896515	79.058586	79.227753	79.124046	79.191696	79.398132	79.269638	78.829155	78.883209	79.001877	79.082794	78.860916	78.970703	79.096924	79.218018	79.232773	79.074425	79.030243	79.023315	78.760635	79.038361	78.896759	78.877556	79.425476	79.449348	79.407394	79.391968	79.045113	79.155121	79.56102	79.403564	79.232758	79.179565	79.033043	79.151352	79.48291	79.315796	79.521759	79.183899	79.201302	79.291306	79.306915	79.132637	79.123268	79.205605	79.500084	79.515823	79.74118	79.122818	79.290604	79.155251	79.168304	79.186584	79.365234	79.272995	79.379593	79.643333	79.368774	79.249046	79.587158	79.629333	79.726746	79.699051	79.540009	79.78315	79.664444	79.071793	79.07061	79.03228	79.610611	79.738068	79.35437	79.56942	78.850288	78.706146	78.822281	79.585648	79.88723	80.546005	79.401894	79.336319	79.397339	79.25119	79.378433	79.469414	79.578896	79.571457
78.446976	78.023186	78.98082	78.962227	79.049255	78.851669	78.343887	78.646698	78.601784	100.0	81.845451	82.385239	82.394539	82.469635	82.67363	82.647415	82.567078	82.947113	82.730293	82.827408	82.667633	82.702942	82.612564	82.580505	82.591171	82.839966	82.613869	82.858093	82.962257	82.748177	82.869911	82.535919	82.398087	82.794632	82.631241	82.575012	82.8022	82.456406	82.642334	82.536758	82.696381	82.680817	82.598755	82.97023	82.771454	82.931702	82.877396	83.057755	83.249359	82.966682	83.167999	83.066032	82.840836	83.471985	83.560989	83.804726	83.151337	83.757835	83.415131	82.46817	83.061691	83.145493	82.772171	83.343948	83.038635	83.15741	83.176476	82.834869	83.305	83.269554	83.3116	83.170746	83.431908	83.014832	83.125816	82.969978	82.974823	83.109482	82.92804	82.724037	82.216644	82.300285	82.456963	82.436829	82.44104	82.404915	82.624344	81.571884	81.87619	81.937569	82.030762	82.160645	82.079849	82.097687	82.432846	82.3713	80.546158	80.443542	80.585754	80.667587	80.611069	80.59404	80.693062	80.710197	80.582321	80.537079	80.441399	80.534584	79.857056	79.860992	79.873825	79.88829	79.844559	79.973831	80.059029	79.972389	79.727905	79.746048	79.739944	79.767632	79.859985	80.061089	79.856232	79.970367	80.135269	80.457474	80.214355	80.225281	80.259529	80.131096	80.088181	80.116608	80.117691	79.907547	80.052505	80.426964	80.055557	80.162849	80.278061	80.383087	80.855301	81.076538	81.209976	81.23793	80.986374	81.014038	81.229477	81.349213	81.330269	81.348	81.067551	81.589111	80.932281	81.043274	81.047012	81.025513	80.637909	80.78656	80.98362	80.850052	80.632645	80.534821	80.943741	80.831345	80.667389	80.874344	80.041023	80.441147	80.486839	80.318855	80.667557	80.175278	80.385605	80.231689	80.294296	80.367302	79.994431	80.212013	80.595154	80.878433	80.962982	80.062012	80.455429	80.556847	80.439636	80.461647	80.403122	80.46032	80.780334	81.214806	80.835526	80.598312	79.904037	79.874222	79.992081	80.044594	80.04068	80.075897	79.929504	79.873955	79.862305	79.838692	80.370499	80.549484	80.45047	80.569809	80.477249	79.946487	79.990013	79.329056	79.725952	79.842735	79.49675	79.411713	79.399185	79.16893	79.276642	79.371094	79.703438	79.45816
78.967819	78.464355	79.181465	79.032944	79.66095	79.216293	78.470039	79.064301	79.165131	81.845451	100.0	85.34494	84.920044	84.89003	85.036819	86.093796	85.816101	86.355911	86.300919	86.447159	86.327576	86.353241	86.438019	85.945145	85.74968	85.714005	83.587563	84.234268	84.153778	83.268959	83.388779	83.251923	82.969971	83.244911	83.211853	83.177292	83.357956	82.784592	83.079712	82.947746	83.060883	83.125084	83.207405	83.561028	83.470795	83.483109	83.281044	83.302193	83.631065	83.473907	83.581665	83.060921	82.942291	83.243958	83.305008	83.351494	82.972366	83.562256	83.271851	83.218002	83.620384	83.558594	83.60643	84.044334	83.791901	83.807152	83.710114	83.497223	83.093285	83.186691	83.252899	83.225754	83.279152	83.39267	83.554642	83.284317	83.244667	83.476303	83.156693	82.655342	82.340538	82.319397	82.364639	82.276894	82.271286	82.237183	82.355507	82.495346	82.130692	82.075165	82.557755	82.610916	82.44873	82.398232	82.820862	82.789513	80.702057	80.639832	80.718903	80.61956	80.84465	80.69278	80.836052	80.763107	80.66008	80.697983	80.714043	80.734039	80.336517	80.261032	80.363068	80.252914	80.291496	80.36113	80.283157	80.347366	80.14608	80.133057	80.18235	80.415428	80.316307	80.448105	80.299622	80.44548	80.488197	80.555908	80.569321	80.595673	80.536224	80.414154	80.51078	80.541443	80.438148	80.189072	80.427742	80.538727	80.387177	80.630005	80.716919	80.617973	80.989105	81.218307	81.307892	81.298935	81.232796	81.215668	81.368881	81.439377	81.507706	81.618591	81.541077	81.64119	81.197342	81.2686	81.369301	81.244507	80.859161	80.94191	81.090675	81.041557	80.925491	80.83902	81.145477	81.089897	80.950462	80.931953	80.346664	80.578278	80.678352	80.705307	80.827927	80.496223	80.461212	80.215477	80.285751	80.293015	80.156433	80.293358	80.922173	80.904205	80.906288	80.561867	80.796104	80.785416	80.788803	80.692055	80.745117	80.847557	80.882477	81.232605	81.067719	80.852692	80.227676	80.204597	80.527466	80.378311	80.389389	80.475761	80.253754	80.262619	80.162079	80.218887	80.742821	80.683273	80.774925	80.968094	80.901611	79.884674	79.978775	79.843712	80.116112	80.220619	79.762535	79.662537	79.866142	79.679001	79.809998	79.753098	80.090927	80.144417
79.495811	78.844284	79.495964	79.370529	79.987015	79.826584	78.781387	79.594872	79.500183	82.385239	85.34494	100.0	90.152916	90.022598	90.186493	86.557907	86.79483	87.14473	87.039604	87.10881	86.913315	87.070122	87.044296	86.585648	86.206184	86.670067	84.850952	85.506561	85.41449	84.094055	84.540787	84.073204	83.834602	84.217964	84.078949	84.052338	84.192337	83.571449	84.183304	84.023315	84.237549	84.146881	83.749451	84.60968	84.49823	84.476364	83.955261	84.129745	84.334351	84.042587	84.166443	83.957687	83.575996	84.027435	84.037025	84.361183	83.41861	84.006119	83.869293	83.678482	84.222382	84.417526	84.435303	84.913803	84.737289	84.829987	84.339813	84.277786	83.927002	83.951523	84.061935	83.819839	84.112541	84.095253	84.308861	84.273849	83.771744	84.003113	83.871353	83.404381	82.641678	82.729752	82.909241	82.878761	82.818077	82.724243	82.922318	83.273239	82.565109	82.542435	82.903366	82.996445	82.99971	83.133484	83.29512	83.581528	81.487686	81.355766	81.462234	81.562363	81.582176	81.412193	81.487793	81.473999	81.529922	81.337204	81.35585	81.330116	80.968765	80.925385	81.013702	80.815094	80.893692	81.107635	80.9151	80.767899	80.598419	80.825989	80.667953	80.841599	80.943344	81.205307	80.838417	81.133034	81.149117	81.207245	81.049187	81.101898	81.145279	81.013779	81.026596	80.949646	80.97863	80.703217	81.109848	81.193436	81.115112	81.112976	81.261429	81.245651	81.581261	81.855545	82.056274	82.045959	81.741844	81.810181	82.200272	82.331558	82.256119	82.344734	82.173271	82.360184	81.941879	81.888626	81.912613	81.867325	81.745087	81.621979	81.842514	81.766266	81.393463	81.49649	81.971039	81.671906	81.497116	81.650635	80.713943	81.056572	81.231049	81.106216	81.651688	80.979965	80.975861	80.964325	80.864761	80.953918	80.749619	80.78186	81.329636	81.675629	81.813156	81.201538	81.480927	81.30928	81.327797	81.315079	81.282265	81.278343	81.759087	81.955345	81.712234	81.244644	80.753342	80.822495	81.215103	81.11441	81.128799	80.963058	80.9319	80.684204	80.687401	80.388687	81.276505	81.670418	81.444878	81.834518	81.350662	80.276413	80.522003	80.485962	80.680351	81.124748	80.382515	80.312874	80.277107	80.219864	80.276123	80.363899	80.579544	80.403374
79.4422	78.80542	79.41008	79.336624	79.710472	79.585831	78.667839	79.360962	79.315552	82.394539	84.920044	90.152916	100.0	94.658516	94.929291	86.286469	86.415421	86.723434	86.578239	86.739288	86.703888	86.738228	86.814285	86.338974	86.021233	86.317963	84.565948	85.395927	85.307777	83.91481	84.080765	83.754822	83.52803	83.948906	83.834824	83.898499	83.852707	83.3815	84.009155	83.720688	83.958252	84.025757	83.613373	84.290787	84.14537	84.214325	83.775482	83.991547	84.166672	83.907837	83.979187	83.865822	83.615448	83.80497	83.987442	84.312561	83.292419	83.840355	83.750679	83.5438	84.099533	84.112503	84.175415	84.780106	84.380768	84.511368	84.075516	84.263321	84.009773	83.930801	83.863045	83.670593	84.078003	84.039551	84.25444	84.112686	83.580521	83.991592	83.847397	83.175476	82.782959	82.747635	82.746033	82.779587	82.942001	82.764603	82.94574	83.18129	82.612854	82.60733	82.959846	82.952385	83.040482	82.933434	83.385185	83.609909	81.374802	81.281677	81.397575	81.438011	81.345551	81.404671	81.457306	81.336212	81.484077	81.298355	81.230469	81.27681	80.787926	80.758423	80.886604	80.807465	80.819351	80.920448	80.970093	80.828888	80.569168	80.708748	80.588776	80.630112	80.842407	81.148712	80.837097	80.914726	80.993736	81.145622	80.916916	81.043297	81.032166	81.037544	81.098663	80.956818	81.029869	80.641876	80.918457	81.133507	80.992813	81.053894	81.20842	81.086243	81.519028	81.776718	81.847672	81.922195	81.763626	81.818878	82.017067	82.344238	82.270889	82.263626	82.034286	82.395355	81.861641	81.786209	81.867348	81.904663	81.641663	81.53624	81.690872	81.670555	81.375946	81.340973	81.821503	81.710434	81.397247	81.606575	80.630966	81.00631	81.085213	80.92733	81.550049	81.020187	81.003532	80.652153	80.846115	80.80719	80.739815	80.720245	81.253647	81.326828	81.525009	81.083481	81.316605	81.139359	81.258133	81.274994	81.368973	81.334137	81.715889	81.84272	81.650391	81.290115	80.65033	80.617935	81.187576	81.066162	81.016144	80.934402	80.910904	80.777634	80.485718	80.51297	81.200035	81.341248	81.414391	81.668503	81.167	80.243401	80.397087	80.200035	80.462105	80.777573	80.169312	80.190437	80.26178	80.253601	80.113579	80.337151	80.450623	80.505295
79.299271	78.881615	79.467819	79.360649	79.712326	79.67485	78.786362	79.368774	79.384506	82.469635	84.89003	90.022598	94.658516	100.0	94.920326	86.344437	86.442673	86.753448	86.632095	86.800049	86.644577	86.807907	86.834175	86.338303	85.878387	86.306702	84.603546	85.465378	85.585541	83.940186	84.154076	83.932144	83.691841	84.121758	83.976425	83.94825	84.131721	83.436935	84.025253	83.771667	84.124535	84.070923	83.686935	84.375435	84.272537	84.303162	83.890793	83.995087	84.25634	84.031357	84.239319	84.029732	83.629303	83.979889	84.010452	84.264595	83.47998	84.028549	83.763138	83.653442	84.106522	84.13472	84.297134	84.720146	84.397797	84.666901	84.141556	84.211777	83.99231	84.01725	83.898788	83.89505	84.052231	84.116272	84.37001	84.167564	83.606865	84.057251	83.961967	83.351555	82.749596	82.780624	82.919662	82.88916	82.939331	82.820541	82.907211	83.180008	82.643234	82.601624	82.987625	83.072113	83.004814	83.001472	83.217255	83.505424	81.4617	81.48027	81.458221	81.561996	81.416245	81.432877	81.475533	81.489792	81.444626	81.348969	81.326782	81.363098	80.780396	80.863281	80.963562	80.845093	80.96167	81.038857	81.020691	80.77774	80.686142	80.781006	80.664299	80.709938	80.883919	81.258865	80.842918	81.014877	81.126526	81.196312	81.106781	81.091782	81.210693	81.192024	81.057037	80.943527	81.001007	80.71032	81.02594	81.139496	81.028641	81.189781	81.282074	81.200737	81.594231	81.884033	81.855835	81.953171	81.787903	81.873322	82.175598	82.351189	82.341919	82.382751	82.040398	82.365707	81.975876	82.064728	81.851959	81.948044	81.625931	81.530388	81.650284	81.80809	81.412201	81.391281	81.942276	81.693802	81.574875	81.703804	80.768051	80.956085	81.197769	81.055351	81.796967	81.022629	80.981812	80.758476	80.80896	80.840225	80.661636	80.897614	81.220261	81.564758	81.60038	81.030167	81.366745	81.348816	81.202301	81.205414	81.285492	81.428909	81.746437	81.856712	81.709625	81.264511	80.734154	80.814102	81.218216	81.0961	81.097649	81.033829	81.002556	80.794922	80.566971	80.522751	81.246376	81.463669	81.475616	81.750519	81.278671	80.320618	80.471725	80.195709	80.556709	80.918839	80.245636	80.273834	80.146278	80.272202	80.239433	80.485313	80.578247	80.589508
79.420822	78.840904	79.482628	79.459427	79.752213	79.707405	78.790405	79.391525	79.533226	82.67363	85.036819	90.186493	94.929291	94.920326	100.0	86.503738	86.582481	86.874641	86.752029	86.872765	86.782974	86.952087	86.958389	86.502075	86.170464	86.433083	84.79406	85.563034	85.565048	84.165115	84.264008	83.9888	83.843887	84.133232	84.116623	84.033836	84.243454	83.526627	84.106598	83.850861	84.272751	84.224289	83.713303	84.424355	84.357132	84.452477	83.926376	84.231537	84.390099	84.065231	84.292786	84.126923	83.63269	84.089203	84.122383	84.392174	83.475342	84.115387	83.762657	83.843552	84.307228	84.248146	84.32444	84.926224	84.65065	84.733818	84.246262	84.428864	84.063553	84.016068	84.014664	83.85878	84.100647	84.220398	84.307709	84.2649	83.774658	84.05513	83.933929	83.481422	82.895355	82.885109	82.928879	82.95285	83.008408	82.88472	83.141403	83.449783	82.788574	82.764603	83.157616	83.241501	83.132996	83.16098	83.47319	83.638718	81.492233	81.401909	81.499016	81.623047	81.516121	81.478973	81.691956	81.473709	81.629768	81.439278	81.44606	81.542679	80.948174	80.88501	81.108986	80.896965	81.12027	81.229996	80.999527	80.909225	80.682457	80.78334	80.699081	80.744049	80.893036	81.179977	80.911606	81.147118	81.029022	81.292145	81.20343	81.138893	81.243324	81.200089	81.06279	81.05275	81.134796	80.684402	81.12249	81.328865	81.185646	81.23291	81.289948	81.353119	81.702789	81.914322	82.055756	82.078171	81.863403	81.938553	82.210236	82.326408	82.357071	82.33757	82.175095	82.504379	82.022804	81.990303	82.080322	82.070236	81.714157	81.67186	81.825272	81.825485	81.611786	81.455139	81.953064	81.791939	81.610474	81.717316	80.782455	81.092514	81.275665	81.233978	81.687202	81.139641	81.054153	80.823318	80.841431	81.043747	80.811226	80.822571	81.287109	81.613495	81.736145	81.115486	81.383339	81.386871	81.324867	81.36274	81.415054	81.406921	81.912582	81.88623	81.813217	81.327446	80.782455	80.854523	81.225571	81.208969	81.097885	81.15802	80.982864	80.780754	80.705688	80.60788	81.334343	81.603378	81.54866	81.882843	81.344902	80.465393	80.573654	80.313713	80.605286	80.983131	80.312561	80.16922	80.218384	80.290298	80.315277	80.435532	80.593353	80.598404
79.05941	78.542953	79.412437	79.36721	79.66246	79.435669	78.542786	79.440498	79.331039	82.647415	86.093796	86.557907	86.286469	86.344437	86.503738	100.0	88.222702	89.090317	88.956375	89.038803	88.835617	89.10611	87.434891	87.206787	86.704735	87.034782	84.684387	85.583672	85.420044	84.242279	84.470871	84.248009	83.723351	84.393997	84.233749	84.251724	84.380745	83.794769	84.128868	83.945526	84.150864	84.111359	83.912949	84.614426	84.438309	84.499016	84.250565	84.340576	84.659424	84.284714	84.449768	84.061356	83.808891	84.411095	84.535675	84.486572	83.812683	84.286415	84.329514	83.924194	84.577026	84.592484	84.615448	85.264023	84.897392	84.929489	84.55101	84.407654	84.224945	84.250328	84.231308	84.162201	84.383606	84.222931	84.419907	84.441162	84.030838	84.328041	84.142044	83.50209	83.00589	82.879623	83.173447	83.074829	82.959023	83.006401	83.140671	83.129364	82.837372	82.677994	83.225266	83.337334	83.138725	83.226074	83.55854	83.654556	81.26741	81.315857	81.298096	81.318893	81.375168	81.28125	81.341454	81.30719	81.382477	81.324501	81.047241	81.236298	80.760452	80.700378	80.818672	80.705666	80.656166	80.805466	80.760956	80.71566	80.53241	80.596786	80.617706	80.476807	80.7173	80.976135	80.5755	80.942932	81.030609	81.095581	81.068352	81.060349	81.112587	81.004402	81.031311	80.975647	80.934753	80.641922	80.998337	81.012177	80.889999	81.14299	81.10421	81.102821	81.486877	81.772537	81.924713	81.971764	81.700089	81.819046	82.162888	82.305725	82.229996	82.332573	82.260895	82.196884	81.68084	81.819763	81.793793	81.876373	81.414436	81.530365	81.71431	81.527679	81.343124	81.39917	81.685875	81.429398	81.493378	81.569214	80.815781	81.040771	81.381027	80.975685	81.52179	80.976089	80.939728	80.748688	80.79924	80.867439	80.533478	80.67382	81.396278	81.620407	81.511368	81.063881	81.436462	81.247986	81.157013	81.223198	81.341057	81.36496	81.65181	81.886078	81.761597	81.239624	80.673294	80.648323	81.058846	80.865471	81.003891	81.104622	80.810425	80.561768	80.446129	80.257881	81.198601	81.408104	81.233849	81.484619	81.19696	80.205917	80.429428	80.249222	80.456497	80.759155	80.166351	79.992165	80.032318	80.010223	79.95163	80.190552	80.416641	80.347
79.154388	78.776718	79.402252	79.37558	79.736633	79.61705	78.75032	79.446846	79.397995	82.567078	85.816101	86.79483	86.415421	86.442673	86.582481	88.222702	100.0	89.425339	89.172729	89.321793	89.321587	89.7341	87.249298	86.869461	86.526672	86.814743	84.828293	85.560753	85.515442	84.410187	84.518707	84.28373	83.930122	84.372154	84.40062	84.252167	84.373169	83.763718	84.28289	84.083481	84.379974	84.377556	84.047958	84.765984	84.753662	84.566223	84.178253	84.30809	84.697159	84.281036	84.510269	83.994087	83.578339	84.2173	84.401932	84.408363	83.669815	84.177147	83.989899	83.95369	84.48053	84.624084	84.982132	85.539536	84.981522	85.156235	84.531265	84.338486	84.156761	84.074966	84.136734	83.965729	84.271858	84.340744	84.621826	84.449036	83.972969	84.289085	83.996506	83.47641	82.887024	82.850395	83.060196	82.987869	83.005264	82.901917	83.165543	83.27504	82.625595	82.675262	83.024506	83.300774	83.148109	83.21862	83.460663	83.654099	81.354828	81.186813	81.357559	81.380371	81.290039	81.361191	81.44397	81.215607	81.327515	81.364243	81.240913	81.281876	80.951454	81.06749	80.743896	80.876419	80.742531	81.046555	80.885376	80.873718	80.640076	80.779953	80.650284	80.607559	80.884781	81.074783	80.807495	81.0495	81.155884	81.250488	81.038147	80.941376	81.085327	81.056877	80.926559	80.935928	81.083694	80.679474	80.969734	81.204803	80.951317	81.086868	81.264214	81.142746	81.498688	81.923149	81.980377	82.019058	81.791916	81.903694	82.210739	82.37207	82.304306	82.432953	82.217468	82.294899	81.822227	81.94149	81.91143	81.970795	81.497902	81.660675	81.731552	81.692642	81.549866	81.451256	81.9534	81.761131	81.638382	81.694618	80.820511	81.099335	81.395493	81.121796	81.559906	80.991379	81.035614	80.81897	80.822075	80.852333	80.58606	80.680717	81.408356	81.541328	81.680473	81.137299	81.42263	81.182922	81.282501	81.266563	81.387527	81.289871	81.517212	81.954758	81.665573	81.228783	80.760422	80.741241	81.172562	81.063721	81.033005	80.904938	81.097809	80.577362	80.555603	80.31282	81.139084	81.446915	81.405846	81.699905	81.421608	80.22879	80.459503	80.542206	80.644363	80.867859	80.221115	80.12886	80.28006	80.177139	80.152267	80.329407	80.590126	80.569084
