375.213	375.201	375.209	375.241	375.197	1404402.5	29448.131	375.229	190045.3	2782676.3	376.37	375.169	375.184	375.223	375.239	375.242	375.198	375.227	375.196	375.203	375.199	29448.119	375.206	375.234	375.207	375.226	375.222	375.212	375.122	375.233	1037409.3	375.29	375.235	375.224	476282.6	375.231	375.183	375.228	375.232	375.225	1355477.134	1355477.144	1355477.58	375.245	375.253	375.243	375.205	1355477.55	1355477.38	1355477.86	1355477.89	1355477.87	1355477.88	375.208	375.251	375.238	375.249	1355477.69	224911.44	375.204	224911.5	1355477.29	2493093.3	858423.18	2599819.3	2599805.3	375.246	375.248	375.247	375.202	375.244	375.252	55395.4	1420727.4	1390131.5	1390119.4	1390132.4	108015.34	1390116.7	1043588.3	2782675.3	2782612.3	2782611.3	2782671.3	255045.57	2782630.3	2782633.3	754500.3	376.36	255045.56	2782624.3	2782666.3	83627.3	2876780.6	1355477.98	1038867.3	1855319.3	1325090.8	1325090.15	858423.19	1325111.3	1325112.3	1325095.3	2911011.5	2911010.5	858423.13	2597515.4	546899.3	936455.3	858423.14	244734.17	2171497.4	2171499.4	2170627.4	2171500.4	2171498.4	241591.3	1803665.3	1399419.3	167468.3	2590772.3	1325102.3	2782634.3	1325107.4	574727.4	993502.5	1404888.3	1404768.8	1404367.7	1404367.6	1179474.4	1325114.3	1300039.6	1300039.5	2782664.3	1325115.7	574934.3	709803.3	2035447.3	2926010.3	2926009.3	244734.18	244734.9	1404864.3	335659.3	1521768.3	2904800.6	722472.7	931866.3	722472.4	2840472.3	2840473.3	2840469.3	189873.4	1274631.4	2782658.3	858422.3	190148.11	722472.8	1437360.9	288000.8	2734909.5	114615.4	115808.6	2898149.3	1245469.3	1437360.8	113395.3	255045.4	1437360.11	722472.6	29448.122	375.195	29448.153	29448.123	29448.137	29448.145	29448.141	29448.135	29448.136	398525.22	29448.138	29448.151	29448.152	29448.147	1325083.3	29448.121	1275962.8	29448.133	29448.144	29448.134	29448.124	29448.139	29448.132	29448.143	375.211	29448.154	29448.149	29448.155	29448.156	29448.148	29448.142	2817702.3	2817703.3	2817701.3	29448.125	2817704.3	1783512.3	2817705.3	2817700.3	376.104	2715960.3	376.105	630921.8	1904807.3	2913970.3	1325120.3	1437360.5	2057741.8	1197460.4	1619232.5	83637.3	1325100.3
100.0	99.999626	99.773193	99.803757	99.782845	96.061378	96.170013	96.172989	95.82975	95.990311	95.981522	95.532097	95.508324	95.6017	95.601799	95.58757	95.612511	95.631599	95.632133	95.602814	95.592743	95.65625	95.643814	95.623474	95.632416	95.614487	95.616417	95.640045	95.544189	95.560135	95.56131	95.514328	95.520081	95.553299	95.432144	95.436661	95.502472	95.434906	95.446594	95.419121	90.252151	90.235611	90.247147	90.257538	90.246666	90.240891	90.211105	90.205017	90.219948	90.190521	90.233101	90.208603	90.204544	90.170197	90.175629	90.224716	90.226395	90.175858	90.174332	90.218231	90.178635	90.693703	89.609367	85.683022	89.065918	89.711517	89.746246	89.721573	89.730133	89.686493	89.727402	89.703735	88.128227	88.143288	88.098846	88.154724	88.162033	88.150047	88.151085	88.883133	88.884239	88.691833	88.607674	88.614685	88.630234	88.447884	88.591743	88.731033	88.764	88.750259	88.988998	89.330276	88.372627	88.13002	88.168976	88.079788	87.048096	87.288124	87.332886	88.302979	87.832596	87.581238	87.585098	87.428139	87.468369	88.918602	88.886246	88.864937	88.90667	88.874298	88.319847	88.33741	88.410446	88.355179	88.284836	88.333298	89.224548	88.980537	88.604431	88.019478	88.317627	88.047646	88.09584	88.412262	88.252411	89.070511	88.511078	88.749092	88.650452	88.619461	88.626572	88.503418	88.544067	88.563766	88.389633	88.195816	88.541168	88.539024	88.656471	89.412247	89.363571	89.461746	89.512665	89.169548	89.248451	79.934265	79.625488	82.267212	82.29068	82.283119	82.032936	81.933624	81.969406	81.581146	81.611191	81.703979	81.861832	82.055237	81.894836	81.78688	81.643753	81.933792	82.003998	82.063065	81.961838	81.946785	80.614075	81.642487	80.584129	81.619492	81.166809	83.010254	83.022888	82.976852	83.004997	82.996964	82.967682	83.303101	83.297043	83.357895	83.317184	83.032623	83.063866	83.007965	83.043442	82.962791	83.052429	83.049332	83.050591	83.023262	83.033813	83.003876	83.000702	83.04631	83.101532	83.069794	83.060013	83.110626	83.038223	82.916794	82.913246	82.903305	82.821945	82.886261	82.851204	82.84166	82.922905	82.802719	82.880127	82.906349	82.996216	82.965034	82.963821	82.83223	82.96492	83.147141	82.921196	82.907974	82.705612	82.971062	82.694992	83.138809	83.018608
99.999626	100.0	99.786209	99.820786	99.790848	96.073547	96.213394	96.170586	95.809845	95.98735	95.981255	95.538223	95.568359	95.650284	95.610855	95.592026	95.640121	95.661278	95.650482	95.685608	95.653931	95.656647	95.669525	95.656876	95.680984	95.66037	95.666275	95.640121	95.529404	95.57309	95.57122	95.577164	95.570236	95.586884	95.524323	95.520363	95.526848	95.522873	95.51355	95.499496	90.247208	90.241508	90.235298	90.22554	90.30098	90.301041	90.227242	90.217697	90.247131	90.258148	90.270035	90.190231	90.239182	90.183876	90.194626	90.203491	90.190918	90.181458	90.194183	90.260857	90.212128	90.725655	89.550461	85.658501	89.094475	89.735306	89.734108	89.736008	89.757256	89.683044	89.725967	89.735458	88.097229	88.10936	88.101913	88.112358	88.120071	88.141747	88.113182	88.90567	88.839447	88.606796	88.615074	88.624252	88.583694	88.407684	88.511421	88.708557	88.817505	88.725792	89.00235	89.25383	88.332672	88.162033	88.202606	88.079758	87.053947	87.249565	87.309113	88.26416	87.750023	87.575897	87.506973	87.434303	87.467102	88.867409	88.925705	88.881256	88.901611	88.869858	88.304375	88.346558	88.364105	88.309128	88.303314	88.342606	89.273491	89.011978	88.594589	87.968704	88.262711	88.021187	88.105309	88.409576	88.321381	88.989258	88.50647	88.687347	88.628296	88.632721	88.613235	88.471832	88.519005	88.575562	88.378815	88.200394	88.580276	88.536697	88.639282	89.365173	89.294022	89.461166	89.439415	89.177223	89.241867	79.927353	79.665161	82.180267	82.232971	82.205704	82.000198	81.967293	81.989441	81.574539	81.588455	81.724396	81.860199	81.989563	81.870163	81.759369	81.571754	81.942215	81.976532	82.019882	81.924255	81.893448	80.551834	81.648514	80.566666	81.648979	81.12616	83.062347	83.031403	82.996445	83.059326	83.046219	83.001648	83.350204	83.357849	83.352722	83.350243	83.066483	83.058792	83.032959	83.04776	82.996597	83.11689	83.101913	83.073509	83.018936	83.06459	83.061081	83.032928	83.096115	83.023636	83.083473	83.062889	83.112274	83.09948	82.922905	82.95311	82.887009	82.896164	82.877136	82.863464	82.817703	82.938538	82.899506	82.904999	82.941277	83.058144	83.008286	83.014877	82.745178	83.003448	83.128563	82.933823	82.890488	82.780823	82.989426	82.693008	83.103806	83.025528
99.773193	99.786209	100.0	99.993195	99.994011	96.178932	96.193924	96.132027	95.827179	96.001404	96.028595	95.511246	95.538528	95.610916	95.559319	95.581932	95.544327	95.561646	95.567268	95.577576	95.544037	95.576721	95.581863	95.568771	95.541687	95.567856	95.564682	95.557724	95.492462	95.560684	95.537361	95.533325	95.541985	95.57756	95.46022	95.458008	95.529541	95.414619	95.425659	95.414413	90.232613	90.180389	90.221069	90.19873	90.308167	90.228607	90.280594	90.315979	90.219635	90.185104	90.222244	90.199684	90.158493	90.159264	90.148048	90.231941	90.169678	90.126205	90.283432	90.24411	90.269501	90.740555	89.648132	85.659119	89.109833	89.699005	89.72641	89.672852	89.693581	89.653564	89.662468	89.649719	88.128792	88.15033	88.164703	88.160889	88.16378	88.164764	88.145828	88.882256	88.844986	88.635208	88.641541	88.621681	88.650696	88.499435	88.577667	88.701431	88.800392	88.75354	89.006279	89.273117	88.310394	88.214119	88.228394	88.076569	87.050003	87.315964	87.309395	88.173615	87.779922	87.536255	87.500534	87.426987	87.570786	89.018387	88.944534	88.984238	88.982147	88.955345	88.320786	88.346954	88.362747	88.35527	88.284386	88.304512	89.263512	89.059418	88.619049	88.024551	88.272797	88.067703	88.129478	88.399521	88.300781	88.784042	88.458267	88.701302	88.65889	88.694626	88.668732	88.498291	88.54924	88.58371	88.366043	88.225174	88.524246	88.593399	88.669327	89.480003	89.389366	89.451881	89.493866	89.222931	89.264412	79.957108	79.563034	82.263962	82.23848	82.255707	82.003494	81.942535	81.976746	81.613388	81.647217	81.718933	81.912666	82.018806	81.832359	81.82486	81.609581	81.935074	81.916977	82.02037	81.956818	81.885696	80.534103	81.605972	80.531143	81.592583	81.068344	83.138695	83.148254	83.071609	83.132095	83.109329	83.091248	83.379944	83.400772	83.452927	83.457802	83.068031	83.097946	83.080559	83.09021	83.00209	83.131119	83.184395	83.098297	83.103439	83.119415	83.074432	83.02993	83.120972	83.074661	83.129517	83.036453	83.127258	83.083687	82.952118	82.995033	82.932129	82.987	82.942123	82.912186	82.878197	82.994995	82.919212	82.941612	82.948036	83.021553	82.992538	82.970352	82.814079	82.996735	83.131775	82.937485	82.864883	82.780739	82.986404	82.643738	83.279465	83.035408
99.803757	99.820786	99.993195	100.0	99.990158	96.229355	96.186874	96.113693	95.760399	95.950439	95.990044	95.508331	95.5606	95.611206	95.584122	95.564148	95.57634	95.584198	95.578568	95.608948	95.583466	95.551941	95.573013	95.553886	95.554161	95.552643	95.560623	95.555725	95.544914	95.574921	95.569977	95.544525	95.521591	95.563293	95.476044	95.442184	95.526459	95.452896	95.420471	95.399734	90.258011	90.271027	90.274185	90.271912	90.358459	90.334976	90.397003	90.373863	90.277893	90.286514	90.292755	90.229919	90.201309	90.237	90.231888	90.260094	90.228088	90.217865	90.335709	90.377991	90.362366	90.779236	89.64357	85.611206	89.151711	89.734665	89.729141	89.728333	89.706573	89.679909	89.721794	89.716217	88.072548	88.093414	88.113922	88.141403	88.163864	88.119263	88.123886	88.858437	88.808846	88.618286	88.582047	88.575256	88.622498	88.42588	88.588966	88.675606	88.742859	88.690872	89.002502	89.247368	88.323502	88.20108	88.169754	88.074173	86.979645	87.246071	87.308052	88.219597	87.758392	87.549942	87.502609	87.423477	87.568321	88.954269	88.815552	88.892517	88.895264	88.883507	88.327019	88.327591	88.343765	88.342499	88.296921	88.292801	89.253372	89.005096	88.627808	87.955536	88.217514	88.0	88.057091	88.341576	88.244583	89.001274	88.438744	88.668152	88.690567	88.666908	88.682854	88.453827	88.505936	88.554153	88.356094	88.202515	88.520065	88.601959	88.624573	89.427307	89.330093	89.466354	89.504066	89.195709	89.260239	79.906738	79.686546	82.206268	82.220779	82.214729	82.020973	81.934326	81.936874	81.562431	81.608742	81.73175	81.917923	82.073517	81.879837	81.778816	81.58374	81.925598	81.927811	81.964935	81.93988	81.889122	80.536972	81.644302	80.537292	81.611176	81.129898	83.091644	83.117905	83.065857	83.103348	83.088821	83.088142	83.349777	83.377121	83.373245	83.392929	83.037872	83.057251	83.068115	83.109924	82.969193	83.129837	83.156342	83.094147	83.096802	83.091446	83.049759	83.029373	83.087822	83.067032	83.13208	83.068344	83.143036	83.012558	82.886353	82.892075	82.862839	82.882317	82.872299	82.869949	82.850182	82.963928	82.861824	82.902985	82.886703	83.008598	82.974167	82.949081	82.758942	83.003891	83.105972	82.963142	82.829285	82.749771	82.995819	82.673218	83.249557	82.954895
99.782845	99.790848	99.994011	99.990158	100.0	96.212563	96.18515	96.133057	95.79776	95.998672	96.038925	95.536163	95.553185	95.606857	95.615646	95.573746	95.576927	95.619202	95.605141	95.620735	95.582138	95.595863	95.587585	95.581009	95.575172	95.581337	95.566254	95.581894	95.527374	95.585678	95.537956	95.516968	95.562172	95.55188	95.439087	95.47319	95.539917	95.432999	95.436249	95.446579	90.294876	90.346786	90.324402	90.306953	90.360451	90.351509	90.35936	90.376144	90.321159	90.297287	90.340805	90.240097	90.21167	90.237007	90.2509	90.29229	90.264099	90.212051	90.3535	90.371002	90.360001	90.778046	89.695526	85.628113	89.113251	89.765404	89.775566	89.778351	89.758476	89.709663	89.69838	89.743866	88.13681	88.120422	88.148026	88.166794	88.160187	88.171814	88.145134	88.884094	88.843674	88.697037	88.617325	88.64653	88.670662	88.435051	88.604263	88.673111	88.787003	88.734848	89.011452	89.300858	88.369385	88.191559	88.174942	88.045235	87.00486	87.343742	87.355988	88.229507	87.784309	87.548431	87.477844	87.435074	87.614822	88.994812	88.901772	88.952309	88.952423	88.947975	88.322983	88.412109	88.351074	88.351212	88.296005	88.286987	89.219711	89.04689	88.644302	87.979172	88.273003	88.010071	88.10495	88.400818	88.260941	88.94075	88.497368	88.748192	88.656479	88.666832	88.651962	88.490921	88.490273	88.522156	88.354523	88.201942	88.533562	88.587479	88.631805	89.466553	89.355782	89.529022	89.504898	89.208313	89.245132	80.006264	79.667145	82.257172	82.227478	82.216393	82.039307	81.950912	81.979492	81.597801	81.615707	81.692413	81.876297	82.008484	81.870613	81.774139	81.583923	81.870361	82.007736	81.94194	81.93364	81.852814	80.556931	81.652802	80.515656	81.582321	81.24276	83.048798	83.039879	83.008545	83.087654	83.072105	83.06311	83.36351	83.365791	83.407669	83.32309	83.01651	83.0504	83.015129	83.05024	82.970566	83.08506	83.042	83.046722	83.06115	83.018372	82.997223	82.986771	83.035904	83.002975	83.049004	82.994957	83.122803	83.045471	82.883698	82.913803	82.899689	82.886452	82.847458	82.89772	82.818756	82.920586	82.855392	82.833481	82.88176	83.046425	83.030197	83.020966	82.771095	82.991676	83.131439	82.927452	82.905891	82.812813	82.988663	82.674942	83.214172	82.965927
96.061378	96.073547	96.178932	96.229355	96.212563	100.0	97.281883	97.291267	96.932846	97.099815	97.077446	96.605072	95.679405	95.550491	95.64772	95.622177	95.415092	95.42939	95.405205	95.391052	95.410294	95.388672	95.362267	95.411331	95.377426	95.384308	95.35997	95.3936	95.527931	95.564857	95.547249	95.540794	95.514153	95.552765	95.61673	95.631279	95.544815	95.603134	95.595261	95.591965	90.432762	90.496132	90.429932	90.481087	90.5271	90.590652	90.456039	90.482361	90.5522	90.495415	90.512901	90.453957	90.407906	90.50824	90.492172	90.562454	90.52375	90.419411	90.573982	90.55954	90.49382	90.590103	89.735657	85.698006	89.12162	89.956573	89.940689	89.947411	89.962097	89.931206	89.94796	89.888039	88.121956	88.152924	88.171921	88.144272	88.179657	88.227142	88.180389	88.952377	88.857635	88.654526	88.730286	88.732407	88.705528	88.489807	88.623871	88.785301	88.706245	88.810997	89.063606	89.347786	88.290558	88.208527	88.318756	88.061432	86.961288	87.157852	87.168304	88.253098	87.768372	87.469421	87.404495	87.419556	87.503929	88.951538	88.898239	88.946808	88.985214	88.958466	88.339249	88.345398	88.397209	88.387802	88.316391	88.356339	89.347641	89.02124	88.540787	88.053398	88.248367	88.034851	88.118958	88.403358	88.271141	89.017029	88.479912	88.649918	88.701187	88.745544	88.703972	88.399231	88.542938	88.557022	88.359909	88.099991	88.537033	88.626526	88.72834	89.452347	89.409492	89.466492	89.459686	89.248138	89.256393	79.95845	79.707336	82.149483	82.135918	82.136513	82.119759	81.918579	81.92868	81.577454	81.554596	81.770569	81.713715	81.979378	81.865532	81.756973	81.57148	81.890671	81.87941	82.02243	81.815552	81.865585	80.452156	81.510025	80.51078	81.580383	81.084396	83.222443	83.265892	83.225357	83.32563	83.277695	83.187111	83.751816	83.733383	83.728134	83.738907	83.247108	83.280212	83.258537	83.241104	83.127701	83.235397	83.23819	83.218704	83.300705	83.303436	83.292068	83.16275	83.163048	83.17157	83.309608	83.291649	83.324615	83.151955	82.914078	82.908997	82.902306	82.906784	82.890076	82.898361	82.775528	82.923721	82.889877	82.816605	82.843307	83.065796	83.014069	83.016502	82.837601	82.953819	83.117188	82.903496	82.809113	82.826698	82.876694	82.570702	83.122849	83.008606
96.170013	96.213394	96.193924	96.186874	96.18515	97.281883	100.0	99.999184	97.231117	97.323586	97.270157	96.891052	95.80188	95.714684	95.783112	95.753464	95.531906	95.545395	95.536522	95.53167	95.537247	95.513733	95.536148	95.535576	95.539276	95.517715	95.494781	95.504395	95.607559	95.667908	95.64769	95.649933	95.63105	95.649445	95.777184	95.76767	95.571487	95.71875	95.72731	95.703491	90.466446	90.48407	90.426346	90.445633	90.431656	90.451385	90.467117	90.403473	90.641281	90.640015	90.641769	90.501709	90.472961	90.616241	90.612854	90.64621	90.602882	90.391205	90.44928	90.445229	90.411018	90.065201	89.721085	85.794266	89.199455	90.079483	90.06768	90.102966	90.103241	90.064804	90.078705	90.026184	88.263474	88.307152	88.368073	88.395851	88.335785	88.351288	88.33181	89.051247	88.972672	88.819611	88.799164	88.784073	88.818222	88.665375	88.770767	88.843048	88.907516	88.988068	89.182556	89.339882	88.361626	88.38623	88.466782	88.181534	87.182854	87.378441	87.421722	88.319336	87.970612	87.696022	87.623055	87.525177	87.543121	89.241898	89.159088	89.131012	89.173889	89.181892	88.449234	88.4711	88.510559	88.450356	88.492065	88.492767	89.472656	89.166672	88.772797	88.318726	88.453552	88.223236	88.147415	88.654373	88.504852	89.056824	88.704468	88.82515	88.825485	88.873062	88.829712	88.676773	88.672783	88.7369	88.483376	88.346313	88.622475	88.780701	88.859375	89.570541	89.47551	89.630157	89.59523	89.432831	89.402458	79.945618	79.649055	82.319603	82.326187	82.284622	82.150742	81.971497	81.889801	81.687561	81.659332	81.913925	81.754509	82.11528	82.01783	81.801163	81.602142	81.9375	82.026657	82.01017	81.852936	81.9328	80.615341	81.608276	80.5783	81.536255	81.139465	83.060196	83.097923	83.044312	83.112534	83.148346	83.086288	83.120132	83.147842	83.123505	83.14933	83.120377	83.118515	83.121765	83.126678	83.0681	83.129288	83.095856	83.121185	83.057968	83.121399	83.099121	83.100525	83.084465	83.008087	83.012833	83.062241	83.088257	83.147491	82.984886	82.96521	82.944107	82.906326	82.912842	82.863861	82.850113	82.920525	82.926048	82.965622	82.942543	83.022949	82.964989	82.934723	82.849617	83.054306	83.152473	82.939026	82.980553	82.821533	82.886169	82.650742	83.086555	83.090294
96.172989	96.170586	96.132027	96.113693	96.133057	97.291267	99.999184	100.0	97.256104	97.299591	97.27832	96.895386	95.812485	95.701973	95.773911	95.784142	95.544312	95.537186	95.575951	95.564621	95.542961	95.545074	95.535507	95.530624	95.541931	95.535202	95.531586	95.51683	95.643967	95.643547	95.627434	95.644379	95.635002	95.650375	95.766083	95.755966	95.577423	95.702087	95.713539	95.735832	90.514282	90.50441	90.488708	90.492188	90.505402	90.478577	90.491112	90.455017	90.699089	90.616791	90.649834	90.515724	90.500366	90.600746	90.595245	90.62439	90.61322	90.38382	90.454185	90.47731	90.459129	90.063705	89.712097	85.774849	89.229851	90.094055	90.056046	90.116867	90.102112	90.071098	90.068863	90.031281	88.253098	88.371819	88.388229	88.407211	88.426323	88.413872	88.396133	89.037643	89.011948	88.820244	88.779312	88.810928	88.784271	88.692253	88.791214	88.861984	88.902115	88.99662	89.111473	89.41243	88.390999	88.32476	88.45726	88.173126	87.176224	87.396515	87.419312	88.370468	87.938705	87.751595	87.675827	87.611374	87.577225	89.195625	89.184372	89.135742	89.137802	89.135178	88.449173	88.511299	88.48027	88.488281	88.456528	88.473511	89.413834	89.222488	88.80571	88.289978	88.457565	88.270493	88.229912	88.646538	88.493744	89.094315	88.722031	88.830322	88.816696	88.835648	88.774292	88.632187	88.672394	88.704002	88.433411	88.373367	88.612289	88.787796	88.905502	89.608391	89.512146	89.648819	89.618454	89.383118	89.364426	79.992325	79.690979	82.294067	82.28833	82.309036	82.17038	82.023712	81.889725	81.695831	81.669205	81.828094	81.798645	82.105225	81.949875	81.786331	81.675575	82.028244	81.959999	82.068314	81.837685	81.945114	80.637421	81.666168	80.605141	81.667122	81.10643	83.087463	83.081924	83.051079	83.127945	83.144958	83.05014	83.13295	83.14595	83.098251	83.1362	83.07563	83.096611	83.086845	83.081032	83.069244	83.070496	83.073273	83.078018	83.090614	83.148758	83.140511	83.071289	83.053871	83.049919	83.029785	83.134087	83.129311	83.088593	82.932892	82.960907	82.911652	82.919708	82.914963	82.907867	82.826981	82.939674	82.974998	82.965698	83.006554	83.0028	82.99572	82.967018	82.946449	82.976852	83.160545	82.961426	83.047958	82.858185	82.916138	82.697525	83.112793	83.049408
95.82975	95.809845	95.827179	95.760399	95.79776	96.932846	97.231117	97.256104	100.0	99.882462	97.332642	96.876083	95.348457	95.2976	95.363037	95.380463	95.038483	95.089157	95.091156	95.069824	95.055328	95.062195	95.076523	95.074982	95.074127	95.085167	95.109032	95.094147	95.263702	95.295532	95.281769	95.282364	95.261047	95.310272	95.350067	95.346184	95.033676	95.214661	95.245026	95.249329	89.75412	89.760269	89.738968	89.781891	89.79953	89.804588	89.783913	89.758675	89.740128	89.717628	89.74733	89.756058	89.750153	89.772079	89.787071	89.779007	89.694923	89.736694	89.723907	89.758492	89.745117	89.664886	89.740707	85.770164	89.230057	89.112045	89.0	89.039383	89.03685	89.081573	89.058502	89.037292	88.386536	88.319244	88.333031	88.341866	88.370071	88.378082	88.378922	88.971886	88.989471	88.97654	88.901398	88.881927	88.835617	88.752075	88.770897	88.864136	88.861649	88.903381	89.102768	89.360764	88.313309	88.405396	88.39624	88.147697	87.210686	87.403992	87.433708	87.938278	87.881004	87.68425	87.625214	87.538559	87.47477	89.148773	89.134262	89.218765	89.220589	89.261971	88.405792	88.43605	88.433563	88.433517	88.424744	88.410187	89.380142	89.16378	88.735168	88.268631	88.342117	88.179398	88.285843	88.574249	88.518692	88.208679	88.614555	88.749069	88.799904	88.81543	88.770256	88.630615	88.700073	88.692978	88.3974	88.277908	88.594963	88.64447	88.801506	89.55043	89.501587	89.626877	89.612701	89.304749	89.315094	79.995636	79.626701	82.110313	82.164047	82.14724	82.000305	81.96991	81.858292	81.688599	81.752533	82.139961	81.79631	82.078491	81.943695	81.81591	81.658813	81.950737	81.867325	82.056145	81.948013	81.989334	80.530762	81.701088	80.506699	81.585388	81.156799	83.002769	82.991486	82.976074	82.953957	83.014587	82.956253	82.997772	82.945541	82.969955	82.976486	82.99276	82.992256	82.950943	82.925667	82.92363	82.935516	82.968925	82.89241	82.870987	82.961449	82.932343	82.92382	82.979065	82.970383	82.919632	82.95195	82.96727	82.910828	82.888908	82.927956	82.916573	83.0317	83.005089	82.967987	82.891464	82.93644	82.930786	82.973938	83.001938	82.994667	82.931671	82.906021	82.875473	83.004074	83.169624	83.000763	82.883575	82.860733	82.930496	82.665298	83.146904	83.065163
95.990311	95.98735	96.001404	95.950439	95.998672	97.099815	97.323586	97.299591	99.882462	100.0	97.412537	97.151245	95.43544	95.449158	95.428703	95.46106	95.265137	95.338264	95.287079	95.290558	95.287323	95.266449	95.24649	95.283089	95.269165	95.259102	95.248413	95.252502	95.383743	95.389389	95.422501	95.409622	95.39772	95.407776	95.426987	95.457352	95.258148	95.340393	95.361862	95.376556	89.91555	89.888916	89.844826	89.877014	89.864944	89.882065	89.894165	89.903366	89.899643	89.834183	89.9021	89.876343	89.880035	89.863358	89.857254	89.824158	89.845955	89.916389	89.869545	89.900375	89.900368	89.739159	89.825943	85.843063	89.202034	89.125931	89.06369	89.096977	89.056595	89.066071	89.067764	89.034592	88.46698	88.415649	88.423027	88.444115	88.439117	88.431915	88.441521	88.988815	88.934929	88.898422	88.836685	88.838303	88.812607	88.691109	88.798599	88.909081	88.847137	88.904106	89.101395	89.385132	88.371918	88.478493	88.500229	88.275482	87.198624	87.411125	87.472099	88.050247	87.96727	87.753563	87.695572	87.535629	87.534485	89.253006	89.2388	89.332687	89.311661	89.326233	88.417297	88.444168	88.428619	88.416641	88.406403	88.448853	89.398529	89.266968	88.843628	88.337906	88.410507	88.310471	88.342392	88.65332	88.635971	88.274284	88.644638	88.782715	88.832962	88.859764	88.805069	88.679153	88.726639	88.724564	88.421051	88.317261	88.713272	88.761353	88.850815	89.579056	89.542633	89.61068	89.618401	89.372314	89.405594	79.968719	79.578285	82.132126	82.101746	82.184265	82.066696	81.989624	81.919098	81.737488	81.722504	81.95121	81.791473	82.064453	81.970337	81.797256	81.693939	81.884369	81.803528	82.038315	81.850395	81.903275	80.487411	81.630188	80.467697	81.54673	81.182945	82.977287	82.962379	82.956619	83.000107	82.979294	82.973495	82.996094	82.963943	83.01503	82.981094	83.053917	83.022659	83.025291	82.954483	82.950668	82.901772	82.945412	82.898376	82.87854	82.980713	82.927063	82.922493	82.952255	82.980171	82.944832	82.951439	82.989403	82.951691	82.938408	82.970177	82.966385	82.976112	82.925407	82.881638	82.857559	82.848595	82.97036	82.844193	82.870529	82.980179	83.010025	82.951767	82.902893	83.025879	83.077728	82.939133	82.947968	82.794518	82.869568	82.60437	83.091431	83.110802
95.981522	95.981255	96.028595	95.990044	96.038925	97.077446	97.270157	97.27832	97.332642	97.412537	100.0	99.179802	95.456879	95.461609	95.436295	95.381393	95.291092	95.325089	95.316635	95.301987	95.305481	95.299667	95.320663	95.29393	95.290504	95.291992	95.292587	95.273499	95.408142	95.398682	95.374939	95.375549	95.39933	95.42688	95.392258	95.391312	95.314445	95.348068	95.389282	95.360283	89.821945	89.823128	89.80751	89.806351	89.802643	89.897842	89.843269	89.831413	89.887199	89.826645	89.887764	89.838028	89.87738	89.809593	89.838913	89.802185	89.834793	89.826134	89.78479	89.839264	89.862473	89.760788	89.856659	85.865341	89.152443	89.181053	89.037819	89.06488	89.097778	89.026505	89.06131	89.007263	88.39801	88.375092	88.349533	88.390869	88.366913	88.406723	88.424347	88.960617	88.975021	88.933372	88.891602	88.896408	88.898781	88.789711	88.852997	88.997864	88.871689	88.996246	89.106293	89.401543	88.387283	88.387527	88.453796	88.335983	87.269547	87.489334	87.515732	88.039429	88.029678	87.749664	87.70517	87.623924	87.658157	89.332275	89.235306	89.370293	89.356575	89.372787	88.41188	88.48204	88.435883	88.4431	88.440948	88.42009	89.429207	89.229965	88.902946	88.332687	88.445953	88.338058	88.337059	88.617874	88.713715	88.224983	88.587234	88.829201	88.865234	88.872932	88.798744	88.677635	88.773209	88.777267	88.475861	88.307327	88.649323	88.781425	88.802238	89.647171	89.586746	89.723755	89.73439	89.34314	89.397476	79.992882	79.684341	82.322052	82.265076	82.25042	82.132538	82.047768	81.988434	81.750458	81.741669	82.014458	81.81498	82.248474	81.970314	81.886093	81.700912	81.959732	81.939293	82.120728	81.899017	81.982513	80.535835	81.698822	80.599205	81.695648	81.142937	83.008789	83.007889	83.014496	83.012817	82.961609	82.940399	83.06752	82.951126	83.035233	83.005554	83.058075	83.051163	83.067886	82.992844	82.997421	82.973419	83.002533	82.984879	83.041946	82.973694	82.973053	82.950928	82.990562	82.952637	82.972794	83.005936	82.993507	82.955658	82.936523	82.990799	82.936737	82.987808	83.012543	82.99585	82.878586	82.886581	83.024658	83.005447	83.020592	83.082565	83.049927	82.993393	83.034637	83.106628	83.254822	83.041824	83.004074	82.870583	82.878906	82.685326	83.105164	83.18557
95.532097	95.538223	95.511246	95.508331	95.536163	96.605072	96.891052	96.895386	96.876083	97.151245	99.179802	100.0	95.020645	95.028946	95.020218	94.999756	94.770691	94.844727	94.772324	94.795151	94.818375	94.774078	94.8181	94.785477	94.744751	94.7939	94.775597	94.801476	94.96347	95.041534	95.001144	95.053162	94.976898	95.031418	94.903442	94.918243	94.82193	94.920715	94.921303	94.880249	89.57328	89.629646	89.58519	89.567276	89.595734	89.656624	89.586853	89.615021	89.625404	89.551796	89.611969	89.580933	89.592903	89.553703	89.543739	89.549988	89.568405	89.608795	89.547127	89.533607	89.569794	89.50943	89.583023	85.713661	89.190453	89.002487	88.901009	88.943092	88.949417	88.921158	88.915558	88.897705	88.202759	88.229736	88.221954	88.264359	88.241425	88.250473	88.268936	88.948723	88.877014	88.753029	88.741135	88.741287	88.809837	88.624504	88.668625	88.87149	88.883888	88.91864	89.065399	89.373428	88.313705	88.261002	88.320122	88.151917	87.159042	87.421364	87.400406	87.893906	87.901276	87.587433	87.52124	87.490845	87.574913	89.120758	89.037827	89.072227	89.103539	89.024879	88.443054	88.511047	88.483307	88.52626	88.435944	88.411057	89.41777	89.15036	88.655365	88.053329	88.350571	88.14624	88.266174	88.384583	88.453247	88.093842	88.557014	88.745094	88.842422	88.82795	88.813568	88.551819	88.758179	88.796043	88.44548	88.169128	88.558037	88.736908	88.828674	89.499756	89.531906	89.63118	89.590424	89.304993	89.287292	79.947166	79.684219	82.18541	82.205887	82.213493	82.246902	82.069496	81.997681	81.72213	81.660759	82.071899	81.732422	82.206055	82.014816	81.962257	81.631279	81.930725	81.884811	81.984848	81.837769	81.895676	80.545837	81.701607	80.546371	81.588737	81.133911	82.963799	83.008545	82.956711	82.953728	82.98819	82.960297	83.079681	83.008469	83.07254	83.082176	83.045151	82.929382	82.964828	82.954773	82.970467	82.915955	82.959198	82.892715	82.88755	83.053146	83.011177	83.02272	83.056396	82.997635	82.94873	83.010071	83.030075	82.960899	82.851601	82.902641	82.889557	83.067719	83.057617	82.989273	82.893829	82.971191	82.93335	82.971184	82.984436	83.041351	83.021629	82.992294	82.958405	83.001793	83.221657	83.006454	82.964951	82.879105	82.974777	82.704132	83.26149	83.185318
95.508324	95.568359	95.538528	95.5606	95.553185	95.679405	95.80188	95.812485	95.348457	95.43544	95.456879	95.020645	100.0	98.189644	98.481773	98.474953	96.908318	96.944046	96.935394	96.927231	96.917976	96.943939	96.974487	96.95842	96.911583	96.948776	96.927467	96.931274	97.173607	97.148537	97.13652	97.172981	97.169052	97.175217	97.173149	97.21299	97.009857	97.163551	97.177338	97.153877	90.913712	90.890366	90.910309	90.860168	90.783829	90.957245	90.678513	90.656311	90.956619	91.017807	91.05632	90.976379	91.007553	91.018532	91.041443	90.965561	90.9841	90.793526	90.904648	90.894028	90.87529	90.181839	89.715759	85.812172	89.230042	90.573914	90.519028	90.49144	90.521606	90.471954	90.508736	90.473022	88.263527	88.252876	88.278633	88.230469	88.275269	88.296112	88.319855	88.978882	88.924088	88.765808	88.778381	88.790878	88.788803	88.565971	88.648407	88.828285	88.804718	88.835487	89.08075	89.374557	88.389351	88.379395	88.472137	88.169861	87.154251	87.454208	87.464142	88.514175	87.958771	87.727829	87.634521	87.49482	87.459579	89.349442	89.099426	89.191925	89.18425	89.174896	88.456009	88.486221	88.509598	88.485703	88.451584	88.51358	89.296844	89.202026	88.676331	88.142349	88.472	88.263168	88.145752	88.576721	88.465103	89.654877	88.653595	88.855667	88.826553	88.841873	88.82254	88.646088	88.712296	88.690613	88.495636	88.337303	88.7136	88.782715	88.832497	89.458206	89.435089	89.581345	89.585373	89.276665	89.325302	79.954819	79.779808	82.126755	82.180176	82.184067	82.075233	82.062668	82.015793	81.674301	81.639496	81.825562	81.786552	82.0569	81.859489	81.778427	81.747238	81.986542	81.967766	82.094467	81.92807	81.973038	80.452202	81.563202	80.603363	81.522491	81.153687	83.806068	83.823891	83.745804	83.7948	83.897507	83.780685	83.724968	83.671165	83.756287	83.720886	83.845024	83.835739	83.823196	83.824448	83.719872	83.771034	83.812653	83.725922	83.721039	83.813301	83.790306	83.593369	83.656464	83.67157	83.778503	83.723503	83.767685	83.764679	83.126724	83.176331	83.155746	83.012482	82.965515	82.952324	82.914124	83.01902	82.905914	82.952263	82.964005	83.127884	83.095657	83.02874	82.897552	83.110535	83.187988	82.900787	82.926376	82.804916	82.914551	82.741974	83.142242	83.138519
95.6017	95.650284	95.610916	95.611206	95.606857	95.550491	95.714684	95.701973	95.2976	95.449158	95.461609	95.028946	98.189644	100.0	99.414444	99.425232	96.948624	96.928162	96.935577	96.920898	96.919762	96.940491	96.937988	96.947937	96.937729	96.932053	96.930351	96.937424	97.092361	97.087753	97.067772	97.075035	97.074722	97.084503	97.050743	97.026932	96.955612	96.973198	96.971954	96.99218	90.780319	90.757248	90.815956	90.796982	90.797974	90.814301	90.580032	90.580383	90.958176	91.0205	91.027405	90.939453	90.900101	91.033783	91.048073	91.004135	91.032524	90.835464	90.862717	90.872398	90.849655	90.227303	89.830246	85.746094	89.2164	90.580841	90.489784	90.492813	90.53701	90.514938	90.47213	90.469238	88.185547	88.187592	88.238411	88.204643	88.208572	88.228745	88.265259	89.050598	88.936531	88.719391	88.735123	88.717323	88.698959	88.525772	88.686172	88.790421	88.808533	88.865402	89.066963	89.39032	88.380653	88.311478	88.353249	88.250275	87.116356	87.389824	87.45549	88.472	87.912827	87.733627	87.613831	87.56562	87.504837	89.179291	89.097626	89.184418	89.177048	89.130814	88.485764	88.548599	88.521027	88.536621	88.539215	88.501778	89.300339	89.178223	88.762825	88.063522	88.447235	88.152222	88.167633	88.53418	88.49501	89.561607	88.575905	88.781586	88.804749	88.857986	88.84964	88.605988	88.63327	88.727859	88.433136	88.330017	88.709457	88.72728	88.873825	89.584473	89.458923	89.61348	89.600746	89.242836	89.286224	79.974075	79.712646	82.206772	82.214874	82.266045	82.065201	82.05748	82.036911	81.678864	81.608765	81.854965	81.78157	82.109772	81.847565	81.737297	81.672226	81.982094	82.021759	82.182732	81.874374	81.931351	80.538971	81.508499	80.523048	81.57637	81.149002	83.847412	83.815231	83.762299	83.868179	83.846725	83.81076	83.569176	83.589539	83.575516	83.610588	83.76767	83.83609	83.840118	83.8414	83.675735	83.787621	83.745651	83.671783	83.702209	83.757088	83.789474	83.583572	83.665825	83.605392	83.776955	83.723114	83.790726	83.747528	83.076324	83.091202	83.076065	83.026672	82.993683	83.035004	83.03743	83.056686	82.996857	83.000076	83.029999	83.110931	83.040848	82.97699	82.890701	83.143318	83.245728	82.965294	82.952881	82.803947	82.940216	82.691971	83.134979	83.16555
95.601799	95.610855	95.559319	95.584122	95.615646	95.64772	95.783112	95.773911	95.363037	95.428703	95.436295	95.020218	98.481773	99.414444	100.0	99.999138	96.844246	96.829575	96.841675	96.846954	96.856323	96.844757	96.831818	96.825653	96.829079	96.837723	96.850098	96.84845	97.149658	97.119194	97.114677	97.105591	97.11879	97.147095	97.145889	97.178726	96.92038	97.145447	97.166	97.17218	90.811661	90.835915	90.806335	90.833557	90.74147	90.874619	90.608704	90.560654	90.987808	91.057205	91.041061	90.894943	90.936447	91.030663	91.023346	91.008911	91.011276	90.802399	90.865822	90.867073	90.835228	90.205124	89.792755	85.736893	89.219742	90.552147	90.521133	90.515472	90.506317	90.465324	90.481552	90.467667	88.275139	88.226379	88.21479	88.255142	88.223907	88.279831	88.253441	88.978737	88.99556	88.772949	88.732193	88.732117	88.714111	88.556686	88.686951	88.784012	88.838348	88.867844	89.081421	89.352676	88.417725	88.333817	88.353615	88.231514	87.208908	87.397507	87.381096	88.487656	87.93499	87.709686	87.638123	87.517151	87.544724	89.319206	89.124435	89.228119	89.226273	89.230659	88.509171	88.535706	88.546204	88.536255	88.584526	88.546005	89.292366	89.146973	88.732239	88.101578	88.5252	88.239746	88.118858	88.521866	88.486801	89.670876	88.57061	88.827499	88.836472	88.82901	88.820755	88.60598	88.686066	88.723373	88.445618	88.311386	88.696777	88.760437	88.858261	89.519669	89.429337	89.615417	89.653183	89.28421	89.335526	79.967766	79.6689	82.255997	82.234604	82.228333	82.152817	82.033882	82.094322	81.680176	81.6586	81.79763	81.816116	82.051636	81.890137	81.744644	81.763313	82.000351	82.021347	82.095535	81.944595	82.000504	80.507355	81.575272	80.526855	81.526917	81.163116	83.768661	83.749069	83.710526	83.763428	83.804626	83.779648	83.568741	83.589424	83.611908	83.652557	83.755783	83.759117	83.764221	83.782852	83.70578	83.73201	83.797943	83.736984	83.74115	83.747635	83.784599	83.559456	83.626091	83.600311	83.744705	83.648956	83.768166	83.732422	83.058861	83.057632	83.046234	82.988281	83.006569	83.009224	82.965172	83.049866	82.96022	82.981926	82.996124	83.109146	83.122269	83.03476	82.925797	83.114853	83.251343	83.004639	83.073715	82.909302	82.923294	82.769402	83.215469	83.212646
95.58757	95.592026	95.581932	95.564148	95.573746	95.622177	95.753464	95.784142	95.380463	95.46106	95.381393	94.999756	98.474953	99.425232	99.999138	100.0	96.876472	96.836594	96.846474	96.868568	96.871872	96.827232	96.864868	96.837341	96.829254	96.86235	96.860672	96.843033	97.161942	97.160278	97.146194	97.13765	97.173164	97.169266	97.177551	97.179817	96.922028	97.150528	97.171738	97.168137	90.790863	90.784714	90.814911	90.776215	90.789291	90.860489	90.553864	90.569458	90.951385	91.042252	91.022934	90.907997	90.936752	91.019859	91.004532	90.992371	90.996857	90.760239	90.851059	90.831207	90.820618	90.204376	89.811676	85.782364	89.183769	90.499878	90.46669	90.452377	90.487503	90.450195	90.402664	90.39447	88.245003	88.208557	88.225693	88.233154	88.242081	88.245979	88.299026	89.047058	89.000633	88.752197	88.734406	88.74543	88.742172	88.539139	88.722969	88.769318	88.847237	88.848793	89.063095	89.381516	88.450363	88.306061	88.347351	88.292725	87.177864	87.427261	87.43515	88.48732	87.935722	87.681503	87.608582	87.524277	87.536217	89.304214	89.091293	89.201218	89.206345	89.165436	88.439377	88.47271	88.540741	88.497208	88.522125	88.534225	89.302223	89.181137	88.757385	88.166122	88.458771	88.211411	88.113525	88.538528	88.452316	89.671738	88.59362	88.765213	88.885971	88.858246	88.846893	88.607903	88.709938	88.72319	88.474289	88.327499	88.722595	88.729988	88.802032	89.568542	89.518082	89.607307	89.651985	89.315018	89.317863	79.963684	79.706421	82.198868	82.177429	82.263306	82.079483	82.062973	82.055481	81.691925	81.60553	81.846863	81.792931	82.052017	81.801743	81.71048	81.736626	82.02549	82.07325	82.10788	81.954987	81.952271	80.522087	81.583511	80.633545	81.538834	81.168373	83.815453	83.786011	83.68187	83.74263	83.804085	83.762955	83.592148	83.510315	83.546623	83.538933	83.750336	83.749725	83.765747	83.777069	83.735146	83.758224	83.767754	83.691154	83.730225	83.787643	83.736702	83.579765	83.622223	83.602959	83.715607	83.681259	83.755325	83.718506	83.07048	83.054825	83.033073	83.004349	83.061447	83.010635	83.004456	83.083771	82.996918	83.026291	83.039169	83.158737	83.087265	82.975845	82.974525	83.117477	83.273811	82.995026	83.023766	82.862923	82.916145	82.724136	83.16124	83.219635
95.612511	95.640121	95.544327	95.57634	95.576927	95.415092	95.531906	95.544312	95.038483	95.265137	95.291092	94.770691	96.908318	96.948624	96.844246	96.876472	100.0	99.994217	99.99791	99.996735	99.993942	99.996231	99.997002	99.994011	99.992043	99.992645	99.995697	99.994522	98.612518	98.56881	98.591713	98.59111	98.605362	98.620071	98.299164	98.274643	98.712448	98.673492	98.655457	98.657486	90.90062	90.911102	90.952911	90.956009	90.842606	91.002121	90.640419	90.592125	90.885994	90.860916	90.887886	90.968826	90.98027	90.838531	90.841476	90.828934	90.845154	90.7668	90.872284	90.912781	90.896057	90.590057	89.87471	85.746582	89.178856	90.29361	90.182922	90.189514	90.19223	90.187752	90.147614	90.129692	88.206985	88.186104	88.152176	88.218987	88.24337	88.226044	88.228783	88.919205	88.88028	88.731239	88.657318	88.679413	88.622787	88.465721	88.689957	88.798515	88.766891	88.77478	89.074928	89.352203	88.37822	88.271851	88.370026	88.165924	87.099228	87.441551	87.470314	88.322411	87.939224	87.736633	87.63224	87.501244	87.470627	89.102051	88.982513	89.061768	89.086792	89.032196	88.490128	88.500053	88.489822	88.470947	88.478439	88.481094	89.247498	89.145905	88.695419	88.049728	88.443901	88.10556	88.107101	88.497604	88.445381	89.429398	88.562576	88.765251	88.763275	88.75885	88.742561	88.584572	88.648384	88.629379	88.413086	88.306839	88.653	88.701721	88.798889	89.470642	89.456329	89.545219	89.538361	89.248535	89.319992	79.944046	79.713776	82.179794	82.177017	82.213287	82.070572	82.062103	82.066399	81.622665	81.656708	81.810738	81.916634	82.016342	81.85714	81.784286	81.778336	81.885498	81.927261	82.06987	81.954323	81.907227	80.476921	81.658478	80.457977	81.546417	81.068909	83.855782	83.861992	83.846283	83.877991	83.845627	83.892303	83.772614	83.694153	83.730362	83.811661	83.827835	83.873276	83.82692	83.844467	83.749939	83.869873	83.878677	83.800323	83.822876	83.819717	83.847168	83.665955	83.694489	83.622803	83.845543	83.761757	83.827454	83.709732	83.040131	83.061554	82.983948	83.052872	83.064041	83.078644	82.949203	83.002289	82.927704	82.967072	83.018524	83.057419	83.071579	82.97525	82.925247	83.063553	83.150253	82.966232	82.995636	82.888397	82.914948	82.619781	83.049149	83.116844
