1408.269	2683680.3	561879.176	293387.40	1178537.6	561879.216	561879.307	1408.135	2831519.3	1408.522	1408.93	1408.517	293387.291	1408.293	293387.345	293387.281	1408.132	561879.11	561879.67	561879.17	561879.19	1408.568	1408.258	315750.8	1408.260	1408.111	1408.387	1408.193	1408.523	1408.472	561879.246	561879.50	561879.306	1408.91	293389.28	293387.105	293387.278	293389.10	2842458.3	561879.228	135461.224	1178540.18	1452.98	1452.112	1452.100	260554.78	1423.1688	72361.9	1052585.4	72361.11	1423.767	1423.1069	483913.181	1423.1323	1423.1972	692420.6	492670.225	659243.35	1648923.265	1648923.36	1402.142	1664069.7	119858.6	2762329.3	1423.2296	655816.3	227866.22	2809036.3	135461.178	1423.433	2487276.10	2715209.8	1239783.5	1390.498	2026193.15	1396.3701	2846779.3	1405.234	1405.233	1428.335	1392.1050	2026188.28	2026186.116	222523.6	2026189.16	1890302.154	2026190.16	2026191.6	1428.1400	155322.285	580165.53	1396.149	64104.126	2760090.3	2884832.3	2884833.3	2589818.4	2682541.3	1476724.4	2884834.3	2709784.3	2795526.3	1581038.3	2666127.3	486398.3	1565991.4	98228.3	1441095.3	1471.38	352858.3	2728853.3	1742359.7	2052936.3	1479.5	1547283.3	1705566.3	1679167.3	1783501.3	2011012.3	2014076.3	1455.14	2748178.3	1983719.3	1367477.3	2587848.3	2672567.5
100.0	89.609695	92.229698	89.327103	89.592789	92.368149	92.347534	99.306351	89.478889	99.350197	89.462555	99.102661	89.46273	89.460548	89.409508	89.465446	89.391327	92.245346	92.237457	92.21875	92.312805	91.63253	93.526566	94.506073	94.490524	95.043396	95.027466	95.589684	95.506912	98.499496	92.280441	92.165375	92.200439	89.441109	89.528717	89.451645	89.465393	89.436646	92.266731	92.250999	78.929871	91.563889	79.103531	79.002655	79.104019	78.939667	0.0	78.692024	78.92337	78.840828	78.78463	0.0	0.0	0.0	0.0	0.0	0.0	0.0	0.0	0.0	0.0	0.0	0.0	0.0	0.0	0.0	0.0	0.0	0.0	0.0	0.0	0.0	0.0	0.0	0.0	0.0	0.0	0.0	0.0	0.0	0.0	0.0	0.0	0.0	0.0	0.0	0.0	0.0	0.0	0.0	0.0	0.0	0.0	0.0	0.0	0.0	0.0	0.0	0.0	0.0	0.0	0.0	0.0	0.0	0.0	0.0	0.0	0.0	0.0	0.0	0.0	0.0	0.0	0.0	0.0	0.0	0.0	0.0	0.0	0.0	0.0	0.0	0.0	0.0	0.0	0
89.609695	100.0	89.419098	91.441772	99.242447	89.47757	89.461487	89.551987	91.4832	89.498947	91.521782	89.31736	91.517616	91.48764	91.455124	91.5439	91.503036	89.363365	89.383392	89.37883	89.436554	90.9814	88.761826	88.536133	88.643753	88.931061	89.017731	89.003922	89.043312	89.486572	89.411026	89.336784	89.391182	91.516434	91.644241	91.564011	91.508484	91.563278	89.347244	89.381332	79.262405	89.078323	0.0	0.0	0.0	0.0	0.0	0.0	0.0	79.108398	78.885109	79.028748	79.081444	78.981224	0.0	0.0	0.0	0.0	0.0	0.0	0.0	0.0	0.0	0.0	0.0	0.0	0.0	0.0	0.0	0.0	0.0	0.0	0.0	0.0	0.0	0.0	0.0	0.0	0.0	0.0	0.0	0.0	0.0	0.0	0.0	0.0	0.0	0.0	0.0	0.0	0.0	0.0	0.0	0.0	0.0	0.0	0.0	0.0	0.0	0.0	0.0	0.0	0.0	0.0	0.0	0.0	0.0	0.0	0.0	0.0	0.0	0.0	0.0	0.0	0.0	0.0	0.0	0.0	0.0	0.0	0.0	0.0	0.0	0.0	0.0	0
92.229698	89.419098	100.0	89.152626	89.406311	96.523254	96.47197	92.248253	89.257172	92.219818	89.189972	92.055283	89.254868	89.258255	89.179871	89.307045	89.250977	98.428146	98.585724	97.217041	97.250412	90.995369	91.001801	90.898048	90.949821	91.26265	91.264854	91.616798	91.625511	92.21814	97.422554	98.41906	98.472778	89.28566	89.331062	89.318527	89.24321	89.255127	98.485741	97.444702	79.075897	94.98201	78.564529	0.0	78.475121	78.755943	78.599792	0.0	0.0	0.0	0.0	0.0	0.0	0.0	0.0	0.0	0.0	0.0	0.0	0.0	0.0	0.0	0.0	0.0	78.87262	0.0	0.0	0.0	0.0	0.0	0.0	0.0	0.0	0.0	0.0	0.0	0.0	0.0	0.0	0.0	0.0	0.0	0.0	0.0	0.0	0.0	0.0	0.0	0.0	0.0	0.0	0.0	0.0	0.0	0.0	0.0	0.0	0.0	0.0	0.0	0.0	0.0	0.0	0.0	0.0	0.0	0.0	0.0	0.0	0.0	0.0	0.0	0.0	0.0	0.0	0.0	0.0	0.0	0.0	0.0	0.0	0.0	0.0	0.0	0.0	0
89.327103	91.441772	89.152626	100.0	91.268707	89.293999	89.283905	89.412697	98.226318	89.386658	98.179237	89.210876	97.9338	97.772964	98.280487	98.247856	98.345932	89.131302	89.190361	88.978592	89.207962	90.041946	88.76178	88.756546	88.745544	89.138535	89.143158	89.001785	89.041779	89.33419	89.119476	89.089081	89.099731	98.277199	98.039078	98.31012	98.237259	98.208626	89.140755	89.114265	0.0	88.615997	78.169083	78.218765	78.211449	0.0	0.0	0.0	0.0	0.0	0.0	0.0	0.0	0.0	0.0	0.0	0.0	0.0	0.0	0.0	0.0	0.0	0.0	0.0	0.0	0.0	0.0	0.0	0.0	0.0	0.0	0.0	0.0	0.0	0.0	0.0	0.0	0.0	0.0	0.0	0.0	0.0	0.0	0.0	0.0	0.0	0.0	0.0	0.0	0.0	0.0	0.0	0.0	0.0	0.0	0.0	0.0	0.0	0.0	0.0	0.0	0.0	0.0	0.0	0.0	0.0	0.0	0.0	0.0	0.0	0.0	0.0	0.0	0.0	0.0	0.0	0.0	0.0	0.0	0.0	0.0	0.0	0.0	0.0	0.0	0
89.592789	99.242447	89.406311	91.268707	100.0	89.484367	89.532806	89.592422	91.433708	89.538399	91.483398	89.323471	91.480713	91.522491	91.472992	91.555939	91.482727	89.386192	89.451523	89.341026	89.368591	90.977158	88.822647	88.604065	88.630722	88.93885	88.974869	89.066574	89.027618	89.559067	89.441643	89.315414	89.440353	91.567474	91.636726	91.577629	91.436996	91.527573	89.418732	89.371483	79.400726	89.089325	0.0	0.0	0.0	0.0	0.0	0.0	0.0	0.0	79.025055	0.0	0.0	0.0	0.0	0.0	0.0	0.0	0.0	0.0	0.0	0.0	0.0	0.0	0.0	79.004944	0.0	0.0	0.0	0.0	0.0	0.0	0.0	0.0	0.0	0.0	0.0	0.0	0.0	0.0	0.0	0.0	0.0	0.0	0.0	0.0	0.0	0.0	0.0	0.0	0.0	0.0	0.0	0.0	0.0	0.0	0.0	0.0	0.0	0.0	0.0	0.0	0.0	0.0	0.0	0.0	0.0	0.0	0.0	0.0	0.0	0.0	0.0	0.0	0.0	0.0	0.0	0.0	0.0	0.0	0.0	0.0	0.0	0.0	0.0	0
92.368149	89.47757	96.523254	89.293999	89.484367	100.0	98.952316	92.357834	89.427643	92.382568	89.339981	92.193939	89.382324	89.300629	89.302826	89.356148	89.309052	96.508606	96.425262	96.168213	96.354904	91.085083	91.221481	91.105217	91.156227	91.545502	91.472473	91.842575	91.780731	92.361015	96.384048	96.401291	96.468864	89.424759	89.425636	89.38942	89.416595	89.407402	96.460526	96.368279	79.099655	94.811569	0.0	0.0	0.0	78.943108	78.948425	0.0	0.0	0.0	0.0	0.0	0.0	0.0	0.0	0.0	0.0	0.0	0.0	0.0	0.0	0.0	0.0	0.0	0.0	0.0	0.0	0.0	0.0	0.0	0.0	0.0	0.0	0.0	0.0	0.0	0.0	0.0	0.0	0.0	0.0	0.0	0.0	0.0	0.0	0.0	0.0	0.0	0.0	0.0	0.0	0.0	0.0	0.0	0.0	0.0	0.0	0.0	0.0	0.0	0.0	0.0	0.0	0.0	0.0	0.0	0.0	0.0	0.0	0.0	0.0	0.0	0.0	0.0	0.0	0.0	0.0	0.0	0.0	0.0	0.0	0.0	0.0	0.0	0.0	0
92.347534	89.461487	96.47197	89.283905	89.532806	98.952316	100.0	92.320419	89.394119	92.270752	89.302338	92.106499	89.404137	89.367767	89.292747	89.430878	89.340134	96.432205	96.413269	96.136681	96.327911	91.014549	91.159576	91.167442	91.165024	91.459015	91.400856	91.742989	91.726166	92.26651	96.35788	96.331589	96.457558	89.409218	89.483765	89.391296	89.474968	89.385315	96.435638	96.297112	79.186768	94.815979	0.0	0.0	0.0	0.0	78.829353	0.0	0.0	0.0	0.0	0.0	0.0	0.0	0.0	0.0	0.0	0.0	0.0	0.0	0.0	0.0	0.0	0.0	0.0	0.0	0.0	0.0	0.0	0.0	0.0	0.0	0.0	0.0	0.0	0.0	0.0	0.0	0.0	0.0	0.0	0.0	0.0	0.0	0.0	0.0	0.0	0.0	0.0	0.0	0.0	0.0	0.0	0.0	0.0	0.0	0.0	0.0	0.0	0.0	0.0	0.0	0.0	0.0	0.0	0.0	0.0	0.0	0.0	0.0	0.0	0.0	0.0	0.0	0.0	0.0	0.0	0.0	0.0	0.0	0.0	0.0	0.0	0.0	0.0	0
99.306351	89.551987	92.248253	89.412697	89.592422	92.357834	92.320419	100.0	89.482727	99.340027	89.47477	99.048813	89.542244	89.599281	89.420959	89.489403	89.42688	92.195129	92.225983	92.081863	92.295929	91.719345	93.617752	94.488861	94.512161	95.013718	94.865402	95.381744	95.47673	98.573303	92.305618	92.141586	92.222061	89.538933	89.630112	89.560852	89.460587	89.467903	92.208229	92.263306	79.116714	91.639175	0.0	78.985695	0.0	0.0	0.0	0.0	0.0	0.0	0.0	0.0	0.0	0.0	0.0	0.0	0.0	0.0	0.0	0.0	0.0	0.0	0.0	0.0	0.0	0.0	0.0	0.0	0.0	0.0	0.0	0.0	0.0	0.0	0.0	0.0	0.0	0.0	0.0	0.0	0.0	0.0	0.0	0.0	0.0	0.0	0.0	0.0	0.0	0.0	0.0	0.0	0.0	0.0	0.0	0.0	0.0	0.0	0.0	0.0	0.0	0.0	0.0	0.0	0.0	0.0	0.0	0.0	0.0	0.0	0.0	0.0	0.0	0.0	0.0	0.0	0.0	0.0	0.0	0.0	0.0	0.0	0.0	0.0	0.0	0
89.478889	91.4832	89.257172	98.226318	91.433708	89.427643	89.394119	89.482727	100.0	89.432922	98.216309	89.228256	98.059639	97.96254	98.430344	98.246841	98.188103	89.271294	89.256302	89.146317	89.316666	90.161224	88.966827	88.808075	88.890274	89.287369	89.272217	89.210335	89.20359	89.422165	89.299774	89.098633	89.23278	98.560928	98.098709	98.403542	98.515556	98.619049	89.217438	89.248245	79.152664	88.850403	0.0	78.781349	0.0	0.0	0.0	0.0	0.0	0.0	0.0	0.0	0.0	0.0	0.0	0.0	0.0	0.0	0.0	0.0	0.0	0.0	0.0	0.0	0.0	0.0	0.0	0.0	0.0	0.0	0.0	0.0	0.0	0.0	0.0	0.0	0.0	0.0	0.0	0.0	0.0	0.0	0.0	0.0	0.0	0.0	0.0	0.0	0.0	0.0	0.0	0.0	0.0	0.0	0.0	0.0	0.0	0.0	0.0	0.0	0.0	0.0	0.0	0.0	0.0	0.0	0.0	0.0	0.0	0.0	0.0	0.0	0.0	0.0	0.0	0.0	0.0	0.0	0.0	0.0	0.0	0.0	0.0	0.0	0.0	0
99.350197	89.498947	92.219818	89.386658	89.538399	92.382568	92.270752	99.340027	89.432922	100.0	89.453056	99.051201	89.426338	89.464905	89.315903	89.482857	89.37899	92.193489	92.222298	92.154785	92.292725	91.687103	93.619904	94.482979	94.523216	95.075348	94.978836	95.522789	95.505142	98.466125	92.255852	92.111023	92.188225	89.397316	89.574936	89.429848	89.487518	89.489067	92.238319	92.23587	78.836288	91.621689	79.16433	79.040932	0.0	0.0	0.0	0.0	0.0	0.0	0.0	0.0	0.0	0.0	0.0	0.0	0.0	0.0	0.0	0.0	0.0	0.0	0.0	0.0	0.0	0.0	0.0	0.0	0.0	0.0	0.0	0.0	0.0	0.0	0.0	0.0	0.0	0.0	0.0	0.0	0.0	0.0	0.0	0.0	0.0	0.0	0.0	0.0	0.0	0.0	0.0	0.0	0.0	0.0	0.0	0.0	0.0	0.0	0.0	0.0	0.0	0.0	0.0	0.0	0.0	0.0	0.0	0.0	0.0	0.0	0.0	0.0	0.0	0.0	0.0	0.0	0.0	0.0	0.0	0.0	0.0	0.0	0.0	0.0	0.0	0
89.462555	91.521782	89.189972	98.179237	91.483398	89.339981	89.302338	89.47477	98.216309	89.453056	100.0	89.23336	97.966263	97.733307	98.386612	98.300201	98.261795	89.196991	89.192856	89.156944	89.213875	90.122429	88.889366	88.833549	88.812073	89.211029	89.288681	89.131546	89.116882	89.397385	89.195831	89.094452	89.151917	98.289955	98.252899	98.353134	98.23848	98.282623	89.184937	89.216599	79.058792	88.774002	78.509537	78.634178	0.0	0.0	0.0	0.0	0.0	0.0	0.0	0.0	0.0	0.0	0.0	0.0	0.0	0.0	0.0	0.0	0.0	0.0	0.0	0.0	0.0	0.0	0.0	0.0	0.0	0.0	0.0	0.0	0.0	0.0	0.0	0.0	0.0	0.0	0.0	0.0	0.0	0.0	0.0	0.0	0.0	0.0	0.0	0.0	0.0	0.0	0.0	0.0	0.0	0.0	0.0	0.0	0.0	0.0	0.0	0.0	0.0	0.0	0.0	0.0	0.0	0.0	0.0	0.0	0.0	0.0	0.0	0.0	0.0	0.0	0.0	0.0	0.0	0.0	0.0	0.0	0.0	0.0	0.0	0.0	0.0	0
99.102661	89.31736	92.055283	89.210876	89.323471	92.193939	92.106499	99.048813	89.228256	99.051201	89.23336	100.0	89.224854	89.238785	89.172363	89.276436	89.223816	91.99791	91.978447	91.936485	92.05056	91.482956	93.406746	94.265648	94.250534	94.901978	94.795898	95.36834	95.292572	98.360489	92.129501	91.996719	92.064911	89.29673	89.290894	89.262131	89.254021	89.294495	92.020821	92.022858	78.944511	91.465492	0.0	0.0	0.0	0.0	0.0	0.0	0.0	0.0	0.0	0.0	0.0	0.0	0.0	0.0	0.0	0.0	0.0	0.0	0.0	0.0	0.0	0.0	0.0	0.0	78.368874	0.0	0.0	0.0	0.0	0.0	0.0	0.0	0.0	0.0	0.0	0.0	0.0	0.0	0.0	0.0	0.0	0.0	0.0	0.0	0.0	0.0	0.0	0.0	0.0	0.0	0.0	0.0	0.0	0.0	0.0	0.0	0.0	0.0	0.0	0.0	0.0	0.0	0.0	0.0	0.0	0.0	0.0	0.0	0.0	0.0	0.0	0.0	0.0	0.0	0.0	0.0	0.0	0.0	0.0	0.0	0.0	0.0	0.0	0
89.46273	91.517616	89.254868	97.9338	91.480713	89.382324	89.404137	89.542244	98.059639	89.426338	97.966263	89.224854	100.0	98.633942	98.027344	97.943298	97.954163	89.228531	89.29483	89.091171	89.319061	90.106049	88.881378	88.869041	88.88134	89.392242	89.325287	89.274887	89.264267	89.512161	89.297951	89.152374	89.248688	97.963638	97.778999	98.015137	97.983246	97.87915	89.190376	89.291763	78.879562	88.769165	0.0	0.0	0.0	0.0	0.0	0.0	0.0	0.0	0.0	0.0	0.0	0.0	0.0	0.0	0.0	0.0	0.0	0.0	0.0	0.0	0.0	0.0	0.0	0.0	0.0	0.0	0.0	0.0	0.0	0.0	0.0	0.0	0.0	0.0	0.0	0.0	0.0	0.0	0.0	0.0	0.0	0.0	0.0	0.0	0.0	0.0	0.0	0.0	0.0	0.0	0.0	0.0	0.0	0.0	0.0	0.0	0.0	0.0	0.0	0.0	0.0	0.0	0.0	0.0	0.0	0.0	0.0	0.0	0.0	0.0	0.0	0.0	0.0	0.0	0.0	0.0	0.0	0.0	0.0	0.0	0.0	0.0	0.0	0
89.460548	91.48764	89.258255	97.772964	91.522491	89.300629	89.367767	89.599281	97.96254	89.464905	97.733307	89.238785	98.633942	100.0	97.913086	97.826355	97.872314	89.21167	89.253174	89.161789	89.260315	90.145317	88.909142	88.781914	88.885185	89.289688	89.375618	89.219131	89.1521	89.511368	89.241882	89.131523	89.221115	97.886398	97.703827	97.925507	97.883972	97.818924	89.351944	89.216454	78.985825	88.829224	0.0	0.0	0.0	0.0	0.0	0.0	0.0	0.0	0.0	0.0	0.0	0.0	0.0	0.0	0.0	0.0	0.0	0.0	0.0	0.0	0.0	0.0	0.0	0.0	0.0	0.0	0.0	0.0	0.0	0.0	0.0	0.0	0.0	0.0	0.0	0.0	0.0	0.0	0.0	0.0	0.0	0.0	0.0	0.0	0.0	0.0	0.0	0.0	0.0	0.0	0.0	0.0	0.0	0.0	0.0	0.0	0.0	0.0	0.0	0.0	0.0	0.0	0.0	0.0	0.0	0.0	0.0	0.0	0.0	0.0	0.0	0.0	0.0	0.0	0.0	0.0	0.0	0.0	0.0	0.0	0.0	0.0	0.0	0
89.409508	91.455124	89.179871	98.280487	91.472992	89.302826	89.292747	89.420959	98.430344	89.315903	98.386612	89.172363	98.027344	97.913086	100.0	98.366959	98.369843	89.125916	89.168625	89.060181	89.199051	90.113274	88.838333	88.75946	88.690102	89.17704	89.149857	89.110367	89.064575	89.363892	89.176926	89.108917	89.129684	98.449738	98.165062	98.637222	98.44696	98.475594	89.118576	89.171814	78.58313	88.649719	0.0	0.0	0.0	0.0	0.0	0.0	0.0	0.0	0.0	0.0	0.0	0.0	0.0	0.0	0.0	0.0	0.0	0.0	0.0	0.0	0.0	0.0	0.0	0.0	0.0	0.0	0.0	0.0	0.0	0.0	0.0	0.0	0.0	0.0	0.0	0.0	0.0	0.0	0.0	0.0	0.0	0.0	0.0	0.0	0.0	0.0	0.0	0.0	0.0	0.0	0.0	0.0	0.0	0.0	0.0	0.0	0.0	0.0	0.0	0.0	0.0	0.0	0.0	0.0	0.0	0.0	0.0	0.0	0.0	0.0	0.0	0.0	0.0	0.0	0.0	0.0	0.0	0.0	0.0	0.0	0.0	0.0	0.0	0
89.465446	91.5439	89.307045	98.247856	91.555939	89.356148	89.430878	89.489403	98.246841	89.482857	98.300201	89.276436	97.943298	97.826355	98.366959	100.0	98.705643	89.303833	89.273636	89.198349	89.313995	90.158592	88.863525	88.810455	88.793335	89.264854	89.272232	89.191483	89.167496	89.491806	89.321487	89.132736	89.279259	98.346046	98.287186	98.410263	98.3274	98.357437	89.274445	89.299011	79.059807	88.760368	0.0	0.0	0.0	0.0	0.0	0.0	0.0	0.0	0.0	0.0	0.0	0.0	0.0	0.0	0.0	0.0	0.0	0.0	0.0	0.0	0.0	0.0	0.0	0.0	0.0	0.0	0.0	0.0	0.0	0.0	0.0	0.0	0.0	0.0	0.0	0.0	0.0	0.0	0.0	0.0	0.0	0.0	0.0	0.0	0.0	0.0	0.0	0.0	0.0	0.0	0.0	0.0	0.0	0.0	0.0	0.0	0.0	0.0	0.0	0.0	0.0	0.0	0.0	0.0	0.0	0.0	0.0	0.0	0.0	0.0	0.0	0.0	0.0	0.0	0.0	0.0	0.0	0.0	0.0	0.0	0.0	0.0	0.0	0
89.391327	91.503036	89.250977	98.345932	91.482727	89.309052	89.340134	89.42688	98.188103	89.37899	98.261795	89.223816	97.954163	97.872314	98.369843	98.705643	100.0	89.146713	89.191498	89.146103	89.270683	90.076553	88.782677	88.722321	88.784935	89.231743	89.227287	89.094231	89.100479	89.356987	89.210129	89.10836	89.174049	98.322884	98.256393	98.409698	98.310959	98.270576	89.174614	89.182343	78.665268	88.764664	0.0	0.0	0.0	0.0	0.0	0.0	0.0	0.0	0.0	0.0	0.0	0.0	0.0	0.0	0.0	0.0	0.0	0.0	0.0	0.0	0.0	0.0	0.0	0.0	0.0	0.0	0.0	0.0	0.0	0.0	0.0	0.0	0.0	0.0	0.0	0.0	0.0	0.0	0.0	0.0	0.0	0.0	0.0	0.0	0.0	0.0	0.0	0.0	0.0	0.0	0.0	0.0	0.0	0.0	0.0	0.0	0.0	0.0	0.0	0.0	0.0	0.0	0.0	0.0	0.0	0.0	0.0	0.0	0.0	0.0	0.0	0.0	0.0	0.0	0.0	0.0	0.0	0.0	0.0	0.0	0.0	0.0	0.0	0
92.245346	89.363365	98.428146	89.131302	89.386192	96.508606	96.432205	92.195129	89.271294	92.193489	89.196991	91.99791	89.228531	89.21167	89.125916	89.303833	89.146713	100.0	98.392273	97.097168	97.175003	90.957733	90.948227	90.903793	90.938965	91.304688	91.257156	91.568314	91.500946	92.182106	97.405884	98.304657	98.661888	89.283386	89.2845	89.26181	89.307053	89.288246	98.355408	97.371811	79.123764	94.984299	0.0	0.0	0.0	0.0	0.0	0.0	0.0	0.0	0.0	0.0	0.0	0.0	0.0	0.0	0.0	0.0	0.0	0.0	0.0	0.0	0.0	0.0	0.0	0.0	0.0	0.0	0.0	0.0	0.0	0.0	0.0	0.0	0.0	0.0	0.0	0.0	0.0	0.0	0.0	0.0	0.0	0.0	0.0	0.0	0.0	0.0	0.0	0.0	0.0	0.0	0.0	0.0	0.0	0.0	0.0	0.0	0.0	0.0	0.0	0.0	0.0	0.0	0.0	0.0	0.0	0.0	0.0	0.0	0.0	0.0	0.0	0.0	0.0	0.0	0.0	0.0	0.0	0.0	0.0	0.0	0.0	0.0	0.0	0
92.237457	89.383392	98.585724	89.190361	89.451523	96.425262	96.413269	92.225983	89.256302	92.222298	89.192856	91.978447	89.29483	89.253174	89.168625	89.273636	89.191498	98.392273	100.0	97.26593	97.279205	90.970299	91.001877	90.913315	90.946381	91.270088	91.229172	91.566536	91.531982	92.175415	97.463409	98.630356	98.425659	89.239716	89.339615	89.243034	89.255951	89.230927	98.63855	97.428932	79.349152	95.01281	0.0	0.0	0.0	0.0	0.0	0.0	0.0	0.0	0.0	0.0	0.0	0.0	0.0	0.0	0.0	0.0	0.0	0.0	0.0	0.0	0.0	0.0	0.0	0.0	0.0	0.0	0.0	0.0	0.0	0.0	0.0	0.0	0.0	0.0	0.0	0.0	0.0	0.0	0.0	0.0	0.0	0.0	0.0	0.0	0.0	0.0	0.0	0.0	0.0	0.0	0.0	0.0	0.0	0.0	0.0	0.0	0.0	0.0	0.0	0.0	0.0	0.0	0.0	0.0	0.0	0.0	0.0	0.0	0.0	0.0	0.0	0.0	0.0	0.0	0.0	0.0	0.0	0.0	0.0	0.0	0.0	0.0	0.0	0
92.21875	89.37883	97.217041	88.978592	89.341026	96.168213	96.136681	92.081863	89.146317	92.154785	89.156944	91.936485	89.091171	89.161789	89.060181	89.198349	89.146103	97.097168	97.26593	100.0	97.24099	90.861649	91.02317	90.964203	90.954834	91.136353	91.205307	91.396698	91.459122	92.074539	97.409286	97.279449	97.273865	89.101395	89.17984	89.167831	89.12471	89.174751	97.141922	97.274323	79.284668	94.844925	0.0	0.0	0.0	0.0	0.0	0.0	0.0	0.0	0.0	0.0	0.0	0.0	0.0	0.0	0.0	0.0	0.0	0.0	0.0	0.0	0.0	0.0	0.0	0.0	0.0	0.0	0.0	0.0	0.0	0.0	0.0	0.0	0.0	0.0	0.0	0.0	0.0	0.0	0.0	0.0	0.0	0.0	0.0	0.0	0.0	0.0	0.0	0.0	0.0	0.0	0.0	0.0	0.0	0.0	0.0	0.0	0.0	0.0	0.0	0.0	0.0	0.0	0.0	0.0	0.0	0.0	0.0	0.0	0.0	0.0	0.0	0.0	0.0	0.0	0.0	0.0	0.0	0.0	0.0	0.0	0.0	0.0	0.0	0
92.312805	89.436554	97.250412	89.207962	89.368591	96.354904	96.327911	92.295929	89.316666	92.292725	89.213875	92.05056	89.319061	89.260315	89.199051	89.313995	89.270683	97.175003	97.279205	97.24099	100.0	91.008438	91.055374	91.023773	90.975082	91.391312	91.345001	91.595741	91.628357	92.276375	98.649841	97.322556	97.266571	89.327095	89.363464	89.328003	89.294083	89.276291	97.241722	98.439674	79.486565	95.023376	0.0	0.0	0.0	0.0	0.0	0.0	0.0	0.0	0.0	0.0	0.0	0.0	0.0	0.0	0.0	0.0	0.0	0.0	0.0	0.0	0.0	0.0	0.0	0.0	0.0	0.0	0.0	0.0	0.0	0.0	0.0	0.0	0.0	0.0	0.0	0.0	0.0	0.0	0.0	0.0	0.0	0.0	0.0	0.0	0.0	0.0	0.0	0.0	0.0	0.0	0.0	0.0	0.0	0.0	0.0	0.0	0.0	0.0	0.0	0.0	0.0	0.0	0.0	0.0	0.0	0.0	0.0	0.0	0.0	0.0	0.0	0.0	0.0	0.0	0.0	0.0	0.0	0.0	0.0	0.0	0.0	0.0	0.0	0
91.63253	90.9814	90.995369	90.041946	90.977158	91.085083	91.014549	91.719345	90.161224	91.687103	90.122429	91.482956	90.106049	90.145317	90.113274	90.158592	90.076553	90.957733	90.970299	90.861649	91.008438	100.0	90.528946	90.147842	90.223969	90.595871	90.604385	90.90152	90.899887	91.628601	91.071419	90.87587	90.934708	90.165482	90.235077	90.237183	90.127663	90.18174	90.948021	91.009239	79.096863	90.483673	0.0	0.0	0.0	0.0	0.0	0.0	0.0	0.0	0.0	0.0	0.0	0.0	0.0	0.0	0.0	0.0	0.0	0.0	0.0	0.0	0.0	0.0	0.0	0.0	0.0	0.0	0.0	0.0	0.0	0.0	0.0	0.0	0.0	0.0	0.0	0.0	0.0	0.0	0.0	0.0	0.0	0.0	0.0	0.0	0.0	0.0	0.0	0.0	0.0	0.0	0.0	0.0	0.0	0.0	0.0	0.0	0.0	0.0	0.0	0.0	0.0	0.0	0.0	0.0	0.0	0.0	0.0	0.0	0.0	0.0	0.0	0.0	0.0	0.0	0.0	0.0	0.0	0.0	0.0	0.0	0.0	0.0	0.0	0
93.526566	88.761826	91.001801	88.76178	88.822647	91.221481	91.159576	93.617752	88.966827	93.619904	88.889366	93.406746	88.881378	88.909142	88.838333	88.863525	88.782677	90.948227	91.001877	91.02317	91.055374	90.528946	100.0	92.404434	92.438141	92.825378	92.82074	93.04332	93.025223	93.505966	91.087761	90.909088	91.036377	88.898209	88.942627	88.997833	88.893944	88.869225	91.00473	90.955437	78.962189	90.564919	0.0	0.0	0.0	0.0	0.0	0.0	0.0	0.0	0.0	0.0	0.0	0.0	0.0	0.0	0.0	0.0	0.0	0.0	0.0	0.0	0.0	0.0	0.0	0.0	0.0	0.0	0.0	0.0	0.0	0.0	0.0	0.0	0.0	0.0	0.0	0.0	0.0	0.0	0.0	0.0	0.0	0.0	0.0	0.0	0.0	0.0	0.0	0.0	0.0	0.0	0.0	0.0	0.0	0.0	0.0	0.0	0.0	0.0	0.0	0.0	0.0	0.0	0.0	0.0	0.0	0.0	0.0	0.0	0.0	0.0	0.0	0.0	0.0	0.0	0.0	0.0	0.0	0.0	0.0	0.0	0.0	0.0	0.0	0
94.506073	88.536133	90.898048	88.756546	88.604065	91.105217	91.167442	94.488861	88.808075	94.482979	88.833549	94.265648	88.869041	88.781914	88.75946	88.810455	88.722321	90.903793	90.913315	90.964203	91.023773	90.147842	92.404434	100.0	99.092194	95.436325	95.490631	95.422729	95.383087	94.389603	90.961037	90.807999	90.883621	88.855354	88.916664	88.840729	88.813766	88.810791	90.87426	90.876495	79.075577	90.237183	0.0	0.0	0.0	0.0	0.0	0.0	0.0	0.0	0.0	0.0	0.0	0.0	0.0	0.0	0.0	0.0	0.0	0.0	0.0	0.0	0.0	0.0	0.0	0.0	0.0	0.0	0.0	0.0	0.0	0.0	0.0	0.0	0.0	0.0	0.0	0.0	0.0	0.0	0.0	0.0	0.0	0.0	0.0	0.0	0.0	0.0	0.0	0.0	0.0	0.0	0.0	0.0	0.0	0.0	0.0	0.0	0.0	0.0	0.0	0.0	0.0	0.0	0.0	0.0	0.0	0.0	0.0	0.0	0.0	0.0	0.0	0.0	0.0	0.0	0.0	0.0	0.0	0.0	0.0	0.0	0.0	0.0	0.0	0
94.490524	88.643753	90.949821	88.745544	88.630722	91.156227	91.165024	94.512161	88.890274	94.523216	88.812073	94.250534	88.88134	88.885185	88.690102	88.793335	88.784935	90.938965	90.946381	90.954834	90.975082	90.223969	92.438141	99.092194	100.0	95.536575	95.515663	95.375008	95.419495	94.35939	91.002571	90.827423	90.975418	88.868042	88.960754	88.893433	88.814667	88.8909	90.950233	90.907593	79.20874	90.371834	0.0	0.0	0.0	0.0	0.0	0.0	0.0	0.0	0.0	0.0	0.0	0.0	0.0	0.0	0.0	0.0	0.0	0.0	0.0	0.0	0.0	0.0	0.0	0.0	0.0	0.0	0.0	0.0	0.0	0.0	0.0	0.0	0.0	0.0	0.0	0.0	0.0	0.0	0.0	0.0	0.0	0.0	0.0	0.0	0.0	0.0	0.0	0.0	0.0	0.0	0.0	0.0	0.0	0.0	0.0	0.0	0.0	0.0	0.0	0.0	0.0	0.0	0.0	0.0	0.0	0.0	0.0	0.0	0.0	0.0	0.0	0.0	0.0	0.0	0.0	0.0	0.0	0.0	0.0	0.0	0.0	0.0	0.0	0
95.043396	88.931061	91.26265	89.138535	88.93885	91.545502	91.459015	95.013718	89.287369	95.075348	89.211029	94.901978	89.392242	89.289688	89.17704	89.264854	89.231743	91.304688	91.270088	91.136353	91.391312	90.595871	92.825378	95.436325	95.536575	100.0	98.722076	96.07254	96.136963	94.949524	91.387421	91.173737	91.284355	89.217438	89.354752	89.347435	89.30883	89.236679	91.244415	91.345123	79.150261	90.636124	0.0	0.0	0.0	0.0	0.0	0.0	0.0	0.0	0.0	0.0	0.0	0.0	0.0	0.0	0.0	0.0	0.0	0.0	0.0	0.0	0.0	0.0	0.0	0.0	0.0	0.0	0.0	0.0	0.0	0.0	0.0	0.0	0.0	0.0	0.0	0.0	0.0	0.0	0.0	0.0	0.0	0.0	0.0	0.0	0.0	0.0	0.0	0.0	0.0	0.0	0.0	0.0	0.0	0.0	0.0	0.0	0.0	0.0	0.0	0.0	0.0	0.0	0.0	0.0	0.0	0.0	0.0	0.0	0.0	0.0	0.0	0.0	0.0	0.0	0.0	0.0	0.0	0.0	0.0	0.0	0.0	0.0	0.0	0
95.027466	89.017731	91.264854	89.143158	88.974869	91.472473	91.400856	94.865402	89.272217	94.978836	89.288681	94.795898	89.325287	89.375618	89.149857	89.272232	89.227287	91.257156	91.229172	91.205307	91.345001	90.604385	92.82074	95.490631	95.515663	98.722076	100.0	95.919785	96.119751	94.880997	91.302917	91.140564	91.272469	89.184448	89.275375	89.29097	89.196121	89.173767	91.215942	91.332962	79.222519	90.710022	0.0	0.0	0.0	0.0	0.0	0.0	0.0	0.0	0.0	0.0	0.0	0.0	0.0	0.0	0.0	0.0	0.0	0.0	0.0	0.0	0.0	0.0	0.0	0.0	0.0	0.0	0.0	0.0	0.0	0.0	0.0	0.0	0.0	0.0	0.0	0.0	0.0	0.0	0.0	0.0	0.0	0.0	0.0	0.0	0.0	0.0	0.0	0.0	0.0	0.0	0.0	0.0	0.0	0.0	0.0	0.0	0.0	0.0	0.0	0.0	0.0	0.0	0.0	0.0	0.0	0.0	0.0	0.0	0.0	0.0	0.0	0.0	0.0	0.0	0.0	0.0	0.0	0.0	0.0	0.0	0.0	0.0	0.0	0
95.589684	89.003922	91.616798	89.001785	89.066574	91.842575	91.742989	95.381744	89.210335	95.522789	89.131546	95.36834	89.274887	89.219131	89.110367	89.191483	89.094231	91.568314	91.566536	91.396698	91.595741	90.90152	93.04332	95.422729	95.375008	96.07254	95.919785	100.0	98.586136	95.454895	91.681076	91.526489	91.568954	89.224548	89.315948	89.208076	89.19278	89.127426	91.538742	91.600174	79.143616	90.894073	0.0	0.0	0.0	0.0	0.0	0.0	0.0	0.0	0.0	0.0	0.0	0.0	0.0	0.0	0.0	0.0	0.0	0.0	0.0	0.0	0.0	0.0	0.0	0.0	0.0	0.0	0.0	0.0	0.0	0.0	0.0	0.0	0.0	0.0	0.0	0.0	0.0	0.0	0.0	0.0	0.0	0.0	0.0	0.0	0.0	0.0	0.0	0.0	0.0	0.0	0.0	0.0	0.0	0.0	0.0	0.0	0.0	0.0	0.0	0.0	0.0	0.0	0.0	0.0	0.0	0.0	0.0	0.0	0.0	0.0	0.0	0.0	0.0	0.0	0.0	0.0	0.0	0.0	0.0	0.0	0.0	0.0	0.0	0
95.506912	89.043312	91.625511	89.041779	89.027618	91.780731	91.726166	95.47673	89.20359	95.505142	89.116882	95.292572	89.264267	89.1521	89.064575	89.167496	89.100479	91.500946	91.531982	91.459122	91.628357	90.899887	93.025223	95.383087	95.419495	96.136963	96.119751	98.586136	100.0	95.424728	91.624855	91.501595	91.502396	89.228882	89.196579	89.177094	89.192513	89.180939	91.554604	91.611847	79.244965	90.916214	0.0	0.0	0.0	0.0	0.0	0.0	0.0	0.0	0.0	0.0	0.0	0.0	0.0	0.0	0.0	0.0	0.0	0.0	0.0	0.0	0.0	0.0	0.0	0.0	0.0	0.0	0.0	0.0	0.0	0.0	0.0	0.0	0.0	0.0	0.0	0.0	0.0	0.0	0.0	0.0	0.0	0.0	0.0	0.0	0.0	0.0	0.0	0.0	0.0	0.0	0.0	0.0	0.0	0.0	0.0	0.0	0.0	0.0	0.0	0.0	0.0	0.0	0.0	0.0	0.0	0.0	0.0	0.0	0.0	0.0	0.0	0.0	0.0	0.0	0.0	0.0	0.0	0.0	0.0	0.0	0.0	0.0	0.0	0
98.499496	89.486572	92.21814	89.33419	89.559067	92.361015	92.26651	98.573303	89.422165	98.466125	89.397385	98.360489	89.512161	89.511368	89.363892	89.491806	89.356987	92.182106	92.175415	92.074539	92.276375	91.628601	93.505966	94.389603	94.35939	94.949524	94.880997	95.454895	95.424728	100.0	92.279251	92.116501	92.178459	89.461136	89.51297	89.486099	89.468506	89.438782	92.22728	92.249313	79.370369	91.682205	79.077057	0.0	0.0	78.891777	0.0	0.0	0.0	0.0	0.0	0.0	0.0	0.0	0.0	0.0	0.0	0.0	0.0	0.0	0.0	0.0	0.0	0.0	0.0	0.0	0.0	0.0	0.0	0.0	0.0	0.0	0.0	0.0	0.0	0.0	0.0	0.0	0.0	0.0	0.0	0.0	0.0	0.0	0.0	0.0	0.0	0.0	0.0	0.0	0.0	0.0	0.0	0.0	0.0	0.0	0.0	0.0	0.0	0.0	0.0	0.0	0.0	0.0	0.0	0.0	0.0	0.0	0.0	0.0	0.0	0.0	0.0	0.0	0.0	0.0	0.0	0.0	0.0	0.0	0.0	0.0	0.0	0.0	0.0	0
92.280441	89.411026	97.422554	89.119476	89.441643	96.384048	96.35788	92.305618	89.299774	92.255852	89.195831	92.129501	89.297951	89.241882	89.176926	89.321487	89.210129	97.405884	97.463409	97.409286	98.649841	91.071419	91.087761	90.961037	91.002571	91.387421	91.302917	91.681076	91.624855	92.279251	100.0	97.477524	97.422119	89.269585	89.269547	89.257278	89.293198	89.307617	97.437851	98.415222	79.376953	95.037445	78.871086	0.0	0.0	0.0	0.0	0.0	0.0	0.0	0.0	0.0	0.0	0.0	0.0	0.0	0.0	0.0	0.0	0.0	0.0	0.0	0.0	79.021507	0.0	0.0	0.0	0.0	0.0	0.0	0.0	0.0	0.0	0.0	0.0	0.0	0.0	0.0	0.0	0.0	0.0	0.0	0.0	0.0	0.0	0.0	0.0	0.0	0.0	0.0	0.0	0.0	0.0	0.0	0.0	0.0	0.0	0.0	0.0	0.0	0.0	0.0	0.0	0.0	0.0	0.0	0.0	0.0	0.0	0.0	0.0	0.0	0.0	0.0	0.0	0.0	0.0	0.0	0.0	0.0	0.0	0.0	0.0	0.0	0.0	0
92.165375	89.336784	98.41906	89.089081	89.315414	96.401291	96.331589	92.141586	89.098633	92.111023	89.094452	91.996719	89.152374	89.131523	89.108917	89.132736	89.10836	98.304657	98.630356	97.279449	97.322556	90.87587	90.909088	90.807999	90.827423	91.173737	91.140564	91.526489	91.501595	92.116501	97.477524	100.0	98.296066	89.163422	89.154251	89.14756	89.124863	89.139839	98.459053	97.490166	78.645477	95.015656	78.047523	0.0	78.062149	0.0	0.0	0.0	0.0	0.0	0.0	0.0	0.0	0.0	0.0	0.0	0.0	0.0	0.0	0.0	0.0	0.0	0.0	0.0	0.0	0.0	0.0	0.0	0.0	0.0	0.0	0.0	0.0	0.0	0.0	0.0	0.0	0.0	0.0	0.0	0.0	0.0	0.0	0.0	0.0	0.0	0.0	0.0	0.0	0.0	0.0	0.0	0.0	0.0	0.0	0.0	0.0	0.0	0.0	0.0	0.0	0.0	0.0	0.0	0.0	0.0	0.0	0.0	0.0	0.0	0.0	0.0	0.0	0.0	0.0	0.0	0.0	0.0	0.0	0.0	0.0	0.0	0.0	0.0	0.0	0
92.200439	89.391182	98.472778	89.099731	89.440353	96.468864	96.457558	92.222061	89.23278	92.188225	89.151917	92.064911	89.248688	89.221115	89.129684	89.279259	89.174049	98.661888	98.425659	97.273865	97.266571	90.934708	91.036377	90.883621	90.975418	91.284355	91.272469	91.568954	91.502396	92.178459	97.422119	98.296066	100.0	89.273209	89.326088	89.190247	89.232315	89.275276	98.556007	97.384247	79.481857	94.982567	78.716423	0.0	78.564323	0.0	0.0	0.0	0.0	0.0	0.0	0.0	0.0	0.0	0.0	0.0	0.0	0.0	0.0	0.0	0.0	0.0	0.0	0.0	0.0	0.0	0.0	0.0	0.0	0.0	0.0	0.0	0.0	0.0	0.0	0.0	0.0	0.0	0.0	0.0	0.0	0.0	0.0	0.0	0.0	0.0	0.0	0.0	0.0	0.0	0.0	0.0	0.0	0.0	0.0	0.0	0.0	0.0	0.0	0.0	0.0	0.0	0.0	0.0	0.0	0.0	0.0	0.0	0.0	0.0	0.0	0.0	0.0	0.0	0.0	0.0	0.0	0.0	0.0	0.0	0.0	0.0	0.0	0.0	0.0	0
89.441109	91.516434	89.28566	98.277199	91.567474	89.424759	89.409218	89.538933	98.560928	89.397316	98.289955	89.29673	97.963638	97.886398	98.449738	98.346046	98.322884	89.283386	89.239716	89.101395	89.327095	90.165482	88.898209	88.855354	88.868042	89.217438	89.184448	89.224548	89.228882	89.461136	89.269585	89.163422	89.273209	100.0	98.262413	98.428177	98.555649	98.626602	89.235558	89.256943	78.937683	88.776436	78.651474	0.0	0.0	0.0	0.0	0.0	0.0	0.0	0.0	0.0	78.647835	0.0	0.0	0.0	0.0	0.0	0.0	0.0	0.0	0.0	0.0	0.0	0.0	0.0	0.0	0.0	0.0	0.0	0.0	0.0	0.0	0.0	0.0	0.0	0.0	0.0	0.0	0.0	0.0	0.0	0.0	0.0	0.0	0.0	0.0	0.0	0.0	0.0	0.0	0.0	0.0	0.0	0.0	0.0	0.0	0.0	0.0	0.0	0.0	0.0	0.0	0.0	0.0	0.0	0.0	0.0	0.0	0.0	0.0	0.0	0.0	0.0	0.0	0.0	0.0	0.0	0.0	0.0	0.0	0.0	0.0	0.0	0.0	0
89.528717	91.644241	89.331062	98.039078	91.636726	89.425636	89.483765	89.630112	98.098709	89.574936	98.252899	89.290894	97.778999	97.703827	98.165062	98.287186	98.256393	89.2845	89.339615	89.17984	89.363464	90.235077	88.942627	88.916664	88.960754	89.354752	89.275375	89.315948	89.196579	89.51297	89.269547	89.154251	89.326088	98.262413	100.0	98.291756	98.157288	98.172905	89.269989	89.315613	79.093346	88.7537	78.67215	0.0	0.0	0.0	0.0	0.0	0.0	0.0	0.0	0.0	0.0	0.0	0.0	0.0	0.0	0.0	0.0	0.0	0.0	0.0	0.0	0.0	0.0	0.0	0.0	0.0	0.0	0.0	0.0	0.0	0.0	0.0	0.0	0.0	0.0	0.0	0.0	0.0	0.0	0.0	0.0	0.0	0.0	0.0	0.0	0.0	0.0	0.0	0.0	0.0	0.0	0.0	0.0	0.0	0.0	0.0	0.0	0.0	0.0	0.0	0.0	0.0	0.0	0.0	0.0	0.0	0.0	0.0	0.0	0.0	0.0	0.0	0.0	0.0	0.0	0.0	0.0	0.0	0.0	0.0	0.0	0.0	0.0	0
89.451645	91.564011	89.318527	98.31012	91.577629	89.38942	89.391296	89.560852	98.403542	89.429848	98.353134	89.262131	98.015137	97.925507	98.637222	98.410263	98.409698	89.26181	89.243034	89.167831	89.328003	90.237183	88.997833	88.840729	88.893433	89.347435	89.29097	89.208076	89.177094	89.486099	89.257278	89.14756	89.190247	98.428177	98.291756	100.0	98.416862	98.467995	89.247925	89.267929	79.15374	88.780388	78.710052	0.0	0.0	0.0	0.0	0.0	0.0	0.0	0.0	0.0	0.0	0.0	0.0	0.0	0.0	0.0	0.0	0.0	0.0	0.0	0.0	0.0	0.0	0.0	0.0	0.0	0.0	0.0	0.0	0.0	0.0	0.0	0.0	0.0	0.0	0.0	0.0	0.0	0.0	0.0	0.0	0.0	0.0	0.0	0.0	0.0	0.0	0.0	0.0	0.0	0.0	0.0	0.0	0.0	0.0	0.0	0.0	0.0	0.0	0.0	0.0	0.0	0.0	0.0	0.0	0.0	0.0	0.0	0.0	0.0	0.0	0.0	0.0	0.0	0.0	0.0	0.0	0.0	0.0	0.0	0.0	0.0	0.0	0
89.465393	91.508484	89.24321	98.237259	91.436996	89.416595	89.474968	89.460587	98.515556	89.487518	98.23848	89.254021	97.983246	97.883972	98.44696	98.3274	98.310959	89.307053	89.255951	89.12471	89.294083	90.127663	88.893944	88.813766	88.814667	89.30883	89.196121	89.19278	89.192513	89.468506	89.293198	89.124863	89.232315	98.555649	98.157288	98.416862	100.0	98.537659	89.296051	89.182922	79.087372	88.696808	78.607246	0.0	0.0	0.0	0.0	0.0	0.0	0.0	0.0	0.0	0.0	0.0	0.0	0.0	0.0	0.0	0.0	0.0	0.0	0.0	0.0	0.0	0.0	0.0	0.0	0.0	0.0	0.0	0.0	0.0	0.0	0.0	0.0	0.0	0.0	0.0	0.0	0.0	0.0	0.0	0.0	0.0	0.0	0.0	0.0	0.0	0.0	0.0	0.0	0.0	0.0	0.0	0.0	0.0	0.0	0.0	0.0	0.0	0.0	0.0	0.0	0.0	0.0	0.0	0.0	0.0	0.0	0.0	0.0	0.0	0.0	0.0	0.0	0.0	0.0	0.0	0.0	0.0	0.0	0.0	0.0	0.0	0.0	0
89.436646	91.563278	89.255127	98.208626	91.527573	89.407402	89.385315	89.467903	98.619049	89.489067	98.282623	89.294495	97.87915	97.818924	98.475594	98.357437	98.270576	89.288246	89.230927	89.174751	89.276291	90.18174	88.869225	88.810791	88.8909	89.236679	89.173767	89.127426	89.180939	89.438782	89.307617	89.139839	89.275276	98.626602	98.172905	98.467995	98.537659	100.0	89.244209	89.224182	78.973511	88.754074	78.427086	0.0	0.0	0.0	0.0	0.0	0.0	0.0	0.0	0.0	0.0	0.0	0.0	0.0	0.0	0.0	0.0	0.0	0.0	0.0	0.0	0.0	0.0	0.0	0.0	0.0	0.0	0.0	0.0	0.0	0.0	0.0	0.0	0.0	0.0	0.0	0.0	0.0	0.0	0.0	0.0	0.0	0.0	0.0	0.0	0.0	0.0	0.0	0.0	0.0	0.0	0.0	0.0	0.0	0.0	0.0	0.0	0.0	0.0	0.0	0.0	0.0	0.0	0.0	0.0	0.0	0.0	0.0	0.0	0.0	0.0	0.0	0.0	0.0	0.0	0.0	0.0	0.0	0.0	0.0	0.0	0.0	0.0	0
92.266731	89.347244	98.485741	89.140755	89.418732	96.460526	96.435638	92.208229	89.217438	92.238319	89.184937	92.020821	89.190376	89.351944	89.118576	89.274445	89.174614	98.355408	98.63855	97.141922	97.241722	90.948021	91.00473	90.87426	90.950233	91.244415	91.215942	91.538742	91.554604	92.22728	97.437851	98.459053	98.556007	89.235558	89.269989	89.247925	89.296051	89.244209	100.0	97.450272	79.338318	94.967949	78.917419	0.0	0.0	0.0	0.0	0.0	0.0	0.0	0.0	0.0	0.0	0.0	0.0	0.0	0.0	0.0	0.0	0.0	0.0	0.0	0.0	0.0	0.0	0.0	0.0	0.0	0.0	0.0	0.0	0.0	0.0	0.0	0.0	0.0	0.0	0.0	0.0	0.0	0.0	0.0	0.0	0.0	0.0	0.0	0.0	0.0	0.0	0.0	0.0	0.0	0.0	0.0	0.0	0.0	0.0	0.0	0.0	0.0	0.0	0.0	0.0	0.0	0.0	0.0	0.0	0.0	0.0	0.0	0.0	0.0	0.0	0.0	0.0	0.0	0.0	0.0	0.0	0.0	0.0	0.0	0.0	0.0	0.0	0
92.250999	89.381332	97.444702	89.114265	89.371483	96.368279	96.297112	92.263306	89.248245	92.23587	89.216599	92.022858	89.291763	89.216454	89.171814	89.299011	89.182343	97.371811	97.428932	97.274323	98.439674	91.009239	90.955437	90.876495	90.907593	91.345123	91.332962	91.600174	91.611847	92.249313	98.415222	97.490166	97.384247	89.256943	89.315613	89.267929	89.182922	89.224182	97.450272	100.0	79.507812	95.04039	78.766312	0.0	0.0	0.0	0.0	0.0	0.0	0.0	0.0	0.0	0.0	0.0	0.0	0.0	0.0	0.0	0.0	0.0	0.0	0.0	0.0	0.0	0.0	0.0	0.0	0.0	0.0	0.0	0.0	0.0	0.0	0.0	0.0	0.0	0.0	0.0	0.0	0.0	0.0	0.0	0.0	0.0	0.0	0.0	0.0	0.0	0.0	0.0	0.0	0.0	0.0	0.0	0.0	0.0	0.0	0.0	0.0	0.0	0.0	0.0	0.0	0.0	0.0	0.0	0.0	0.0	0.0	0.0	0.0	0.0	0.0	0.0	0.0	0.0	0.0	0.0	0.0	0.0	0.0	0.0	0.0	0.0	0.0	0
78.929871	79.262405	79.075897	0.0	79.400726	79.099655	79.186768	79.116714	79.152664	78.836288	79.058792	78.944511	78.879562	78.985825	78.58313	79.059807	78.665268	79.123764	79.349152	79.284668	79.486565	79.096863	78.962189	79.075577	79.20874	79.150261	79.222519	79.143616	79.244965	79.370369	79.376953	78.645477	79.481857	78.937683	79.093346	79.15374	79.087372	78.973511	79.338318	79.507812	100.0	0.0	82.040451	82.074432	82.074234	87.916763	98.786591	91.124634	93.22123	91.080307	92.850754	92.957497	93.061424	87.913101	99.831558	81.391525	81.676056	81.484802	79.451477	79.366531	79.305237	79.192108	78.916031	87.910645	98.5522	92.860344	91.768631	95.453415	98.389473	93.046585	92.588982	92.869102	81.881485	81.362152	0.0	0.0	0.0	0.0	0.0	0.0	0.0	0.0	0.0	0.0	0.0	0.0	0.0	0.0	0.0	0.0	0.0	0.0	0.0	0.0	0.0	0.0	0.0	0.0	0.0	0.0	0.0	0.0	0.0	0.0	0.0	0.0	0.0	0.0	0.0	0.0	0.0	0.0	0.0	0.0	0.0	0.0	0.0	0.0	0.0	0.0	0.0	0.0	0.0	0.0	0.0	0
91.563889	89.078323	94.98201	88.615997	89.089325	94.811569	94.815979	91.639175	88.850403	91.621689	88.774002	91.465492	88.769165	88.829224	88.649719	88.760368	88.764664	94.984299	95.01281	94.844925	95.023376	90.483673	90.564919	90.237183	90.371834	90.636124	90.710022	90.894073	90.916214	91.682205	95.037445	95.015656	94.982567	88.776436	88.7537	88.780388	88.696808	88.754074	94.967949	95.04039	0.0	100.0	78.71286	78.848015	78.901245	0.0	78.679527	0.0	79.127068	78.711716	79.061661	0.0	79.067505	79.26545	0.0	0.0	0.0	0.0	0.0	0.0	0.0	0.0	0.0	79.071411	79.324875	79.14782	79.196304	79.204689	78.754753	78.881454	79.26339	79.271202	78.188927	78.686913	0.0	0.0	0.0	0.0	0.0	0.0	0.0	0.0	0.0	0.0	0.0	0.0	0.0	0.0	0.0	0.0	0.0	0.0	0.0	0.0	0.0	0.0	0.0	0.0	0.0	0.0	0.0	0.0	0.0	0.0	0.0	0.0	0.0	0.0	0.0	0.0	0.0	0.0	0.0	0.0	0.0	0.0	0.0	0.0	0.0	0.0	0.0	0.0	0.0	0.0	0.0	0
79.103531	0.0	78.564529	78.169083	0.0	0.0	0.0	0.0	0.0	79.16433	78.509537	0.0	0.0	0.0	0.0	0.0	0.0	0.0	0.0	0.0	0.0	0.0	0.0	0.0	0.0	0.0	0.0	0.0	0.0	79.077057	78.871086	78.047523	78.716423	78.651474	78.67215	78.710052	78.607246	78.427086	78.917419	78.766312	82.040451	78.71286	100.0	98.544464	98.409012	82.645416	81.570221	81.631668	82.125114	81.68013	82.031105	82.141968	82.284027	82.514282	81.598793	80.744888	80.698677	80.735031	79.038826	79.081512	78.884117	78.966202	78.80835	82.461334	81.697083	82.072922	81.789886	81.606232	81.740616	82.071777	81.991371	82.068039	99.09758	80.775291	0.0	0.0	0.0	0.0	0.0	0.0	0.0	0.0	0.0	0.0	0.0	0.0	0.0	0.0	0.0	0.0	0.0	0.0	0.0	0.0	0.0	0.0	0.0	0.0	0.0	0.0	0.0	0.0	0.0	0.0	0.0	0.0	0.0	0.0	0.0	0.0	0.0	0.0	0.0	0.0	0.0	0.0	0.0	0.0	0.0	0.0	0.0	0.0	0.0	0.0	0.0	0
79.002655	0.0	0.0	78.218765	0.0	0.0	0.0	78.985695	78.781349	79.040932	78.634178	0.0	0.0	0.0	0.0	0.0	0.0	0.0	0.0	0.0	0.0	0.0	0.0	0.0	0.0	0.0	0.0	0.0	0.0	0.0	0.0	0.0	0.0	0.0	0.0	0.0	0.0	0.0	0.0	0.0	82.074432	78.848015	98.544464	100.0	98.295883	82.418594	81.680573	81.905365	82.174721	81.959633	82.097977	82.364227	82.429443	82.51947	81.674118	80.931358	80.946686	80.780586	79.206253	79.22348	79.089668	78.90976	78.795128	82.514328	81.743332	82.063293	81.824463	81.771927	81.817314	82.232056	81.98024	82.310242	98.439629	80.941803	0.0	0.0	0.0	0.0	0.0	0.0	0.0	0.0	0.0	0.0	0.0	0.0	0.0	0.0	0.0	0.0	0.0	0.0	0.0	0.0	0.0	0.0	0.0	0.0	0.0	0.0	0.0	0.0	0.0	0.0	0.0	0.0	0.0	0.0	0.0	0.0	0.0	0.0	0.0	0.0	0.0	0.0	0.0	0.0	0.0	0.0	0.0	0.0	0.0	0.0	0.0	0
79.104019	0.0	78.475121	78.211449	0.0	0.0	0.0	0.0	0.0	0.0	0.0	0.0	0.0	0.0	0.0	0.0	0.0	0.0	0.0	0.0	0.0	0.0	0.0	0.0	0.0	0.0	0.0	0.0	0.0	0.0	0.0	78.062149	78.564323	0.0	0.0	0.0	0.0	0.0	0.0	0.0	82.074234	78.901245	98.409012	98.295883	100.0	82.549194	81.728943	81.691307	82.102371	81.705559	82.001831	82.162125	82.320908	82.477615	81.689026	80.783615	80.852112	80.751633	79.069801	79.10849	78.984489	79.052673	78.945946	82.475998	81.764679	82.051857	81.863785	81.784454	81.737442	82.10997	82.006851	82.100388	98.385651	80.893555	0.0	0.0	0.0	0.0	0.0	0.0	0.0	0.0	0.0	0.0	0.0	0.0	0.0	0.0	0.0	0.0	0.0	0.0	0.0	0.0	0.0	0.0	0.0	0.0	0.0	0.0	0.0	0.0	0.0	0.0	0.0	0.0	0.0	0.0	0.0	0.0	0.0	0.0	0.0	0.0	0.0	0.0	0.0	0.0	0.0	0.0	0.0	0.0	0.0	0.0	0.0	0
78.939667	0.0	78.755943	0.0	0.0	78.943108	0.0	0.0	0.0	0.0	0.0	0.0	0.0	0.0	0.0	0.0	0.0	0.0	0.0	0.0	0.0	0.0	0.0	0.0	0.0	0.0	0.0	0.0	0.0	78.891777	0.0	0.0	0.0	0.0	0.0	0.0	0.0	0.0	0.0	0.0	87.916763	0.0	82.645416	82.418594	82.549194	100.0	87.461365	87.107361	88.373039	87.198853	88.241829	88.528915	88.567947	99.331833	87.484993	81.059402	81.025764	81.061661	79.05426	79.019714	78.85524	78.965912	78.80574	98.750267	87.401367	88.279877	87.402039	87.28405	87.485306	88.439674	87.890465	88.12236	82.631439	81.017487	0.0	0.0	0.0	0.0	0.0	0.0	0.0	0.0	0.0	0.0	0.0	0.0	0.0	0.0	0.0	0.0	0.0	0.0	0.0	0.0	0.0	0.0	0.0	0.0	0.0	0.0	0.0	0.0	0.0	0.0	0.0	0.0	0.0	0.0	0.0	0.0	0.0	0.0	0.0	0.0	0.0	0.0	0.0	0.0	0.0	0.0	0.0	0.0	0.0	0.0	0.0	0
0.0	0.0	78.599792	0.0	0.0	78.948425	78.829353	0.0	0.0	0.0	0.0	0.0	0.0	0.0	0.0	0.0	0.0	0.0	0.0	0.0	0.0	0.0	0.0	0.0	0.0	0.0	0.0	0.0	0.0	0.0	0.0	0.0	0.0	0.0	0.0	0.0	0.0	0.0	0.0	0.0	98.786591	78.679527	81.570221	81.680573	81.728943	87.461365	100.0	90.725143	92.870651	90.638046	92.571609	92.73613	92.751831	87.570221	98.492706	80.97007	81.210518	81.33564	79.103622	79.026703	79.049133	79.058426	79.104004	87.436447	98.405563	92.569077	91.409859	95.207138	98.165329	92.739365	92.210213	92.448944	81.635788	80.966362	0.0	0.0	0.0	0.0	0.0	0.0	0.0	0.0	0.0	0.0	0.0	0.0	0.0	0.0	0.0	0.0	0.0	0.0	0.0	0.0	0.0	0.0	0.0	0.0	0.0	0.0	0.0	0.0	0.0	0.0	0.0	0.0	0.0	0.0	0.0	0.0	0.0	0.0	0.0	0.0	0.0	0.0	0.0	0.0	0.0	0.0	0.0	0.0	0.0	0.0	0.0	0
78.692024	0.0	0.0	0.0	0.0	0.0	0.0	0.0	0.0	0.0	0.0	0.0	0.0	0.0	0.0	0.0	0.0	0.0	0.0	0.0	0.0	0.0	0.0	0.0	0.0	0.0	0.0	0.0	0.0	0.0	0.0	0.0	0.0	0.0	0.0	0.0	0.0	0.0	0.0	0.0	91.124634	0.0	81.631668	81.905365	81.691307	87.107361	90.725143	100.0	92.452362	98.998108	92.25943	92.071686	92.108223	87.10054	90.656326	80.837555	81.006355	81.063454	79.283127	79.313232	78.963867	79.019058	79.232101	87.08477	90.709305	92.276047	90.515533	90.536285	90.704559	92.15596	91.650421	92.093437	81.684334	80.835419	0.0	0.0	0.0	0.0	0.0	0.0	0.0	0.0	0.0	0.0	0.0	0.0	0.0	0.0	0.0	0.0	0.0	0.0	0.0	0.0	0.0	0.0	0.0	0.0	0.0	0.0	0.0	0.0	0.0	0.0	0.0	0.0	0.0	0.0	0.0	0.0	0.0	0.0	0.0	0.0	0.0	0.0	0.0	0.0	0.0	0.0	0.0	0.0	0.0	0.0	0.0	0
78.92337	0.0	0.0	0.0	0.0	0.0	0.0	0.0	0.0	0.0	0.0	0.0	0.0	0.0	0.0	0.0	0.0	0.0	0.0	0.0	0.0	0.0	0.0	0.0	0.0	0.0	0.0	0.0	0.0	0.0	0.0	0.0	0.0	0.0	0.0	0.0	0.0	0.0	0.0	0.0	93.22123	79.127068	82.125114	82.174721	82.102371	88.373039	92.870651	92.452362	100.0	92.419807	96.581451	94.171616	94.298828	88.250381	92.804718	80.991287	81.223267	81.415695	79.151245	79.276718	78.874039	78.962784	78.98201	88.269913	92.893181	96.584625	92.243637	92.520134	92.701721	94.176567	93.495071	95.169998	81.959396	80.952179	0.0	0.0	0.0	0.0	0.0	0.0	0.0	0.0	0.0	0.0	0.0	0.0	0.0	0.0	0.0	0.0	0.0	0.0	0.0	0.0	0.0	0.0	0.0	0.0	0.0	0.0	0.0	0.0	0.0	0.0	0.0	0.0	0.0	0.0	0.0	0.0	0.0	0.0	0.0	0.0	0.0	0.0	0.0	0.0	0.0	0.0	0.0	0.0	0.0	0.0	0.0	0
78.840828	79.108398	0.0	0.0	0.0	0.0	0.0	0.0	0.0	0.0	0.0	0.0	0.0	0.0	0.0	0.0	0.0	0.0	0.0	0.0	0.0	0.0	0.0	0.0	0.0	0.0	0.0	0.0	0.0	0.0	0.0	0.0	0.0	0.0	0.0	0.0	0.0	0.0	0.0	0.0	91.080307	78.711716	81.68013	81.959633	81.705559	87.198853	90.638046	98.998108	92.419807	100.0	92.210175	91.958633	91.984901	87.17955	90.621933	80.665695	80.959129	81.058701	79.211456	79.386856	78.961403	79.047066	78.94133	87.043953	90.651443	92.181915	90.473999	90.497299	90.697266	92.051758	91.592865	91.971802	81.620796	80.631012	0.0	0.0	0.0	0.0	0.0	0.0	0.0	0.0	0.0	0.0	0.0	0.0	0.0	0.0	0.0	0.0	0.0	0.0	0.0	0.0	0.0	0.0	0.0	0.0	0.0	0.0	0.0	0.0	0.0	0.0	0.0	0.0	0.0	0.0	0.0	0.0	0.0	0.0	0.0	0.0	0.0	0.0	0.0	0.0	0.0	0.0	0.0	0.0	0.0	0.0	0.0	0
78.78463	78.885109	0.0	0.0	79.025055	0.0	0.0	0.0	0.0	0.0	0.0	0.0	0.0	0.0	0.0	0.0	0.0	0.0	0.0	0.0	0.0	0.0	0.0	0.0	0.0	0.0	0.0	0.0	0.0	0.0	0.0	0.0	0.0	0.0	0.0	0.0	0.0	0.0	0.0	0.0	92.850754	79.061661	82.031105	82.097977	82.001831	88.241829	92.571609	92.25943	96.581451	92.210175	100.0	93.822937	93.969772	88.25058	92.476776	80.923538	81.222092	81.25322	79.109314	79.076416	78.735153	79.017731	78.928192	88.288162	92.586319	99.994431	91.963982	92.203232	92.394043	93.935196	93.289703	94.837425	81.853409	81.00116	0.0	0.0	0.0	0.0	0.0	0.0	0.0	0.0	0.0	0.0	0.0	0.0	0.0	0.0	0.0	0.0	0.0	0.0	0.0	0.0	0.0	0.0	0.0	0.0	0.0	0.0	0.0	0.0	0.0	0.0	0.0	0.0	0.0	0.0	0.0	0.0	0.0	0.0	0.0	0.0	0.0	0.0	0.0	0.0	0.0	0.0	0.0	0.0	0.0	0.0	0.0	0
