1522758.3	132474.56	66892.7	2676871.3	2898276.3	1054862.11	1888.64	1169025.9	54571.45	285578.13	284034.3	1940.3	53451.4	40318.3	2717324.3	2726118.3	2801031.3	2582831.3	2730915.3	1306175.6	2684468.3	2662065.3	1343740.29	1333528.4	1690221.3	1648182.5	2653200.3	1887.6	67294.3	1907.4	1984801.3	54571.47	953739.5	1950.16	1546107.4	1901.29	83656.9	2721244.3	59299.27	2684469.3	1854574.8	66871.3	1038929.12	2203205.3	2072505.3	2282738.3	234612.4	68214.14	1886.76	73044.12	2005885.3	1971.5	1906.17	193462.5	2742136.3	403935.6	68570.35	38300.4	1413221.3	45398.9	2496836.3	2594457.3	2710756.3	2099584.3	264445.3	1915.7	114686.5	164348.7	1885.4	1812480.3	1725411.3	1077946.3	1920.4	1882757.3	2759525.3	249586.4	68249.6	1160718.9	42881.4	54571.46	1932.7	1905.9	2202000.4	2705439.3	2692234.3	47763.9	67294.6	2211357.3	1893.7	2781734.3	285558.3	116188.4	1929477.3	2420135.5	2801030.3	1109743.5	51201.9	67367.6	68203.16	1214101.3	2293571.4	54571.44	2825844.3	1837283.3	2772432.3	2306165.3	1079985.11	73044.9	68270.4	67267.5	2083284.3	2174846.3	1616117.8	67345.6	39478.4	862751.12	2721243.3	146923.5	2203210.3	2838015.3	47760.6	2801029.3	48665.5	2495589.3	646637.3	553510.3	749414.3	285570.6	2135430.3	2585716.3	2742130.3	477245.3	1827580.3	83656.11	2750011.3	2605730.3	1855352.4	2801033.3	2714844.4	1967.6	2153485.3	2768068.3	67260.4	2855836.3	67263.32	2721173.3	316280.3	1535768.3	665577.7	2742137.3	2609808.3	2563602.3	1892.7	2136401.3	278992.5	1888.4	2782004.3	455632.4	1442032.3	28894.3	2305220.3	2751189.3	2721245.3	2865673.3	2175864.3	2049881.3	2840373.3	227882.62	67304.8	2184053.3	36818.16	424188.3	54571.48	2203204.3	1926.3	1403539.3	33899.19	2692233.3	68209.3	2607753.3	362257.4	2662397.3	2599401.3	1214242.5	2762559.4	66425.3	2797636.3	202862.4	1912.57	2797167.3	457428.16	436397.4	319947.4	66374.6	2695266.3	1972846.3	155177.3	68232.3	2768066.3	2809700.4	371608.7	132473.7	1783515.3	58340.34	67296.3	2768069.3	2768067.3	54571.43	1355015.12	80860.3	1977088.4	173860.4	1616117.3	1890.28	2866715.3	1223523.8	2838850.3	2686304.3	1849967.7	1664033.3
100.0	80.749763	82.187019	81.6026	81.552658	80.718277	79.389473	81.060471	81.23452	80.904221	81.361671	81.146294	80.759056	80.634148	81.07412	81.085907	87.657715	81.028641	80.903214	80.723175	82.126198	81.066315	79.898666	80.921867	81.168236	86.925491	80.665276	81.171463	82.12011	81.276245	79.787537	81.202515	82.315033	81.585892	80.692688	80.744034	80.090637	80.997635	81.120575	80.031631	81.381752	80.927513	80.557831	81.503677	81.152451	80.950134	86.860107	80.862335	81.04863	81.168655	81.904205	80.717636	81.306641	81.063507	80.472977	80.374443	80.685966	81.526169	80.731766	81.003357	80.783592	80.869247	79.320824	86.712494	80.877609	80.783569	81.004326	80.84655	81.24762	86.944885	80.788055	81.87323	80.773056	81.02356	81.618195	80.854416	80.888443	80.703621	81.171188	81.212982	81.292191	82.415779	80.550201	81.063065	80.647675	80.945694	81.848984	81.068253	81.374817	80.873817	79.124046	80.928513	79.77594	81.348999	80.606079	78.47673	81.269127	82.267105	81.338181	81.018997	80.632065	85.39003	81.029877	81.673889	81.872543	80.876862	80.995041	81.257469	80.824387	81.043159	81.174759	81.554962	82.057358	80.976746	81.749466	81.437874	80.806946	81.128983	79.132698	81.12603	80.80719	80.655029	79.193085	81.004547	80.980423	80.73703	79.912003	81.093208	80.759674	81.368912	80.08049	81.152588	81.253387	80.618729	80.352859	81.133804	78.798424	81.857628	81.288826	81.12114	80.950562	81.360191	82.292015	81.839455	81.897858	80.951317	81.630157	81.841423	81.103271	80.124603	80.709953	81.258209	81.710693	80.754089	81.077347	80.630539	79.126633	81.651337	80.889999	81.333321	86.841507	81.115112	80.701996	80.665619	79.128036	81.083191	81.836411	81.130936	81.126587	80.839233	87.059929	80.82724	82.090645	80.918564	81.06366	80.79351	81.270081	81.185646	85.443832	87.178635	82.208832	80.974136	80.366844	81.170822	80.636841	81.074615	80.682381	81.680206	80.78009	79.595421	81.136093	81.544556	80.951157	87.623894	81.025589	87.532211	80.069046	81.275986	80.055557	80.616135	79.979591	81.561096	81.157089	87.234184	81.567833	81.348145	80.825279	87.461365	80.387177	81.178474	82.133667	81.135468	81.224319	81.126228	80.767624	80.67907	81.354805	80.770996	80.998581	81.793518
80.749763	100.0	80.716904	80.913757	80.896935	80.392845	80.298279	80.476227	80.917694	84.124054	82.024109	81.962891	80.801834	80.446503	80.645676	81.034515	80.750778	80.780396	80.715668	94.317451	81.179237	80.726593	80.978439	80.385208	80.645866	80.672401	80.367424	80.96582	81.015549	81.09465	79.790054	81.010002	80.938736	80.968109	83.748405	80.281601	79.992645	80.533897	81.060478	80.499512	81.160301	80.818024	80.989799	81.233627	80.907135	80.710648	80.862854	80.671059	80.945801	81.0056	81.140594	83.526016	81.022446	80.668518	80.62175	81.179688	83.490173	81.006607	80.610657	80.730972	80.492973	80.439339	80.036301	80.363281	80.670547	80.602585	80.647354	80.699265	80.921661	80.886261	80.662292	81.151794	83.865417	80.535309	81.028946	80.34108	80.699722	83.739861	80.906616	81.056442	80.953964	81.334824	83.609894	80.653854	83.866669	83.942596	81.219742	80.890778	80.846375	80.514893	79.547501	80.712288	80.900391	80.654449	80.258698	78.900757	81.957336	80.913986	81.109375	80.647827	83.922546	80.800446	80.766434	81.035202	81.147614	80.402489	80.817322	81.196808	80.911713	80.880737	81.058868	80.905907	81.217072	80.619034	80.923836	80.851318	80.297234	80.975052	79.652466	80.87455	80.451569	80.258514	79.135956	80.552353	80.661636	83.689026	81.110298	81.026138	80.295609	80.70871	81.052811	80.883621	80.930283	80.161697	81.420937	80.910629	78.633011	81.068314	81.023071	80.882591	80.778152	80.659683	81.285828	81.062119	81.204819	80.951454	80.962723	81.12854	81.05719	81.254883	80.333878	80.845993	80.845764	80.667953	80.799118	80.618874	79.639847	81.001999	80.760452	80.776505	80.689926	80.968765	83.512222	80.24263	80.081329	80.918427	81.075928	80.854607	80.53035	80.493622	80.684662	80.458763	80.81665	80.647789	80.792374	83.753143	80.773643	80.948174	80.673271	80.713089	80.985611	80.574402	80.251358	80.947136	81.433044	81.76416	80.359985	81.179077	83.724426	79.604897	80.972595	81.090485	80.667679	80.738365	80.713051	80.668472	81.102608	80.913719	79.857056	80.270744	81.003082	81.184067	80.707169	80.635712	80.811722	80.86554	80.572189	80.810028	80.336517	80.979912	81.451859	81.688721	81.025665	80.798187	83.424767	81.508362	80.972916	80.654358	81.080482	81.201118
82.187019	80.716904	100.0	82.520782	82.53344	81.332306	79.366089	82.062119	82.06189	81.013962	81.283325	81.271393	81.255524	80.985893	81.961197	81.618118	82.26001	81.409424	81.278481	80.626572	86.142929	81.610283	79.990669	81.393463	81.882408	82.155853	81.231628	81.734253	86.654373	81.925217	80.357422	82.002899	89.095444	82.607018	80.6577	81.4245	80.573425	81.392319	81.634338	80.05114	82.018288	81.532585	80.653961	82.0252	81.646637	81.702515	82.252647	81.39357	81.55336	81.722923	82.531372	80.773384	82.119766	81.738922	80.886627	80.291992	80.871216	82.629654	81.322174	81.407669	81.334579	81.398056	79.343376	81.99221	81.378021	81.395622	81.549088	81.386124	81.893234	82.231628	81.39666	82.453918	81.115204	81.542473	82.488258	81.353653	81.405426	80.831116	81.441017	82.171555	81.638855	86.501633	80.6483	81.66217	80.867584	81.017242	82.67186	81.565643	82.197556	81.37529	79.03157	81.550926	79.948036	82.159317	81.045891	78.536461	81.297012	89.419418	81.845757	81.581955	80.820099	82.264969	81.595169	82.529579	82.576759	81.402878	81.536575	81.661621	81.514465	81.652786	81.644852	82.320938	83.184227	81.335472	84.896912	82.19162	81.472649	81.746643	79.3461	81.588196	81.489594	81.073921	79.173431	81.694626	81.306274	80.753693	80.143059	81.602295	81.258896	82.233536	80.089973	81.627411	81.705261	81.503342	80.244659	81.698944	78.865295	82.543289	81.944633	81.762886	81.356308	82.513275	88.518967	82.509094	82.594818	81.433105	82.418121	82.631569	81.812668	80.299911	81.315811	81.722382	82.466293	81.518906	81.674576	81.003799	79.22023	82.407471	81.351402	81.824944	82.354729	81.37574	80.759369	81.166847	79.163521	81.589005	82.426468	81.478394	81.541183	81.204086	82.310318	81.338699	94.584076	81.481949	81.396347	80.877197	81.632248	81.587311	82.123306	82.11879	89.201866	81.409439	81.317719	81.739616	80.659996	81.095032	81.229477	82.473244	80.740753	79.718842	81.677139	82.679169	81.732651	82.110672	81.473495	82.214638	80.081215	81.661713	80.646805	81.173538	80.001755	82.085892	81.524651	82.231201	82.245827	82.250809	81.528214	82.152214	80.87442	81.703751	83.594223	81.133682	81.794296	81.676086	80.954681	80.695969	82.038727	81.193604	81.524376	82.584
81.6026	80.913757	82.520782	100.0	82.291916	81.213394	79.629807	81.937576	81.731316	81.135696	81.340599	81.146164	81.17231	81.008789	81.979996	81.511559	81.749985	81.202301	81.43222	80.87262	83.038742	81.555885	80.288681	82.058228	82.268661	81.530533	81.158958	81.802391	82.336121	81.684921	80.17028	81.812248	82.609604	87.926468	81.027466	81.760406	80.573395	81.46981	81.641449	80.22084	81.843964	81.466736	80.877655	81.803543	81.464333	81.861076	81.617149	81.319138	81.414215	81.505981	82.44545	80.853058	81.793396	82.192726	80.824745	80.494308	80.889984	93.224823	81.382248	81.251831	81.106964	81.343872	79.748169	81.307526	81.298363	81.258644	81.422966	81.305466	81.557388	81.655525	81.373596	82.174133	81.070244	81.256348	82.372406	81.133347	81.312653	80.930252	81.609863	81.821442	81.605316	83.352966	80.837601	82.182861	81.054626	81.18898	82.555054	81.589417	82.333878	81.260834	79.168304	81.431747	80.254547	82.136795	81.076859	78.735405	81.166702	82.672058	81.819427	81.504593	80.970589	81.743355	81.355988	82.328651	82.480301	81.286781	81.424126	81.555664	81.409592	81.433746	81.702553	82.690491	83.296982	81.279419	82.174683	82.334343	81.287888	81.639786	79.441559	81.361816	81.300705	81.139732	79.121796	81.332306	81.271606	80.932343	80.386368	81.716232	81.07795	81.941612	80.329361	81.499832	81.698029	81.662384	80.575363	81.591415	78.574524	82.398712	81.673965	81.617874	81.189728	83.978882	82.673759	82.583466	82.464081	81.282501	88.204529	84.205544	81.820198	80.708809	81.022545	81.646866	82.469086	81.2995	81.47229	80.888626	79.290375	82.486099	81.157013	82.027298	81.438095	81.327797	80.778015	81.074387	79.554604	81.599716	82.401237	81.61293	81.15303	81.376717	81.751907	81.261414	82.557449	81.417023	81.287155	80.939499	81.315605	81.324867	81.612785	81.618797	82.57811	81.468155	81.633568	81.640961	80.645782	81.060303	81.304489	82.526794	81.036438	80.112534	81.572807	82.152985	81.525307	81.62175	81.409515	81.64328	80.46785	81.656166	80.439636	80.917435	80.095306	81.814514	81.38829	81.562027	82.375969	81.757584	81.257141	81.683792	80.788803	81.481499	83.291672	81.153137	81.692215	81.461548	80.915298	80.628403	81.750946	81.121872	81.431381	82.482323
81.552658	80.896935	82.53344	82.291916	100.0	81.251068	79.928055	81.476952	81.590355	81.046143	81.397087	81.263107	81.336716	81.237999	81.82914	81.806549	81.473434	81.564758	81.606827	80.984352	82.820404	81.665268	80.36496	81.362755	82.099724	81.644989	81.135231	82.030029	82.830101	81.945587	80.403641	81.538712	82.6716	82.231033	80.812439	81.429489	80.38739	81.126755	82.028778	80.784859	81.915535	81.414902	80.881241	81.746445	81.754242	81.481094	81.700256	81.397385	81.62854	81.791672	82.25782	80.943787	81.599167	81.550095	80.896713	81.108337	80.890968	82.208801	81.270935	81.378983	81.165985	81.109726	79.702881	81.146759	81.620628	81.258858	81.401054	81.492455	81.988571	81.617081	81.540955	81.925156	81.038162	81.340179	82.097473	81.154633	81.431931	80.874771	81.767982	81.73204	81.86586	83.036636	80.617599	81.581116	80.933678	80.94014	82.216644	82.005478	81.717804	81.162598	79.515823	81.2995	80.279732	81.711685	81.036758	79.146362	81.413666	82.836121	81.970726	81.555969	80.641609	81.616402	81.55867	82.058212	82.096542	81.199921	81.464417	81.812141	81.486343	81.434952	81.625702	82.511017	82.759911	81.495445	82.63298	81.9636	81.24913	81.702682	79.825089	81.41304	81.180527	81.058578	79.379501	81.248215	81.257263	80.92894	80.494064	81.934738	81.081818	84.507767	80.429886	82.062805	81.854195	81.433594	80.694016	81.687546	78.749802	82.007568	82.199005	81.269058	81.379189	82.232849	83.396698	82.004517	82.055161	81.541328	82.260834	82.017288	82.053497	80.616379	81.259491	81.94046	81.962616	81.178619	81.70108	81.032272	79.542358	82.176102	81.620407	81.747971	81.661522	81.675629	80.584915	81.181702	79.579819	81.460014	82.222794	81.345779	81.229027	81.282036	81.750137	81.399414	82.597641	81.609718	81.677246	80.743561	81.517014	81.613495	81.994942	81.606941	82.800507	81.178787	81.241821	81.758423	81.084564	81.396118	81.029839	82.200714	80.726151	80.372818	81.77066	92.113785	81.183273	81.43763	81.611076	81.501427	80.336746	81.730225	80.878433	80.782234	80.32251	81.81929	81.594955	81.806885	81.733231	81.623596	81.21965	81.452103	80.904205	81.708252	84.005096	81.349319	81.348915	81.707504	81.040817	81.233315	81.687241	81.266846	81.657646	82.154709
80.718277	80.392845	81.332306	81.213394	81.251068	100.0	79.395508	80.647614	82.121201	80.728935	80.814651	80.70665	80.965431	82.936028	80.915649	83.43895	80.779617	82.919662	84.016037	80.411423	81.53775	83.336945	80.03157	80.547836	80.905121	80.782211	90.334869	83.342499	81.410645	83.727753	80.110718	82.290176	81.543091	81.19207	80.491722	80.592728	80.394577	83.672989	83.516495	79.805542	82.290726	81.926651	80.248566	82.316788	84.295219	80.805618	81.010162	83.372864	81.107864	83.17543	81.254776	80.4216	82.128685	80.816132	81.184807	80.247528	80.48262	81.279129	84.112907	83.253998	84.020233	83.809326	79.269485	80.410553	83.260834	84.247879	83.926445	83.243416	83.830635	80.941734	83.881409	81.527695	80.595306	84.077225	81.129883	83.960274	83.273788	80.481735	84.001495	82.174728	83.389572	81.688828	80.410461	80.770706	80.619537	80.561073	81.389732	83.252548	80.88427	84.049278	79.023605	84.049454	79.943497	81.026062	89.82798	78.376663	80.601151	81.485565	83.961578	84.057106	80.499146	81.111862	83.381882	81.30407	81.212029	84.124268	84.188675	82.997894	81.960678	81.916603	83.423233	81.145813	81.508286	83.174942	81.266083	81.004173	83.885513	83.539581	79.284271	84.188904	83.89122	89.877029	78.792526	84.154175	83.68985	80.578445	80.088745	83.562363	83.575157	80.91922	79.877045	83.550644	83.798004	80.606445	80.388138	83.541656	78.332855	81.298355	83.974876	82.064789	82.765388	81.180443	81.660828	81.373459	81.311157	83.060196	81.19873	81.433014	83.856903	80.222626	92.34436	83.653656	81.065643	81.768196	83.41684	81.240707	79.078583	81.188965	83.173447	81.00296	80.847725	82.909241	80.387154	90.172668	79.169373	83.982956	81.289001	84.18914	83.994415	83.473389	80.925613	90.200409	81.422348	83.394844	83.300064	80.53228	84.110092	82.928879	80.758339	80.802505	81.368042	83.67337	80.411011	83.455353	80.30574	80.576462	83.935097	81.279236	80.472275	80.666534	83.496307	81.389862	82.066948	80.748871	87.631348	80.848984	80.118988	83.966286	82.456963	83.584389	79.762711	82.279465	83.954483	80.815262	81.02047	82.435524	83.846603	80.817856	82.364639	83.392288	81.692337	80.55584	82.094444	83.901932	80.48867	80.363914	82.247192	83.052292	83.035492	81.344879
79.389473	80.298279	79.366089	79.629807	79.928055	79.395508	100.0	79.426788	79.6875	80.242439	80.27272	79.995255	79.825562	79.389877	79.381355	79.944656	79.424988	79.712326	79.553795	80.335037	79.627464	79.806046	79.700562	79.352066	79.570892	79.437195	79.326218	79.892929	79.757431	80.082054	79.143005	79.752625	79.508507	79.711212	80.054657	79.47583	79.176018	79.182701	79.941986	79.873016	79.946457	79.456871	79.93515	79.753922	79.691666	79.434578	79.559906	79.610504	80.039017	80.088562	79.835381	80.098007	79.904648	79.513245	79.772232	80.758316	80.189484	79.626083	79.533417	79.615036	79.295563	79.238556	80.469284	79.126144	79.587662	79.462036	79.371002	79.48954	79.808746	79.518753	79.500275	79.80378	80.209259	79.467484	79.75032	79.315628	79.80426	80.009491	79.793167	79.75972	79.858925	79.696236	79.980606	79.502495	80.246727	80.165894	79.91597	79.892784	79.521622	79.221161	79.600983	79.566132	79.646049	79.496628	79.194092	79.037628	80.162552	79.614418	80.154251	79.546127	80.057114	79.772949	79.778275	79.902718	79.741104	79.432419	79.782303	79.892334	79.565819	79.533096	79.712524	79.787468	79.79277	79.629135	79.565102	79.669861	79.203575	79.911346	79.311035	79.623779	79.30233	79.292641	78.635727	79.279762	79.580299	80.383072	79.799545	79.89241	79.33725	79.697197	79.847061	79.90213	79.879105	79.35675	80.123428	79.924538	77.996033	79.754143	79.950836	79.449112	79.712212	79.578415	79.66452	79.790665	79.849632	79.736633	79.76255	79.759888	79.954147	80.010162	79.358643	79.999893	79.612244	79.540924	79.846405	79.60289	79.657021	79.762222	79.66246	79.775291	79.674606	79.987015	79.983871	79.279633	82.782684	79.519951	79.896988	79.425217	79.457199	79.600677	79.550987	79.367508	79.506371	79.834618	79.644142	80.107643	79.500443	79.752213	79.595215	79.448586	79.544899	79.358261	79.235847	79.77565	80.017593	80.189148	79.185928	79.871521	80.152771	79.145432	79.841736	79.987244	79.387657	79.344513	79.667534	79.469208	79.778519	79.775787	79.049255	79.151314	79.795052	79.831284	79.546707	79.470169	79.421249	79.595306	79.456863	79.488922	79.66095	79.848289	80.021774	80.040703	79.649086	79.681107	80.3032	80.065948	79.799805	79.470642	79.945221	79.891327
81.060471	80.476227	82.062119	81.937576	81.476952	80.647614	79.426788	100.0	81.149506	80.903679	81.069595	80.777664	81.029228	80.393654	81.776245	80.921875	81.129166	80.768051	80.717072	80.473938	82.164749	81.050278	79.953354	81.310204	81.269272	81.044266	80.433624	81.063751	81.759247	81.072906	79.923973	81.236763	81.782204	82.038971	80.66922	80.788315	80.493385	81.049744	81.108192	79.791275	81.418701	80.972931	80.46611	81.442062	80.967361	81.503693	81.187714	80.554276	81.10408	81.031067	84.464958	80.436264	81.443619	81.739044	80.354996	80.172043	80.392662	81.987686	80.689514	80.832474	80.673058	80.959351	79.242615	80.821945	80.634819	80.740158	80.765808	80.566208	81.059738	81.015854	80.839622	81.861328	80.677155	80.648041	84.212143	80.766556	81.119774	80.636024	80.927383	81.368729	81.101402	82.171646	80.552933	81.851852	80.577805	80.781479	84.628891	81.098938	84.252701	80.778145	79.033043	80.79776	79.86129	89.91996	80.609283	78.531265	80.757141	81.887634	81.362	80.859802	80.588165	81.212952	80.721329	84.251495	84.67807	80.75943	80.859772	81.019516	80.931915	80.879654	81.160889	81.593506	82.204453	80.94339	81.511124	86.764519	80.960304	81.203049	79.097168	80.856407	80.964691	80.467575	78.798355	80.831619	80.851181	80.537094	79.954514	81.017715	80.627258	81.267303	80.074471	80.923248	81.168137	80.685928	80.263641	81.031876	78.432869	84.696976	81.060226	81.320671	80.563927	81.861534	81.950867	84.666801	84.596741	80.820511	81.948639	82.376244	81.139008	80.127022	80.510605	81.120575	84.630859	80.795654	80.995575	80.641029	79.041534	84.328598	80.815781	85.821274	81.153099	80.713943	80.598251	80.556732	79.091095	81.198364	84.316635	81.167633	80.901352	80.850563	81.221672	80.704987	81.794472	80.784859	80.83223	80.565819	80.949112	80.782455	80.963226	81.080093	82.073471	81.076416	80.651871	80.913605	80.377556	80.666512	80.786568	84.249451	80.872429	79.657753	81.188049	81.465263	81.319	81.118561	80.764221	81.086914	79.983414	80.984039	80.041023	80.6297	80.020119	81.407654	80.867264	81.110054	84.995277	81.179306	80.712448	81.178253	80.346664	80.776527	82.162895	80.770699	81.265289	80.854218	80.576172	80.380569	81.31501	80.629005	80.942543	84.549446
81.23452	80.917694	82.06189	81.731316	81.590355	82.121201	79.6875	81.149506	100.0	81.092445	81.330482	81.165497	81.415215	81.655624	81.330055	82.123314	81.209106	81.884033	82.19516	80.894699	82.185966	82.400208	80.300278	80.942932	81.15229	81.262878	82.06662	82.256454	81.875908	82.241119	80.609093	93.599762	82.094513	81.660614	80.782753	80.644386	81.196899	82.679688	82.297256	79.697868	87.577438	84.608353	80.372566	87.871689	82.550674	81.117508	81.356667	82.006187	81.650192	82.15712	81.974213	80.773094	87.189102	81.361656	81.35273	80.152786	80.785385	81.73481	82.336166	82.108612	82.190811	82.722733	79.38179	81.087952	81.926468	82.219925	82.184525	81.928299	82.399513	81.401825	82.34053	82.254807	80.935043	82.166969	81.703003	82.00425	82.248154	80.769455	82.392975	94.072861	82.115463	82.344627	80.78138	81.253937	80.925674	81.081528	82.049782	82.117271	81.600845	82.274292	78.883209	82.275658	80.167725	81.487381	81.905792	78.500671	81.087555	82.025528	82.516113	82.293915	80.874275	81.273056	82.049904	81.747101	82.022995	82.27298	82.419846	81.995781	84.244041	84.49736	82.397713	81.366592	82.169754	81.899826	81.627922	81.588806	82.688721	82.489883	79.543533	82.425415	82.667816	81.965897	78.708923	82.471573	82.358116	80.988373	80.180832	82.31546	81.778587	81.363663	80.264008	82.216835	82.549942	80.517494	80.513512	82.500961	78.306641	81.870193	82.507751	87.70726	81.755737	81.406265	82.142906	81.927704	81.814087	81.923149	81.640282	82.08757	82.319649	80.244202	82.00808	82.314911	81.761345	84.141983	82.320183	81.533463	79.06839	81.833664	81.772537	81.186462	81.339119	81.855545	80.748871	81.87941	79.383881	82.877777	81.88063	82.856323	82.122528	82.02948	81.339149	82.124176	82.065292	81.926918	82.000366	80.905403	82.328064	81.914322	81.332611	81.240677	81.943871	82.64904	80.431366	82.234665	80.666138	80.926453	82.638062	81.89267	80.875534	80.138168	82.320999	81.605698	85.557655	81.098831	82.252907	81.273132	80.331001	82.248215	81.076538	82.167839	79.995239	87.819611	82.277878	81.323463	81.655319	83.245438	82.324905	81.260841	81.218307	82.082764	82.276138	81.08345	87.782982	82.173859	80.943611	80.701218	87.668259	81.765182	82.101379	81.941864
80.904221	84.124054	81.013962	81.135696	81.046143	80.728935	80.242439	80.903679	81.092445	100.0	82.119789	81.906738	80.974869	80.740356	80.768112	81.181686	80.987053	81.258865	81.145401	84.001877	81.440453	81.0177	81.253197	80.623947	80.908752	80.931946	80.539749	81.34845	81.35128	81.243088	79.935211	81.132874	81.167328	81.08976	89.411621	80.486961	80.242676	80.896439	81.249557	80.629562	81.364601	80.92041	81.312637	81.297478	81.079536	80.803917	81.118881	80.870331	81.27166	81.366196	81.376762	85.703285	81.283722	80.930237	80.851791	81.303955	85.473724	81.189377	80.843857	81.017456	80.792404	80.748474	79.998466	80.664658	80.820015	80.993225	80.889	80.994049	81.293045	81.054245	81.083496	81.416748	87.654671	80.800247	81.315125	80.788673	80.955612	89.420509	81.175941	81.208542	81.138062	81.519196	89.667252	80.926117	86.666992	88.20845	81.508377	81.078705	81.198738	80.838348	79.738998	80.885025	81.213913	81.115692	80.557098	78.8862	82.101532	81.19944	81.424042	80.974457	88.977463	81.303955	81.029022	81.364426	81.409378	80.745758	81.097275	81.366478	80.946075	81.025986	81.095337	81.192383	81.609947	81.048157	81.227859	81.443565	80.623192	81.266838	79.7351	81.165558	80.607376	80.504654	79.560486	80.96386	81.126892	86.302917	81.329842	81.223083	80.706024	80.71405	81.043747	81.266541	81.226089	80.350204	81.737152	81.217033	78.947372	81.404213	81.337364	81.124313	81.160774	81.058167	81.459488	81.510246	81.488007	81.074783	81.177742	81.441597	81.266907	81.596802	80.65239	81.128403	81.343796	80.753952	80.929352	81.12326	79.786064	81.349869	80.976135	81.057686	80.919586	81.205307	89.392166	80.633232	80.203583	81.026749	81.476082	81.070587	80.858963	80.941071	81.13755	80.771378	80.922462	80.912186	80.986679	86.599571	80.982178	81.179977	80.965851	81.013474	81.383202	80.917206	80.383926	81.201904	81.482361	81.927505	80.606873	81.479546	91.054703	79.708923	81.12944	81.074814	80.753006	80.885925	80.988724	80.972198	81.349731	81.213112	80.061089	80.647171	80.950348	81.22554	81.018692	80.848152	81.100632	81.063431	80.886185	80.876755	80.448105	81.120697	81.640228	81.965897	80.991127	81.151337	85.805649	81.483261	81.185562	80.874741	81.273064	81.60302
81.361671	82.024109	81.283325	81.340599	81.397087	80.814651	80.27272	81.069595	81.330482	82.119789	100.0	86.789062	81.198441	80.73819	81.071251	81.217133	81.192566	81.033829	80.816109	81.950806	81.525452	81.097763	81.707863	80.841202	81.037247	81.320381	80.689377	81.181091	81.546715	81.236908	80.076096	81.297272	81.43692	81.339111	81.763588	80.758392	80.293335	80.918243	81.237503	80.566589	81.639374	81.196426	81.461243	81.458344	81.084587	81.062775	81.322762	80.936287	81.175751	81.488716	81.637917	82.032021	81.38533	80.968445	80.677109	81.276154	81.86618	81.391098	80.895081	80.968292	80.713928	80.71936	80.078819	80.858032	80.870865	80.81601	81.016296	80.793533	81.318573	81.31572	80.953552	81.529022	81.806625	80.826981	81.428619	80.652222	81.060638	81.853088	81.136917	81.448853	81.192276	81.697052	81.63694	80.835999	81.918518	81.990021	81.449203	81.137512	81.119713	80.689713	79.78315	80.930702	81.465042	81.119019	80.588898	79.08342	84.984566	81.434113	81.385284	80.93779	81.914536	81.295593	80.983818	81.353546	81.59642	80.677643	80.992805	81.523293	81.180367	81.107841	81.272171	81.218552	81.588516	80.849342	81.173218	81.29525	80.749916	81.14682	79.97345	81.005905	80.892639	80.647346	79.377609	80.842064	80.88649	82.028	81.534447	81.170502	80.687683	81.195023	81.369247	81.188995	81.090836	80.674072	81.984558	81.217941	78.941376	81.555656	81.331879	81.146408	80.928596	81.316879	81.6577	81.462845	81.630783	80.904938	81.334427	81.491211	81.236923	81.765442	80.607407	81.240005	81.371712	81.038788	81.021317	80.804947	79.570129	81.475861	81.104622	81.27829	81.455719	80.963058	81.714279	80.652405	79.986984	80.9907	81.485298	81.040573	80.993546	80.846573	81.392982	80.657173	81.29921	81.056816	80.944794	82.054161	81.031639	81.15802	81.303642	81.178429	81.473923	81.02359	80.549896	81.090347	83.686485	84.752106	80.871384	81.612976	81.95253	79.7575	81.18132	81.51152	81.086868	81.227753	80.880592	81.239532	81.66954	81.034515	80.075897	80.644119	81.167984	81.668152	80.947205	81.255692	81.174385	81.073822	80.788109	81.231522	80.475761	81.076965	81.852264	85.790283	81.227554	81.143814	81.86454	83.626801	81.317001	80.742226	81.19902	81.567947
81.146294	81.962891	81.271393	81.146164	81.263107	80.70665	79.995255	80.777664	81.165497	81.906738	86.789062	100.0	80.949585	80.62989	80.958939	81.083282	81.274498	81.002556	80.814835	82.114746	81.498688	80.947838	81.272842	80.733635	80.71254	81.253632	80.420258	80.990021	81.50779	81.105377	79.973221	81.12326	81.64505	81.260864	81.61055	80.565819	80.021126	80.772026	81.264511	80.570282	81.37487	80.935654	81.323822	81.367004	80.95723	80.857201	81.200729	80.739647	81.106026	81.31562	81.471642	81.744446	81.291672	80.761398	80.532623	81.113312	81.642517	81.111031	80.640991	80.904099	80.585014	80.616386	79.794754	80.845474	80.779831	80.741333	80.813828	80.781166	81.141701	81.276283	80.747147	81.523193	81.766312	80.740837	81.171356	80.541382	80.858719	81.76091	81.007324	81.185806	81.002426	81.76638	81.582138	80.686775	81.897018	81.866081	81.449768	81.211189	81.018799	80.66124	79.664444	80.854713	81.15448	81.13369	80.438324	78.879654	85.091843	81.462082	81.227402	80.723785	81.734924	81.188866	80.920258	81.415024	81.47287	80.726715	80.924278	81.310425	81.046463	80.921547	81.093262	81.122482	81.584457	80.75473	81.155106	81.241241	80.616188	81.092178	79.705261	80.931168	80.590179	80.501541	79.317001	80.753082	80.731453	81.925354	81.305695	81.076248	80.613045	80.962425	81.167068	81.103523	81.158279	80.512146	81.676941	81.07309	78.924225	81.462692	81.270302	81.053902	80.829529	81.035057	81.609314	81.371452	81.583214	81.097809	81.243729	81.478882	81.22718	81.733765	80.572388	81.155357	81.195343	80.931091	81.013977	80.704773	79.627075	81.364746	80.810425	81.075706	81.215149	80.9319	81.533821	80.404816	79.804733	80.898895	81.309799	80.832436	80.928894	80.71048	81.295273	80.729156	81.340591	80.841461	80.877289	81.875885	81.019035	80.982864	81.338852	81.063072	81.404335	80.800087	80.374901	80.957718	83.584267	84.820435	80.56324	81.471085	81.708626	79.619247	80.958893	81.250618	80.899948	81.218033	80.878937	81.142868	81.28331	81.008301	79.929504	80.533501	81.039429	81.412033	80.837723	81.326019	81.116135	81.1073	80.712189	81.077705	80.253754	81.004959	81.641418	86.219238	80.982285	81.052719	81.777328	83.543098	81.338043	80.741631	81.069878	81.441025
80.759056	80.801834	81.255524	81.17231	81.336716	80.965431	79.825562	81.029228	81.415215	80.974869	81.198441	80.949585	100.0	80.844452	80.810577	81.464539	80.788696	81.246376	81.031944	80.845123	81.434464	81.820374	80.059029	80.477142	80.901031	80.791229	80.882339	81.849213	81.792709	81.702843	80.876663	81.396088	81.395683	81.1772	80.608932	80.80394	81.017563	80.804153	81.678406	80.475861	81.716324	81.217201	80.822861	81.681175	81.364563	80.677948	80.868355	80.987228	91.955231	81.712204	81.784935	80.693039	81.690506	81.004364	80.972321	80.701355	80.742065	81.21376	80.979202	81.561462	80.757614	80.946091	79.416718	80.516159	81.24823	81.051788	81.130325	81.034943	81.550476	80.89621	81.232346	81.338486	80.880936	81.079239	81.805313	80.852722	81.488747	80.856956	81.494049	81.476433	81.762848	81.507126	80.453049	80.907623	80.765556	80.77179	81.901764	81.582123	81.117859	80.881744	79.610611	81.023697	79.982933	81.188316	80.807236	78.938126	80.918243	81.397751	81.86953	81.149269	80.493965	80.968567	81.213196	81.800072	81.776367	80.853233	81.147636	81.73407	81.180313	81.152618	81.762589	81.103378	81.345329	81.501389	81.327316	81.562187	80.762985	81.708923	79.37899	81.190842	80.98201	80.69532	79.080811	81.081116	81.283661	80.674126	79.952713	81.753601	80.794067	81.188126	80.306702	81.622406	81.462677	80.58773	80.344254	81.716034	78.688995	81.729164	81.690323	81.260529	81.099892	81.37326	81.901596	81.769547	81.859375	81.139084	81.068527	80.797287	81.780563	80.316193	80.871216	81.962799	81.529182	81.05722	81.595741	81.357788	79.48877	81.729309	81.198601	81.51445	80.975998	81.276505	80.58075	80.852852	79.714203	81.144623	81.731323	81.129654	81.056854	80.987305	81.044754	80.99662	81.246399	81.371864	81.129509	80.529755	81.271416	81.334343	81.019875	80.844711	81.425301	81.028519	80.501953	81.467567	80.674561	80.836365	80.787186	81.639603	80.663177	80.212753	81.674347	81.583191	80.982803	80.622482	81.368973	80.861984	80.042557	81.457527	80.370499	80.788635	80.191666	81.531342	81.100296	80.910927	81.012299	81.602951	80.979866	80.827309	80.742821	81.27211	81.695648	80.913071	81.346085	81.569763	80.930222	80.787086	81.508781	80.993942	81.636139	81.954247
80.634148	80.446503	80.985893	81.008789	81.237999	82.936028	79.389877	80.393654	81.655624	80.740356	80.73819	80.62989	80.844452	100.0	80.643852	83.408081	80.676895	83.159348	83.530197	80.501709	81.185883	83.10537	80.250351	80.779617	80.960274	80.684204	82.971985	83.241409	81.060959	83.477341	79.972977	81.664047	81.146988	80.966293	80.711533	80.630974	80.412476	83.450851	83.161926	79.881454	81.901581	81.64785	80.281738	81.974709	83.524376	80.944214	80.817581	83.436996	80.962212	83.140381	81.077652	80.629379	81.797546	80.689964	81.142395	80.308914	80.558777	80.981018	83.393494	83.07695	83.106049	83.505478	79.246017	80.376404	83.320648	83.129692	83.132797	83.234718	83.492828	80.675003	83.323647	81.346741	80.695068	83.226959	81.00589	83.066032	82.933708	80.628548	83.55423	81.726028	83.177612	81.35067	80.550713	80.692841	80.567764	80.619843	81.172318	83.053848	80.909988	83.17572	79.126282	83.364769	80.378906	80.839722	82.963776	78.605438	80.79007	81.052681	83.675713	83.423248	80.619766	80.948318	83.304855	81.082832	80.962631	83.163193	83.47464	83.119499	81.733765	81.562759	83.26754	81.232628	81.392593	82.925316	80.984192	81.034821	83.450211	83.155518	79.194893	83.408989	82.718201	82.923828	78.918526	83.181152	83.582291	80.644882	80.410736	83.412094	82.809097	80.902969	79.786201	83.503342	83.279938	80.500648	80.490829	83.279106	78.622818	81.010498	83.661743	81.601402	83.092552	80.950714	81.229752	81.100365	81.109306	83.243378	81.012695	81.223022	83.8255	80.480072	82.837067	83.503098	81.063301	81.552261	83.224518	81.378433	79.359833	81.056442	83.067818	80.732803	80.702377	83.30246	80.65567	82.77301	79.294373	83.67482	81.091202	84.241096	83.157555	83.280899	80.697067	82.833466	80.962891	83.160477	83.458023	80.529572	83.281593	83.361511	80.642967	80.612434	81.258041	83.370667	80.359024	83.386108	80.493225	80.713326	82.879791	81.037979	80.589027	81.011703	83.19957	81.038147	81.396324	80.75222	83.080643	80.681	80.373581	83.400734	81.513908	82.893234	79.816986	81.959755	83.211708	80.713692	80.852486	81.754379	83.131157	80.801804	82.494072	83.304611	81.478745	80.65361	81.589142	83.413223	80.499695	80.522079	81.7985	83.112701	83.560669	81.133667
81.07412	80.645676	81.961197	81.979996	81.82914	80.915649	79.381355	81.776245	81.330055	80.768112	81.071251	80.958939	80.810577	80.643852	100.0	81.00943	81.197083	80.840225	80.999893	80.597931	82.306198	81.105576	79.926735	84.271973	81.497528	81.148376	80.856781	81.307297	81.775314	81.188087	80.332375	81.343987	81.973	82.152023	80.564507	81.117874	80.511612	81.096733	81.310974	79.711227	81.751259	81.173004	80.448822	81.58902	81.204285	83.787292	81.303619	80.863678	81.093445	81.277847	82.335678	80.478653	81.506592	83.221344	80.490021	80.272842	80.424423	82.028244	80.884628	81.090393	80.766968	81.153419	79.433075	80.89299	80.802277	80.919792	80.913925	80.693008	81.169647	81.246895	80.929527	81.883842	80.640671	80.908554	82.224884	80.863815	81.007866	80.578247	81.167221	81.436699	81.201157	82.532532	80.451782	83.145844	80.530945	80.811607	82.377274	81.269989	81.934944	81.007492	79.132637	80.912384	79.968918	82.068939	80.800217	78.660553	80.990997	81.949768	81.378799	81.055901	80.438187	81.127151	80.921883	82.332245	82.385818	80.897675	81.073967	81.378693	81.074539	81.106689	81.213989	81.811447	82.617615	80.87812	81.501633	82.24971	81.090645	81.300797	79.47052	81.045883	81.150269	80.738144	78.589142	81.026886	81.025726	80.474869	80.083038	81.18589	80.749283	81.35405	80.151321	81.203606	81.240669	81.052704	80.415588	81.192093	78.204529	82.354538	81.282654	81.260056	80.828285	81.850151	82.251167	82.275299	82.370102	80.852333	82.136711	82.80101	81.215332	80.335312	80.872643	81.241211	82.193741	80.95018	81.067612	80.781403	79.254333	82.17926	80.867439	81.915344	81.117096	80.953918	80.496246	80.844803	79.159615	81.278214	82.142365	81.262955	81.071136	81.045868	81.28891	80.922478	81.985374	81.007149	80.880432	80.613785	81.032898	81.043747	81.086975	81.135658	81.905624	81.148163	81.023666	81.031845	80.581223	80.870163	81.018784	82.516762	80.765121	79.583664	81.063873	81.820007	81.270798	81.221985	81.022697	81.142189	80.106247	81.179459	80.367302	80.967621	80.075485	81.657547	80.931602	81.036789	82.11747	81.260315	80.886749	81.334114	80.293015	80.865356	82.567291	80.853683	81.299347	81.076515	80.5541	80.498444	81.434898	80.750381	81.123352	82.334763
81.085907	81.034515	81.618118	81.511559	81.806549	83.43895	79.944656	80.921875	82.123314	81.181686	81.217133	81.083282	81.464539	83.408081	81.00943	100.0	81.2565	86.753448	84.898781	80.939423	81.774307	84.574966	80.426025	80.751007	81.283432	81.182182	83.299896	84.618576	81.877869	85.315292	80.393646	82.13382	81.895645	81.479218	80.74231	80.796143	80.591446	83.390266	84.588074	80.244247	82.616028	82.209167	80.62632	82.598381	85.079575	80.829575	81.203278	87.352448	81.619965	85.894669	81.50354	80.914169	82.488968	80.947075	81.507622	80.877747	80.944046	81.550087	84.799675	84.430634	84.460419	83.675323	79.582047	80.803314	94.430473	84.508163	84.580231	88.105652	85.841972	81.314384	85.157745	81.707306	81.10717	84.692863	81.410378	84.486725	84.399994	80.862862	84.974197	82.190491	84.58667	81.981766	80.630249	80.888306	80.952324	81.043137	81.606979	84.268974	81.149719	84.626343	79.571754	84.868652	80.267059	81.34549	83.337662	78.714905	81.298584	81.795883	84.891571	84.620377	80.782181	81.305695	90.76326	81.520172	81.429207	84.652061	85.003792	85.755203	82.276169	82.087776	84.618408	81.525528	81.837784	83.972305	81.683388	81.479141	83.588608	84.722374	79.642967	84.824127	83.197502	83.275162	79.241714	84.801895	84.867126	80.935211	80.425598	84.976357	84.14241	81.579811	80.320381	84.997948	84.851974	80.679688	80.753708	84.827377	78.823769	81.433685	85.39566	82.133041	86.678497	81.450745	82.088661	81.452866	81.506577	89.425339	81.462723	81.498466	85.132599	80.576614	83.430954	84.880531	81.167313	82.189789	84.660248	81.588669	79.363701	81.438576	89.090317	81.186951	81.276855	87.14473	80.657501	83.209625	79.720367	83.809387	81.492996	84.074211	84.65625	84.373947	81.3078	83.540909	81.64138	84.366821	90.916016	80.93251	84.72438	86.874641	81.322678	81.089615	81.983307	83.41217	80.482727	87.596664	80.797974	80.986603	83.20784	81.715759	80.827042	81.497101	84.778336	81.759979	81.89196	81.056175	83.856995	81.164597	80.462967	84.796066	82.947113	84.240616	80.211273	82.403244	84.741829	81.204285	81.08754	82.623627	84.572258	81.215027	86.355911	90.834259	82.104897	81.186783	82.141647	84.797256	81.107971	80.885193	82.460709	87.702606	85.048523	81.496994
87.657715	80.750778	82.26001	81.749985	81.473434	80.779617	79.424988	81.129166	81.209106	80.987053	81.192566	81.274498	80.788696	80.676895	81.197083	81.2565	100.0	81.192024	81.100136	80.739388	82.440552	81.073601	79.978729	80.897034	81.142586	88.457108	80.748505	81.268631	82.293289	81.419296	79.97525	81.289856	82.479996	81.636368	80.667496	80.845833	80.186707	81.18187	81.271637	80.110886	81.479218	80.983536	80.517197	81.554169	81.202034	81.042435	88.261612	80.915909	81.154114	81.408539	81.894028	80.783585	81.400574	81.074753	80.564941	80.5755	80.619865	81.764236	81.115135	80.923492	80.965843	81.021469	79.318222	87.451279	81.00914	80.925865	81.161743	80.998474	81.327347	88.463814	80.990158	81.906776	80.85051	81.070114	81.712509	81.026733	81.062149	80.815033	81.200714	81.457924	81.320084	82.829773	80.562057	80.932793	80.856522	81.048042	81.883362	81.077774	81.40152	81.029289	79.18988	81.024033	79.952797	81.446472	80.677322	78.442245	81.25209	82.381393	81.328201	81.07782	80.701096	85.801147	81.179611	81.852142	81.885498	81.148613	81.091835	81.285202	81.04438	80.936584	81.260811	81.532364	82.162636	80.878021	81.88974	81.524414	81.080887	81.294174	79.105835	81.154739	81.075439	80.62822	79.174026	81.112137	81.050995	80.721237	80.128189	81.217285	80.850693	81.261642	80.197899	81.136101	81.340393	80.672668	80.510895	81.160042	78.906876	81.933701	81.515594	81.227295	81.028435	81.485626	82.456047	81.967751	82.046585	81.056877	81.763504	82.046806	81.337135	80.245087	80.757004	81.304199	81.749268	80.900208	81.266632	80.637848	79.194618	81.828613	81.004402	81.423271	87.105957	81.013779	80.634987	80.721405	79.201035	81.244171	81.860962	81.354416	81.197571	80.870605	88.264359	80.941589	82.202423	80.936737	81.052094	80.825722	81.283615	81.200089	85.376877	88.674286	82.451324	81.252907	80.536484	81.289375	80.666779	81.002243	80.821091	81.715034	80.81076	79.770187	81.219612	81.628998	81.108757	89.114182	81.010391	89.37664	79.996765	81.349533	80.131096	80.912521	80.164703	81.495468	81.185699	87.381165	81.583374	81.371155	81.100891	89.113724	80.414154	81.159904	82.382927	81.212845	81.328201	81.261032	80.726509	80.562386	81.31266	80.96814	81.101036	81.849396
