858422.3	2840472.3	29448.139	1355477.98	1404768.8	2782624.3	1904807.3	993502.5	1325112.3	574934.3	722472.7	288000.8	754500.3	2782664.3	2057741.8	858423.19	1437360.8	2913970.3	244734.17	709803.3	1325090.15	189873.4	2782666.3	1325114.3	1325115.7	167468.3	722472.8	858423.18	1420727.4	255045.4	83637.3	1437360.11	29448.131	1325102.3	83627.3	574727.4	1325120.3	1038867.3	2715960.3	1325095.3	2926009.3	1274631.4	1619232.5	190148.11	2898149.3	114615.4	1245469.3	255045.57	630921.8	115808.6	2782658.3	1437360.9	1437360.5	2817700.3	335659.3	2734909.5	2597515.4	244734.18	722472.6	1855319.3	375.251	2782671.3	1179474.4	1521768.3	1325100.3	2782634.3	2911010.5	1803665.3	1404888.3	1399419.3	375.244	2904800.6	2035447.3	241591.3	113395.3	255045.56	375.225	2876780.6	1197460.4
100.0	83.276459	83.001556	81.554947	81.942123	81.698151	82.838486	81.814011	81.542259	81.83165	84.682877	80.705933	81.661469	81.630249	82.71431	81.535378	80.716797	83.024323	81.867798	81.778076	81.422928	88.377853	81.850647	81.870766	81.668228	81.844627	83.309372	81.698746	82.014267	81.497482	83.000206	82.205368	81.754509	81.772034	81.69413	81.818871	82.794792	81.454788	82.945618	81.469604	81.832275	88.16806	83.031288	91.840034	80.932175	80.918793	80.868134	81.635803	82.802155	80.845299	88.358978	83.75528	82.801163	82.803329	81.719574	80.887215	81.880844	81.88356	82.057907	81.21962	81.937798	81.614288	81.841843	79.691208	83.160675	81.661591	81.260353	81.837418	81.776802	81.758728	81.875214	79.688965	81.79306	81.59758	81.02478	81.582726	81.868958	81.523521	82.827591
83.276459	100.0	82.987732	81.780472	82.092232	81.917252	82.91024	81.876343	81.805511	82.123741	84.107391	81.159569	81.852859	81.764923	82.764053	81.844116	81.247437	82.950935	82.260925	82.137436	81.631882	83.336288	81.900757	82.114761	81.920914	81.869263	84.093513	82.061447	82.134804	83.260918	82.942017	84.866844	82.150742	81.941376	82.014114	82.010132	82.912476	81.776604	82.855766	81.659843	82.150986	83.267746	82.690903	83.547501	81.429138	81.312775	81.386673	81.844109	82.829605	81.502388	83.617569	84.365883	82.848358	82.919266	82.102966	81.382431	82.106438	82.268539	84.332962	81.513382	82.317474	81.944504	82.163551	80.27845	83.209656	81.798454	81.621468	82.223785	82.029655	82.094917	82.195786	80.379654	82.123932	81.873337	81.445351	81.971725	82.094955	81.750961	82.842361
83.001556	82.987732	100.0	82.776169	82.991478	82.783569	91.155594	83.22718	82.82811	82.959679	83.448318	81.736969	82.720924	82.702026	89.984695	82.884422	80.971939	91.355438	83.172104	83.054932	82.799774	82.681076	82.928802	83.009018	82.917076	82.78183	82.962379	82.78196	83.104858	81.296783	87.975792	82.175667	83.100525	82.975266	83.037979	82.938065	91.336823	82.694702	90.470856	82.677589	83.047592	82.650772	86.993515	83.122696	81.960037	82.073959	81.968475	82.683159	90.291237	82.027405	82.748917	83.034309	91.060135	94.577423	82.913956	81.887955	83.065033	82.963348	81.709564	82.627838	83.78598	82.668793	82.914032	80.104088	88.655914	82.650436	82.589478	83.157661	83.018059	82.964439	83.578232	79.821915	83.287743	82.71405	81.694824	82.678078	83.603226	82.863708	90.28598
81.554947	81.780472	82.776169	100.0	87.821632	87.658966	82.764313	87.191193	89.004181	87.641434	81.921646	81.312805	87.53862	87.359894	82.674744	89.372513	80.358185	82.997162	87.501137	87.655556	88.563393	81.465652	88.003998	87.616661	87.372696	87.212067	81.733749	85.214752	87.422485	80.415558	83.018463	81.343575	88.466782	87.16394	88.729156	87.618576	82.804642	92.490479	82.836792	89.014992	88.216187	81.465881	82.472229	81.740875	81.492355	81.763176	81.663269	87.363739	82.668991	81.752464	81.566391	81.65799	82.739891	82.780167	87.975021	81.61161	88.008392	88.216278	80.91658	88.521362	88.322723	87.490204	87.783821	79.760757	82.95108	87.07132	88.99202	88.160797	87.558006	87.716576	87.885429	79.413177	87.763725	88.301735	81.416702	87.592636	88.354012	91.302353	82.703941
81.942123	82.092232	82.991478	87.821632	100.0	88.40657	83.019531	88.482903	87.506096	90.507324	82.097366	81.733032	88.305374	89.62867	82.938362	87.672951	80.474945	83.092743	89.839111	90.473694	87.379852	81.721771	88.615799	90.157944	89.752029	88.552414	81.804016	85.421638	88.981476	80.603317	83.131439	81.570557	88.82515	88.907425	87.775223	88.638817	83.004974	87.68808	83.092087	87.304413	88.822548	81.725487	82.513138	82.018852	81.952881	82.034149	82.110008	88.162048	82.924706	82.263985	81.858139	81.844772	82.868713	83.006439	88.715286	82.00959	88.641251	88.922592	81.189323	87.117256	89.130798	88.245506	93.89782	80.077179	83.163437	88.209724	87.127533	88.926086	88.707565	88.637871	91.76506	79.654724	90.374954	88.496811	81.631699	88.391563	88.720184	87.762238	82.932602
81.698151	81.917252	82.783569	87.658966	88.40657	100.0	82.768738	87.901909	87.163101	88.238144	81.941147	81.438812	92.434921	88.663162	82.621918	87.285065	80.209381	82.867142	88.046951	88.259811	86.869316	81.635399	90.783127	88.370811	88.106773	87.83992	81.73204	85.388321	87.976234	80.404335	82.906403	81.406418	89.182556	88.016647	87.782547	88.415115	82.778275	87.697708	82.763443	87.016724	89.895935	81.499741	82.377678	81.934479	81.482422	81.699142	81.700439	92.348801	82.690552	81.815125	81.598984	81.65538	82.597137	82.730614	88.470123	81.614029	88.354546	88.74173	80.930786	86.735603	89.201965	92.363937	88.400932	79.773041	82.956207	88.074036	86.957245	88.412918	88.192963	88.197784	88.799988	79.558067	88.337219	88.597656	81.456451	92.415222	89.092621	87.637207	82.683472
82.838486	82.91024	91.155594	82.764313	83.019531	82.768738	100.0	82.87265	82.821907	82.997589	83.392883	81.834969	82.762421	82.749405	90.424019	82.82312	80.907852	91.711449	83.250656	83.046036	82.723129	82.719284	82.875732	82.883286	82.953011	82.828064	82.886665	82.684425	83.17363	81.226974	88.055206	82.172348	83.054306	82.894447	83.038055	82.889465	91.262115	82.711945	91.229553	82.735382	83.085266	82.649521	87.114288	83.216202	81.874443	82.052475	82.018539	82.654984	90.8255	82.244492	82.840317	83.041885	91.323586	91.151672	82.899384	81.985687	83.166733	83.105141	81.750984	82.539856	83.196838	82.676338	82.998611	80.088928	88.230927	82.665314	82.622681	83.130981	83.093109	82.972115	82.981651	79.88945	83.10701	82.878159	81.83197	82.801819	83.159653	82.797089	90.446373
81.814011	81.876343	83.22718	87.191193	88.482903	87.901909	82.87265	100.0	87.04454	88.721207	81.890503	81.613968	87.695717	88.467438	82.676575	87.616524	80.390152	82.921814	88.793472	88.678223	86.869553	81.604324	88.06974	88.672043	88.541985	88.385544	81.728722	85.323296	88.847519	80.486221	82.874924	81.433304	89.056824	88.58638	87.435852	89.517136	82.622337	87.070251	82.770157	86.792007	88.236557	81.580688	82.363037	82.008369	81.718964	81.888596	81.987907	87.532059	82.694252	81.995499	81.758102	81.559158	82.730576	82.687096	87.865578	81.859406	88.256454	88.022644	81.034332	86.575195	89.953247	87.597252	88.447571	79.840027	82.954292	89.023407	86.759933	88.563454	91.126953	88.290497	90.099152	79.759567	88.696518	87.754082	81.544128	87.787369	89.621429	87.165253	82.58007
81.542259	81.805511	82.82811	89.004181	87.506096	87.163101	82.821907	87.04454	100.0	87.487839	81.871231	81.500381	86.944565	86.982727	82.818771	89.246033	80.375748	82.914871	87.368629	87.644218	90.885956	81.436829	87.485397	89.468216	89.412239	87.147018	81.527802	85.045731	87.46286	80.347137	83.013947	81.328812	87.696022	87.160042	88.155235	87.354172	82.819946	88.897324	82.839798	91.125046	87.519699	81.434265	82.41935	81.80481	81.594994	81.826752	81.765244	86.904701	82.621277	81.845139	81.560257	81.548218	82.660797	82.781754	87.48436	81.690712	87.856567	87.758904	80.904205	88.954605	87.905624	86.894478	87.442688	79.962585	82.969116	86.890091	91.046951	87.936584	87.334656	87.71447	87.591553	79.450272	87.683853	87.697418	81.571075	87.044182	87.670242	88.881668	82.625793
81.83165	82.123741	82.959679	87.641434	90.507324	88.238144	82.997589	88.721207	87.487839	100.0	82.130127	81.78006	88.124252	90.467133	82.788727	87.568329	80.468346	83.06044	90.434128	90.719643	87.403267	81.679535	88.534554	91.706909	90.127197	88.711914	81.801079	85.447121	89.166718	80.540665	83.047699	81.54245	88.622475	88.955223	87.727097	88.890457	82.862907	87.563446	82.999275	87.362099	88.629105	81.697411	82.468765	82.048462	81.893211	82.086426	82.07959	88.025421	82.944794	82.214294	81.801437	81.795349	82.821182	82.915962	88.375061	82.126526	88.684563	88.722893	81.042641	87.161285	88.994827	88.137314	90.386703	79.926376	83.112434	88.405624	87.211601	89.128372	88.809258	88.731331	90.652893	79.787537	90.708954	88.31575	81.557907	88.312531	88.640762	87.561531	82.756844
84.682877	84.107391	83.448318	81.921646	82.097366	81.941147	83.392883	81.890503	81.871231	82.130127	100.0	80.993469	82.003342	81.837845	83.30986	81.951859	81.228584	83.578232	82.112274	82.104164	81.718414	84.700287	82.155457	82.139198	82.059921	81.919662	83.94722	81.928543	82.110268	82.297455	83.455109	83.261749	82.319603	81.986809	82.000458	81.97963	83.410454	81.780899	83.386642	81.821823	82.272034	84.580811	83.389938	84.793846	81.171906	81.270584	81.371475	81.889053	83.326675	81.363525	85.151169	85.296951	83.501572	83.414948	82.142113	81.246956	82.114136	82.260605	82.792709	81.616661	82.309898	81.913757	82.042313	80.027779	83.429092	81.782394	81.758041	82.207535	82.128601	82.137985	82.099625	80.130554	82.144333	82.028732	81.201645	81.986992	82.149109	81.887329	83.431412
80.705933	81.159569	81.736969	81.312805	81.733032	81.438812	81.834969	81.613968	81.500381	81.78006	80.993469	100.0	81.390747	81.536606	81.709747	81.36171	79.886139	81.86203	81.83725	81.870956	81.427444	80.619362	81.620209	81.757118	81.764786	81.654778	80.713196	81.417328	81.862869	79.997269	81.854004	80.722954	81.602142	81.787155	81.580307	81.523376	81.687553	81.34581	81.70414	81.415031	81.699463	80.680862	81.240631	80.879196	86.862289	87.311752	87.466583	81.355865	81.663116	87.432648	80.81694	80.79129	81.633545	81.729263	81.610474	87.396034	81.663116	81.561905	80.294846	81.254593	81.824707	81.476562	81.61821	79.798203	81.793022	81.431412	81.332443	81.800629	81.72863	81.74511	81.747177	79.471977	81.868622	81.428665	80.990814	81.401962	81.662262	81.448517	81.589569
81.661469	81.852859	82.720924	87.53862	88.305374	92.434921	82.762421	87.695717	86.944565	88.124252	82.003342	81.390747	100.0	88.266785	82.508263	87.17215	80.467712	82.872513	87.934464	88.10994	86.732193	81.554916	90.619705	88.065964	87.890244	87.625778	81.628525	85.122406	87.780258	80.352417	83.026024	81.472488	88.843048	87.84404	87.721069	88.139427	82.744835	87.469742	82.698952	86.872009	89.940895	81.494293	82.398903	81.894669	81.634659	81.662582	81.736923	94.123337	82.685204	81.758545	81.749924	81.696686	82.636635	82.773102	88.420288	81.656418	88.040863	88.614113	80.846527	86.591316	88.922653	94.72348	88.453705	79.733681	82.941788	87.746902	86.774521	88.36145	88.082001	88.000748	88.448761	79.478653	88.180634	88.62426	81.39431	94.228134	88.762497	87.442245	82.647133
81.630249	81.764923	82.702026	87.359894	89.62867	88.663162	82.749405	88.467438	86.982727	90.467133	81.837845	81.536606	88.266785	100.0	82.584793	87.057938	80.3741	82.78183	89.623726	89.676437	86.850563	81.521332	88.431068	89.999939	89.595001	88.382675	81.568672	85.273575	88.613037	80.385284	82.694778	81.357697	88.483376	88.710342	87.390366	88.784142	82.692451	87.438797	82.632812	86.856186	88.533325	81.63549	82.080338	81.90477	81.630829	81.759483	81.784729	88.161041	82.522217	81.811951	81.610275	81.582817	82.503662	82.681366	87.933121	81.696243	88.269623	88.233818	80.981522	86.550308	88.85524	88.232742	89.740479	79.67804	82.84996	88.361832	86.72467	88.510338	88.746964	88.236816	90.290039	79.447182	89.672943	87.953857	81.375282	88.309616	88.45327	87.278694	82.497932
82.71431	82.764053	89.984695	82.674744	82.938362	82.621918	90.424019	82.676575	82.818771	82.788727	83.30986	81.709747	82.508263	82.584793	100.0	82.837791	80.838844	90.274582	82.971375	82.807823	82.550674	82.61969	82.705986	82.88533	82.828941	82.70932	82.717117	82.537163	82.986313	81.178375	87.635269	82.076843	82.821533	82.735397	82.844604	82.81221	90.054581	82.52623	90.675827	82.694473	82.907394	82.59346	86.584137	82.995422	81.775681	81.999832	81.956215	82.511383	89.880096	82.043846	82.697052	82.927826	90.057098	90.042114	82.703148	81.871582	83.036919	83.538193	81.583702	82.44104	83.040527	82.558121	82.820877	80.137512	87.79377	82.502686	82.435455	83.017464	82.811958	82.912971	82.891945	79.869682	82.928917	82.637291	81.731476	82.601662	82.853004	82.762291	89.670258
81.535378	81.844116	82.884422	89.372513	87.672951	87.285065	82.82312	87.616524	89.246033	87.568329	81.951859	81.36171	87.17215	87.057938	82.837791	100.0	80.436272	82.960388	87.411728	87.694046	88.810417	81.544632	87.647652	87.499184	87.367813	86.959366	81.619469	85.135872	87.316467	80.54747	83.023125	81.443314	88.319336	87.129654	88.443222	87.2827	82.817627	89.352722	82.966286	89.669952	87.776596	81.497131	82.528732	81.84185	81.630157	81.818573	81.709137	87.006683	82.699112	81.877655	81.574615	81.600601	82.766167	82.883102	87.817978	81.697708	87.982857	88.03363	80.852783	88.59021	88.492805	87.050156	87.593292	79.937531	82.968338	86.885811	89.522934	88.11821	87.556374	87.716949	88.145752	79.710289	87.744324	87.967484	81.552536	87.181549	88.471817	89.339699	82.676743
80.716797	81.247437	80.971939	80.358185	80.474945	80.209381	80.907852	80.390152	80.375748	80.468346	81.228584	79.886139	80.467712	80.3741	80.838844	80.436272	100.0	80.779053	80.552277	80.548187	80.288078	80.616806	80.471466	80.456894	80.420906	80.383987	80.839218	80.45752	80.516617	80.874298	80.784744	81.152206	80.615341	80.415695	80.474075	80.398743	80.846481	80.235245	80.950104	80.329376	80.544861	80.521851	80.778412	80.668274	80.00322	79.886887	79.995872	80.271378	80.693069	79.977829	80.710678	81.001884	80.858505	81.018364	80.45784	79.90699	80.474136	80.525696	80.868103	80.131317	80.614853	80.304443	80.523193	79.108429	80.873749	80.334145	80.302338	80.471848	80.428009	80.43985	80.482323	79.261917	80.512695	80.311096	80.10276	80.353714	80.52359	80.452957	80.734985
83.024323	82.950935	91.355438	82.997162	83.092743	82.867142	91.711449	82.921814	82.914871	83.06044	83.578232	81.86203	82.872513	82.78183	90.274582	82.960388	80.779053	100.0	83.282318	83.211578	82.758835	82.938553	82.935104	83.151321	83.017197	82.973053	82.984406	82.751602	83.196121	81.283363	88.062485	82.278793	83.152473	83.044434	82.995789	82.978745	92.064987	82.881378	90.958984	82.920212	83.195007	82.759277	87.106873	83.151489	81.949539	82.144714	82.051407	82.756409	91.551651	82.18615	83.003548	83.176208	91.785309	91.327126	82.992477	82.048714	83.219864	83.155441	81.837021	82.575119	83.307442	82.862572	83.054352	80.27713	88.503143	82.835754	82.694748	83.309998	83.040985	83.134483	83.16729	79.837151	83.25827	82.912964	81.837402	82.775879	83.281754	82.943329	90.721313
81.867798	82.260925	83.172104	87.501137	89.839111	88.046951	83.250656	88.793472	87.368629	90.434128	82.112274	81.83725	87.934464	89.623726	82.971375	87.411728	80.552277	83.282318	100.0	90.414871	87.581421	81.891571	88.210869	91.29187	90.486298	88.80825	81.910065	85.43457	89.351471	80.685516	83.252533	81.733871	88.449234	89.427284	87.636124	88.87413	83.206772	87.447678	83.152542	87.204872	88.503189	81.858788	82.643799	82.144051	82.006241	82.248596	82.276016	87.782784	83.057419	82.44281	81.875	81.811569	83.066444	83.212509	88.148605	82.278313	88.544998	88.417603	81.235611	87.138824	88.902847	87.828568	89.909317	80.191078	83.322037	88.40934	87.401283	88.880211	88.8927	88.56723	90.174942	79.72303	90.430191	88.010391	81.795288	88.017929	88.507294	87.408356	82.935272
81.778076	82.137436	83.054932	87.655556	90.473694	88.259811	83.046036	88.678223	87.644218	90.719643	82.104164	81.870956	88.10994	89.676437	82.807823	87.694046	80.548187	83.211578	90.414871	100.0	87.429047	81.749283	88.536484	90.773788	90.485077	88.819435	81.817474	85.439888	89.250854	80.561722	83.337883	81.540718	88.780701	89.121979	87.822334	88.829742	83.070114	87.668457	83.008133	87.379883	88.804222	81.621002	82.537888	81.998459	81.987411	82.150757	82.147232	88.045761	83.023041	82.23468	81.821243	81.740318	82.90921	83.094887	88.55397	82.051407	88.906601	88.739929	81.105766	87.243652	89.281906	88.144196	90.471329	80.048767	83.27301	88.340645	87.306213	89.167816	88.87899	89.029663	90.70192	79.635818	93.593536	88.444855	81.677902	88.242287	88.743454	87.638062	82.850143
81.422928	81.631882	82.799774	88.563393	87.379852	86.869316	82.723129	86.869553	90.885956	87.403267	81.718414	81.427444	86.732193	86.850563	82.550674	88.810417	80.288078	82.758835	87.581421	87.429047	100.0	81.450516	87.245728	89.349838	89.255638	87.069351	81.508759	84.886383	87.269905	80.336632	82.983231	81.361572	87.421722	86.983643	87.808708	87.211037	82.548096	88.538147	82.651245	90.262634	87.399895	81.319504	82.243088	81.645935	81.5345	81.769852	81.710541	86.663925	82.519165	81.720047	81.396515	81.472885	82.509521	82.679962	87.264267	81.601715	87.613937	87.443695	80.792023	91.775658	87.629715	86.688522	87.236374	79.590134	82.723877	86.666504	90.283279	87.736771	87.182785	87.354523	87.509521	79.445068	87.61441	87.385559	81.343834	86.832565	87.578186	88.542007	82.502426
88.377853	83.336288	82.681076	81.465652	81.721771	81.635399	82.719284	81.604324	81.436829	81.679535	84.700287	80.619362	81.554916	81.521332	82.61969	81.544632	80.616806	82.938553	81.891571	81.749283	81.450516	100.0	81.72702	81.851334	81.593422	81.643959	83.230087	81.580826	81.776848	81.41568	82.758194	82.376862	81.687561	81.632431	81.722305	81.514076	82.64801	81.413757	82.715424	81.464081	81.800835	91.792755	82.636894	88.268219	80.769775	80.802582	80.790405	81.441559	82.578979	80.7733	87.837738	83.784775	82.796051	82.739502	81.605545	80.82135	81.74054	81.78717	82.066971	81.134987	81.868896	81.408173	81.770584	79.525269	82.898026	81.534592	81.318832	81.772049	81.803436	81.67765	81.744797	79.706261	81.814278	81.564392	80.960709	81.572212	81.698174	81.526924	82.775497
81.850647	81.900757	82.928802	88.003998	88.615799	90.783127	82.875732	88.06974	87.485397	88.534554	82.155457	81.620209	90.619705	88.431068	82.705986	87.647652	80.471466	82.935104	88.210869	88.536484	87.245728	81.72702	100.0	88.548813	88.269386	88.123611	81.870621	85.592949	88.192085	80.505234	83.058403	81.484612	89.339882	88.284561	88.138206	88.670502	82.821045	88.169846	82.856987	87.302521	89.949966	81.649879	82.571381	81.993546	81.695152	81.803909	81.835144	90.455139	82.71183	81.950317	81.696266	81.952599	82.693832	82.812737	88.711845	81.71315	88.697792	89.040512	81.090103	87.096436	89.48732	90.766998	88.672958	79.759232	83.00737	88.064072	87.242577	88.703888	88.418724	88.445152	89.020706	79.433022	88.486404	89.315056	81.495331	90.677826	89.364174	87.963409	82.774513
81.870766	82.114761	83.009018	87.616661	90.157944	88.370811	82.883286	88.672043	89.468216	91.706909	82.139198	81.757118	88.065964	89.999939	82.88533	87.499184	80.456894	83.151321	91.29187	90.773788	89.349838	81.851334	88.548813	100.0	92.038986	88.64061	81.861092	85.354172	89.104401	80.513275	83.123543	81.695053	88.676773	88.806091	87.682472	88.878426	82.961624	87.518509	82.98671	89.346786	88.646393	81.760017	82.523178	81.978973	81.795898	81.987457	81.979309	87.874702	82.802124	82.15538	81.81543	81.829353	82.823502	82.943436	88.265625	82.081635	88.640213	88.612717	81.068596	86.982849	88.96624	87.90007	90.212494	79.966629	83.090324	88.187836	89.065048	89.06559	88.907661	88.691956	90.488243	79.664375	90.786041	88.27475	81.701294	88.125397	88.593109	87.506561	82.825806
81.668228	81.920914	82.917076	87.372696	89.752029	88.106773	82.953011	88.541985	89.412239	90.127197	82.059921	81.764786	87.890244	89.595001	82.828941	87.367813	80.420906	83.017197	90.486298	90.485077	89.255638	81.593422	88.269386	92.038986	100.0	88.925919	81.723602	85.296265	89.431381	80.493675	83.038612	81.564697	88.346313	89.028427	87.607582	88.815598	82.952728	87.29071	82.940353	89.257233	88.492584	81.543289	82.389725	81.986717	81.919708	82.034424	82.045143	87.759972	82.681221	82.096848	81.648285	81.643585	82.799484	82.871033	88.102951	82.039154	88.397354	88.379776	80.98188	86.953514	88.796303	87.771553	89.792877	80.005692	83.016167	88.27758	88.971428	88.800941	88.772491	88.73497	90.134308	79.651779	90.375641	88.087814	81.625366	87.906593	88.254242	87.3806	82.678917
81.844627	81.869263	82.78183	87.212067	88.552414	87.83992	82.828064	88.385544	87.147018	88.711914	81.919662	81.654778	87.625778	88.382675	82.70932	86.959366	80.383987	82.973053	88.80825	88.819435	87.069351	81.643959	88.123611	88.64061	88.925919	100.0	81.680374	85.240692	90.01442	80.409317	82.931427	81.323868	88.318726	90.040344	87.507919	89.225594	82.748833	87.149719	82.847237	86.869446	88.342133	81.664825	82.290955	81.828255	81.796692	81.943283	81.93515	87.382431	82.724854	82.128235	81.649445	81.489395	82.627426	82.862411	87.928894	81.790131	88.521637	88.157898	80.999893	87.020676	88.658081	87.433731	88.545135	79.834358	82.885742	88.374878	86.87529	88.723824	88.578247	88.768158	88.681374	79.534889	88.797073	87.893112	81.521591	87.655197	88.174896	87.171761	82.6772
83.309372	84.093513	82.962379	81.733749	81.804016	81.73204	82.886665	81.728722	81.527802	81.801079	83.94722	80.713196	81.628525	81.568672	82.717117	81.619469	80.839218	82.984406	81.910065	81.817474	81.508759	83.230087	81.870621	81.861092	81.723602	81.680374	100.0	82.009888	81.916489	82.21933	82.92421	83.047577	82.01783	81.765762	81.811592	81.811134	82.913239	81.582253	82.826279	81.671661	81.908569	83.220398	82.80777	83.485718	80.775993	80.871506	80.996155	81.746567	82.741638	80.976959	83.533249	84.285858	82.824036	82.920212	81.845139	80.863113	81.844421	81.888931	83.11129	81.40403	82.162872	81.751373	81.7854	79.551376	83.084503	81.582695	81.404404	81.908211	81.732147	81.856522	81.824448	79.588173	81.950302	81.773331	81.181877	81.583488	81.842957	81.616035	82.894585
81.698746	82.061447	82.78196	85.214752	85.421638	85.388321	82.684425	85.323296	85.045731	85.447121	81.928543	81.417328	85.122406	85.273575	82.537163	85.135872	80.45752	82.751602	85.43457	85.439888	84.886383	81.580826	85.592949	85.354172	85.296265	85.240692	82.009888	100.0	85.54071	80.49884	82.856728	81.523254	85.794266	85.285065	85.513611	85.501648	82.679871	85.14119	82.724731	84.929672	85.661514	81.650635	82.372696	82.053741	81.590462	81.672371	81.550903	85.089874	82.712685	81.63176	81.767029	81.724503	82.673958	82.749985	85.44043	81.603149	85.524277	85.697556	81.062302	84.911415	86.016266	85.050697	85.44883	79.631271	82.921097	85.167572	84.867355	85.618484	85.491364	85.590263	85.5755	79.465012	85.540695	85.318542	81.578171	85.179886	85.745132	85.236511	82.658813
82.014267	82.134804	83.104858	87.422485	88.981476	87.976234	83.17363	88.847519	87.46286	89.166718	82.110268	81.862869	87.780258	88.613037	82.986313	87.316467	80.516617	83.196121	89.351471	89.250854	87.269905	81.776848	88.192085	89.104401	89.431381	90.01442	81.916489	85.54071	100.0	80.599045	83.168198	81.63427	88.307152	89.992523	87.772675	88.80307	83.146278	87.35701	82.963638	87.239616	88.431656	81.85701	82.550926	82.153488	82.079536	82.248932	82.165466	87.581299	82.943497	82.184021	81.885406	81.762482	82.88353	83.00592	88.121414	82.153084	88.585709	88.259018	81.205475	86.92659	88.897293	87.70311	88.962708	80.098633	83.231613	88.468605	87.148331	88.99881	89.083084	89.025681	89.085518	79.608795	89.216209	88.015419	81.783096	87.883018	88.270714	87.369675	82.83992
81.497482	83.260918	81.296783	80.415558	80.603317	80.404335	81.226974	80.486221	80.347137	80.540665	82.297455	79.997269	80.352417	80.385284	81.178375	80.54747	80.874298	81.283363	80.685516	80.561722	80.336632	81.41568	80.505234	80.513275	80.493675	80.409317	82.21933	80.49884	80.599045	100.0	81.332809	82.782852	80.5783	80.465088	80.58493	80.483017	81.21608	80.310715	81.252197	80.492294	80.66629	81.438049	81.23674	81.551743	80.150375	79.989838	80.103333	80.437569	81.156792	79.92926	81.691658	82.64389	81.359329	81.217758	80.576904	79.942337	80.506714	80.624207	82.682495	80.300049	80.643814	80.379745	80.439636	79.255142	81.245712	80.311157	80.225113	80.556259	80.560524	80.461639	80.624794	79.45388	80.537079	80.447525	80.282753	80.496994	80.484344	80.384323	81.188141
83.000206	82.942017	87.975792	83.018463	83.131439	82.906403	88.055206	82.874924	83.013947	83.047699	83.455109	81.854004	83.026024	82.694778	87.635269	83.023125	80.784744	88.062485	83.252533	83.337883	82.983231	82.758194	83.058403	83.123543	83.038612	82.931427	82.92421	82.856728	83.168198	81.332809	100.0	82.211357	83.086555	83.03466	83.144714	83.017975	87.92379	82.945435	87.738022	82.854828	83.219528	82.845604	87.062134	83.280098	81.890915	82.131172	82.103752	82.871986	87.719147	82.161354	82.921051	83.114914	87.769363	87.938782	83.10804	81.990265	83.29007	83.279449	81.848351	82.797478	83.359894	82.84024	83.115509	80.147339	88.3293	82.823746	82.992043	83.368088	83.04892	83.130821	83.211975	79.739822	83.242935	83.001785	81.966232	82.916023	83.175705	83.07312	87.946175
82.205368	84.866844	82.175667	81.343575	81.570557	81.406418	82.172348	81.433304	81.328812	81.54245	83.261749	80.722954	81.472488	81.357697	82.076843	81.443314	81.152206	82.278793	81.733871	81.540718	81.361572	82.376862	81.484612	81.695053	81.564697	81.323868	83.047577	81.523254	81.63427	82.782852	82.211357	100.0	81.536255	81.570053	81.623413	81.437294	82.163513	81.472473	82.200584	81.353676	81.772324	82.255707	82.199326	82.396217	80.923386	80.954758	81.083359	81.469269	82.152618	81.080971	82.416878	83.649719	82.129585	82.152557	81.555588	80.90889	81.595963	81.634872	84.292892	81.046021	81.851715	81.489624	81.608505	79.808144	82.221527	81.293564	81.190598	81.67675	81.545288	81.518883	81.547623	79.636612	81.639954	81.295105	81.149033	81.529388	81.544067	81.428421	82.018578
81.754509	82.150742	83.100525	88.466782	88.82515	89.182556	83.054306	89.056824	87.696022	88.622475	82.319603	81.602142	88.843048	88.483376	82.821533	88.319336	80.615341	83.152473	88.449234	88.780701	87.421722	81.687561	89.339882	88.676773	88.346313	88.318726	82.01783	85.794266	88.307152	80.5783	83.086555	81.536255	100.0	88.223236	88.361626	88.504852	82.939026	88.181534	82.964989	87.623055	89.47551	81.659332	82.650742	82.11528	81.852936	82.026657	81.9328	88.818222	82.849617	82.01017	81.913925	81.801163	82.980553	82.942543	89.402458	81.9375	89.159088	89.630157	81.139465	87.182854	90.612854	88.784073	88.829712	79.945618	83.090294	88.147415	87.543121	89.166672	88.704468	88.772797	90.078705	79.649055	88.859375	89.472656	81.608276	88.988068	95.703491	88.38623	82.886169
81.772034	81.941376	82.975266	87.16394	88.907425	88.016647	82.894447	88.58638	87.160042	88.955223	81.986809	81.787155	87.84404	88.710342	82.735397	87.129654	80.415695	83.044434	89.427284	89.121979	86.983643	81.632431	88.284561	88.806091	89.028427	90.040344	81.765762	85.285065	89.992523	80.465088	83.03466	81.570053	88.223236	100.0	87.656647	88.956108	82.867508	87.162979	82.94725	86.807724	88.43631	81.596817	82.484268	81.944473	81.928429	82.133369	82.066063	87.710991	82.815903	82.160141	81.720688	81.591827	82.756927	83.066696	88.096848	82.063896	89.080734	88.420792	80.992966	86.921326	88.78138	87.683624	88.9776	80.008255	82.979805	88.479324	86.688675	88.70121	88.896446	88.506104	89.160156	79.614548	89.09523	88.006721	81.578171	87.944931	88.18116	87.229507	82.673523
81.69413	82.014114	83.037979	88.729156	87.775223	87.782547	83.038055	87.435852	88.155235	87.727097	82.000458	81.580307	87.721069	87.390366	82.844604	88.443222	80.474075	82.995789	87.636124	87.822334	87.808708	81.722305	88.138206	87.682472	87.607582	87.507919	81.811592	85.513611	87.772675	80.58493	83.144714	81.623413	88.361626	87.656647	100.0	87.765495	82.950104	88.781952	82.930984	88.09819	88.34037	81.7659	82.59964	82.050865	81.788925	81.868546	81.928467	87.58783	82.823517	81.979935	81.692665	81.764465	82.849579	82.937897	88.041367	81.802567	88.137024	88.196724	81.265472	87.583801	88.77977	87.695374	87.732407	79.845474	83.187645	87.464325	88.056412	88.274719	87.6744	88.105255	88.09008	79.563416	87.843437	88.332123	81.664993	87.75679	88.408539	88.786781	82.836792
81.818871	82.010132	82.938065	87.618576	88.638817	88.415115	82.889465	89.517136	87.354172	88.890457	81.97963	81.523376	88.139427	88.784142	82.81221	87.2827	80.398743	82.978745	88.87413	88.829742	87.211037	81.514076	88.670502	88.878426	88.815598	89.225594	81.811134	85.501648	88.80307	80.483017	83.017975	81.437294	88.504852	88.956108	87.765495	100.0	82.965294	87.486816	82.893593	87.138916	88.769547	81.699753	82.390121	81.927681	81.841461	81.88765	81.907471	87.851044	82.822845	81.969414	81.665512	81.588837	82.841568	82.966255	88.23539	81.755096	88.617188	88.531387	81.009232	87.008514	88.884201	87.999054	88.743988	79.836662	83.175385	91.215157	87.008591	88.665291	90.149017	88.580475	88.941193	79.548782	88.87265	88.237183	81.5597	88.167099	88.466354	87.445267	82.857254
82.794792	82.912476	91.336823	82.804642	83.004974	82.778275	91.262115	82.622337	82.819946	82.862907	83.410454	81.687553	82.744835	82.692451	90.054581	82.817627	80.846481	92.064987	83.206772	83.070114	82.548096	82.64801	82.821045	82.961624	82.952728	82.748833	82.913239	82.679871	83.146278	81.21608	87.92379	82.163513	82.939026	82.867508	82.950104	82.965294	100.0	82.772453	91.027214	82.74575	83.130661	82.609512	87.010757	83.013382	81.981949	81.929291	81.977837	82.562752	92.113808	82.032722	82.820343	82.904099	92.631538	90.795395	82.913452	81.968964	83.084236	83.065414	81.630508	82.448906	83.072563	82.632599	82.928429	80.22477	88.454453	82.474258	82.639328	83.116333	82.943237	82.859924	82.807777	79.783783	83.075653	82.764236	81.701843	82.622078	83.045135	82.818886	90.353287
81.454788	81.776604	82.694702	92.490479	87.68808	87.697708	82.711945	87.070251	88.897324	87.563446	81.780899	81.34581	87.469742	87.438797	82.52623	89.352722	80.235245	82.881378	87.447678	87.668457	88.538147	81.413757	88.169846	87.518509	87.29071	87.149719	81.582253	85.14119	87.35701	80.310715	82.945435	81.472473	88.181534	87.162979	88.781952	87.486816	82.772453	100.0	82.761337	88.914337	88.203049	81.386658	82.272522	81.695145	81.507988	81.664932	81.669678	87.363884	82.612747	81.708794	81.497375	81.539185	82.626862	82.728783	87.930893	81.634155	87.993469	88.152603	80.871841	88.477173	88.249847	87.377968	87.65802	79.683456	82.825119	87.064316	88.86174	88.015404	87.514984	87.594368	87.833916	79.324371	87.756012	88.281578	81.262497	87.58387	88.172546	90.967079	82.519424
82.945618	82.855766	90.470856	82.836792	83.092087	82.763443	91.229553	82.770157	82.839798	82.999275	83.386642	81.70414	82.698952	82.632812	90.675827	82.966286	80.950104	90.958984	83.152542	83.008133	82.651245	82.715424	82.856987	82.98671	82.940353	82.847237	82.826279	82.724731	82.963638	81.252197	87.738022	82.200584	82.964989	82.94725	82.930984	82.893593	91.027214	82.761337	100.0	82.775818	83.053024	82.76059	86.775543	83.062714	81.938171	82.05365	82.135391	82.696999	90.874847	82.071335	82.879173	83.076973	91.201355	90.569397	82.988197	82.006264	83.130554	83.020966	81.639572	82.446472	83.292221	82.700714	82.90979	80.254578	88.078743	82.664886	82.537216	83.292297	82.954971	83.085205	83.072235	79.946396	83.207344	82.806503	81.780258	82.634277	83.100372	82.921936	90.031357
81.469604	81.659843	82.677589	89.014992	87.304413	87.016724	82.735382	86.792007	91.125046	87.362099	81.821823	81.415031	86.872009	86.856186	82.694473	89.669952	80.329376	82.920212	87.204872	87.379883	90.262634	81.464081	87.302521	89.346786	89.257233	86.869446	81.671661	84.929672	87.239616	80.492294	82.854828	81.353676	87.623055	86.807724	88.09819	87.138916	82.74575	88.914337	82.775818	100.0	87.523392	81.374039	82.330032	81.783035	81.543358	81.714638	81.693726	86.752167	82.65477	81.763687	81.433006	81.53595	82.590027	82.759544	87.377136	81.778236	87.770355	87.636093	80.929199	88.31781	87.759399	86.797226	87.342957	79.708847	82.803391	86.567505	93.146919	87.84343	87.147758	87.42894	87.375664	79.53019	87.462746	87.633438	81.46228	86.95697	87.584663	89.057037	82.623489
81.832275	82.150986	83.047592	88.216187	88.822548	89.895935	83.085266	88.236557	87.519699	88.629105	82.272034	81.699463	89.940895	88.533325	82.907394	87.776596	80.544861	83.195007	88.503189	88.804222	87.399895	81.800835	89.949966	88.646393	88.492584	88.342133	81.908569	85.661514	88.431656	80.66629	83.219528	81.772324	89.47551	88.43631	88.34037	88.769547	83.130661	88.203049	83.053024	87.523392	100.0	81.696236	82.762466	82.029282	81.927742	82.018112	82.010635	89.709976	82.976547	82.132385	81.957054	81.958603	82.919937	83.052155	89.101212	82.064651	88.934174	89.336426	81.143478	87.175186	89.789291	89.802773	88.964172	79.800598	83.240402	88.351334	87.47863	88.878555	88.59761	88.702034	89.061737	79.623665	88.791718	89.138321	81.705711	89.986931	89.473114	88.117554	82.842934
88.16806	83.267746	82.650772	81.465881	81.725487	81.499741	82.649521	81.580688	81.434265	81.697411	84.580811	80.680862	81.494293	81.63549	82.59346	81.497131	80.521851	82.759277	81.858788	81.621002	81.319504	91.792755	81.649879	81.760017	81.543289	81.664825	83.220398	81.650635	81.85701	81.438049	82.845604	82.255707	81.659332	81.596817	81.7659	81.699753	82.609512	81.386658	82.76059	81.374039	81.696236	100.0	82.701614	88.155441	80.78653	80.837059	80.87999	81.475296	82.544739	80.857269	87.686325	83.59774	82.69165	82.744034	81.63237	80.75235	81.70726	81.704109	82.077576	81.133438	81.864868	81.416519	81.711823	79.698357	82.836716	81.486649	81.20385	81.843643	81.854965	81.76178	81.756622	79.632271	81.848343	81.483383	80.92804	81.511429	81.724625	81.514526	82.635254
83.031288	82.690903	86.993515	82.472229	82.513138	82.377678	87.114288	82.363037	82.41935	82.468765	83.389938	81.240631	82.398903	82.080338	86.584137	82.528732	80.778412	87.106873	82.643799	82.537888	82.243088	82.636894	82.571381	82.523178	82.389725	82.290955	82.80777	82.372696	82.550926	81.23674	87.062134	82.199326	82.650742	82.484268	82.59964	82.390121	87.010757	82.272522	86.775543	82.330032	82.762466	82.701614	100.0	83.119186	81.509735	81.568817	81.51712	82.283997	86.788956	81.584488	82.958542	83.244652	87.043831	87.01915	82.574974	81.41127	82.751709	82.702774	81.740982	82.020981	82.764374	82.417664	82.549278	80.037476	87.065018	82.194778	82.239944	82.78717	82.485733	82.61969	82.625732	79.707809	82.67041	82.478813	81.505249	82.42572	82.631607	82.50724	87.094124
91.840034	83.547501	83.122696	81.740875	82.018852	81.934479	83.216202	82.008369	81.80481	82.048462	84.793846	80.879196	81.894669	81.90477	82.995422	81.84185	80.668274	83.151489	82.144051	81.998459	81.645935	88.268219	81.993546	81.978973	81.986717	81.828255	83.485718	82.053741	82.153488	81.551743	83.280098	82.396217	82.11528	81.944473	82.050865	81.927681	83.013382	81.695145	83.062714	81.783035	82.029282	88.155441	83.119186	100.0	80.950943	81.216309	81.243774	81.81337	83.005814	81.129868	87.980789	83.925629	83.083466	83.166435	81.823395	81.141418	81.99176	82.087677	82.197639	81.489525	82.218323	81.735718	82.06942	79.733917	83.295876	81.856979	81.576874	82.194588	82.084297	82.059937	82.114548	79.889038	82.217949	81.940216	81.153099	81.855934	82.120888	81.925217	83.136543
80.932175	81.429138	81.960037	81.492355	81.952881	81.482422	81.874443	81.718964	81.594994	81.893211	81.171906	86.862289	81.634659	81.630829	81.775681	81.630157	80.00322	81.949539	82.006241	81.987411	81.5345	80.769775	81.695152	81.795898	81.919708	81.796692	80.775993	81.590462	82.079536	80.150375	81.890915	80.923386	81.852936	81.928429	81.788925	81.841461	81.981949	81.507988	81.938171	81.543358	81.927742	80.78653	81.509735	80.950943	100.0	86.869415	88.816978	81.577423	81.888199	87.138351	80.930328	80.878296	81.795609	81.858841	81.83004	87.476471	81.946411	81.783905	80.416367	81.287537	81.999557	81.569969	81.926361	79.814537	81.945496	81.531952	81.399529	82.056572	81.823578	81.949326	81.92627	79.447922	81.988464	81.627243	80.988297	81.596428	82.035423	81.660202	81.72628
80.918793	81.312775	82.073959	81.763176	82.034149	81.699142	82.052475	81.888596	81.826752	82.086426	81.270584	87.311752	81.662582	81.759483	81.999832	81.818573	79.886887	82.144714	82.248596	82.150757	81.769852	80.802582	81.803909	81.987457	82.034424	81.943283	80.871506	81.672371	82.248932	79.989838	82.131172	80.954758	82.026657	82.133369	81.868546	81.88765	81.929291	81.664932	82.05365	81.714638	82.018112	80.837059	81.568817	81.216309	86.869415	100.0	87.713379	81.745041	81.965576	89.396255	80.936028	80.875961	81.918686	82.005234	82.015228	88.584656	82.066971	81.994629	80.377258	81.493011	82.280426	81.620468	82.011246	79.955719	82.145203	81.73085	81.596855	82.151672	81.950546	82.093567	82.064194	79.552277	82.219162	81.755661	81.070732	81.787872	82.012161	81.880722	81.800636
80.868134	81.386673	81.968475	81.663269	82.110008	81.700439	82.018539	81.987907	81.765244	82.07959	81.371475	87.466583	81.736923	81.784729	81.956215	81.709137	79.995872	82.051407	82.276016	82.147232	81.710541	80.790405	81.835144	81.979309	82.045143	81.93515	80.996155	81.550903	82.165466	80.103333	82.103752	81.083359	81.9328	82.066063	81.928467	81.907471	81.977837	81.669678	82.135391	81.693726	82.010635	80.87999	81.51712	81.243774	88.816978	87.713379	100.0	81.625038	81.932846	88.086632	80.929932	80.961639	81.872765	81.989227	81.905388	88.607529	82.027817	82.041946	80.531593	81.408386	82.181992	81.577515	82.084259	79.934509	82.101372	81.669502	81.591499	82.180336	82.019196	82.111099	82.165222	79.471924	82.227547	81.770767	81.052696	81.751854	81.950256	81.730286	81.823479
81.635803	81.844109	82.683159	87.363739	88.162048	92.348801	82.654984	87.532059	86.904701	88.025421	81.889053	81.355865	94.123337	88.161041	82.511383	87.006683	80.271378	82.756409	87.782784	88.045761	86.663925	81.441559	90.455139	87.874702	87.759972	87.382431	81.746567	85.089874	87.581299	80.437569	82.871986	81.469269	88.818222	87.710991	87.58783	87.851044	82.562752	87.363884	82.696999	86.752167	89.709976	81.475296	82.283997	81.81337	81.577423	81.745041	81.625038	100.0	82.568497	81.792374	81.663864	81.567413	82.606995	82.712181	88.323761	81.625854	88.023415	88.558266	80.836594	86.423874	88.874321	94.124008	88.347565	79.638924	82.799957	87.598473	86.715683	88.163719	87.988724	87.891479	88.235947	79.439331	88.159012	88.513985	81.33522	94.352356	88.739319	87.450401	82.547585
82.802155	82.829605	90.291237	82.668991	82.924706	82.690552	90.8255	82.694252	82.621277	82.944794	83.326675	81.663116	82.685204	82.522217	89.880096	82.699112	80.693069	91.551651	83.057419	83.023041	82.519165	82.578979	82.71183	82.802124	82.681221	82.724854	82.741638	82.712685	82.943497	81.156792	87.719147	82.152618	82.849617	82.815903	82.823517	82.822845	92.113808	82.612747	90.874847	82.65477	82.976547	82.544739	86.788956	83.005814	81.888199	81.965576	81.932846	82.568497	100.0	81.957108	82.700165	82.97406	92.400589	90.760414	82.797523	81.954147	83.044456	83.038979	81.655792	82.426445	83.048141	82.592484	82.91774	80.085312	87.730919	82.602066	82.479172	83.130524	82.897827	82.907227	82.853493	79.894592	83.10112	82.683716	81.860931	82.601662	82.949837	82.750366	89.874924
80.845299	81.502388	82.027405	81.752464	82.263985	81.815125	82.244492	81.995499	81.845139	82.214294	81.363525	87.432648	81.758545	81.811951	82.043846	81.877655	79.977829	82.18615	82.44281	82.23468	81.720047	80.7733	81.950317	82.15538	82.096848	82.128235	80.976959	81.63176	82.184021	79.92926	82.161354	81.080971	82.01017	82.160141	81.979935	81.969414	82.032722	81.708794	82.071335	81.763687	82.132385	80.857269	81.584488	81.129868	87.138351	89.396255	88.086632	81.792374	81.957108	100.0	80.881683	80.906174	81.973282	82.037628	82.045868	89.112411	82.12796	82.117004	80.348915	81.545776	82.305267	81.729233	82.204361	80.009613	82.197342	81.746025	81.648499	82.358154	82.060844	82.16922	82.176888	79.54274	82.20787	81.888916	81.133331	81.835121	82.080551	81.791862	81.791763
