1408.269	2683680.3	1408.91	1178537.6	2842458.3	2762326.4	1408.522	561879.306	1408.517	1408.110	293387.291	293387.104	293387.169	2831519.3	293387.68	1408.132	561879.307	561879.11	2762327.3	561879.17	561879.19	1408.568	1408.258	1408.135	315750.8	1408.260	1408.111	1408.387	1408.193	1408.523	1408.153	1408.472	293387.40	293387.92	293387.279	293387.160	561879.50	561879.228	561879.115	756828.3	1178540.18	135461.245	1452.98	260554.78	1452.31	1529886.3	1423.767	135461.97	483913.181	260554.117	1423.413	72361.9	1423.1335	72361.11	1052585.4	1423.172	1423.1992	1390.497	659243.26	492670.301	1648923.281	1402.549	1664069.10	119858.6	1239783.5	227866.22	260554.137	1423.2296	2809036.3	1423.433	2487276.10	2715209.8	1390.281	1648923.279	2026193.15	1396.3701	2846779.3	1405.235	1405.244	2026189.5	1890302.164	2026190.16	1428.335	288681.22	1396.147	1217984.3	334406.4	2026191.6	1396.545	155322.317	580165.48	64104.126	1405.13	2760090.3	2884832.3	2884833.3	2589818.4	2682541.3	1476724.4	2884834.3	2709784.3	1510468.4	1581038.3	2666127.3	486398.3	1565991.4	98228.3	1441095.3	1471.38	352858.3	2728853.3	1742359.7	2052936.3	1479.5	1547283.3	1705566.3	1679167.3	1783501.3	2011012.3	2014076.3	1455.14	2748178.3	1983719.3	1367477.3	2587848.3	2672567.5
100.0	89.609695	89.441109	89.592789	92.266731	92.260681	99.350197	92.200439	99.102661	89.634811	89.46273	89.454208	89.487	89.478889	89.313477	89.391327	92.347534	92.245346	92.267899	92.21875	92.312805	91.63253	93.526566	99.306351	94.506073	94.490524	95.043396	95.027466	95.589684	95.506912	89.522064	98.499496	89.327103	89.509583	89.510338	89.512299	92.165375	92.250999	92.341171	92.198013	91.563889	78.950569	79.103531	78.939667	79.262436	79.028748	78.78463	0.0	0.0	0.0	78.640076	78.692024	78.831039	78.840828	78.92337	78.691521	0.0	0.0	0.0	0.0	0.0	0.0	0.0	0.0	0.0	0.0	0.0	0.0	0.0	0.0	0.0	0.0	0.0	0.0	0.0	0.0	0.0	0.0	0.0	0.0	0.0	0.0	0.0	0.0	0.0	0.0	0.0	0.0	0.0	0.0	0.0	0.0	0.0	0.0	0.0	0.0	0.0	0.0	0.0	0.0	0.0	0.0	0.0	0.0	0.0	0.0	0.0	0.0	0.0	0.0	0.0	0.0	0.0	0.0	0.0	0.0	0.0	0.0	0.0	0.0	0.0	0.0	0.0	0.0	0.0	0
89.609695	100.0	91.516434	99.242447	89.347244	89.389442	89.498947	89.391182	89.31736	91.475372	91.517616	91.550674	91.481308	91.4832	91.366531	91.503036	89.461487	89.363365	89.362961	89.37883	89.436554	90.9814	88.761826	89.551987	88.536133	88.643753	88.931061	89.017731	89.003922	89.043312	91.583351	89.486572	91.441772	91.523941	91.553284	91.604134	89.336784	89.381332	89.395027	89.280418	89.078323	79.248825	0.0	0.0	0.0	0.0	78.885109	0.0	79.081444	79.29879	0.0	0.0	0.0	79.108398	0.0	0.0	0.0	0.0	0.0	0.0	0.0	0.0	0.0	0.0	0.0	0.0	0.0	0.0	0.0	0.0	0.0	0.0	0.0	0.0	0.0	0.0	0.0	0.0	0.0	0.0	0.0	0.0	0.0	0.0	0.0	0.0	0.0	0.0	0.0	0.0	0.0	0.0	0.0	0.0	0.0	0.0	0.0	0.0	0.0	0.0	0.0	0.0	0.0	0.0	0.0	0.0	0.0	0.0	0.0	0.0	0.0	0.0	0.0	0.0	0.0	0.0	0.0	0.0	0.0	0.0	0.0	0.0	0.0	0.0	0.0	0
89.441109	91.516434	100.0	91.567474	89.235558	89.274643	89.397316	89.273209	89.29673	97.913414	97.963638	97.926407	98.186737	98.560928	98.444427	98.322884	89.409218	89.283386	89.302437	89.101395	89.327095	90.165482	88.898209	89.538933	88.855354	88.868042	89.217438	89.184448	89.224548	89.228882	98.513748	89.461136	98.277199	97.909302	98.37262	98.428314	89.163422	89.256943	89.38147	89.37204	88.776436	79.066338	78.651474	0.0	0.0	0.0	0.0	78.773865	78.647835	0.0	0.0	0.0	0.0	0.0	0.0	0.0	0.0	0.0	0.0	0.0	0.0	0.0	0.0	0.0	0.0	0.0	0.0	0.0	0.0	0.0	0.0	0.0	0.0	0.0	0.0	0.0	0.0	0.0	0.0	0.0	0.0	0.0	0.0	0.0	0.0	0.0	0.0	0.0	0.0	0.0	0.0	0.0	0.0	0.0	0.0	0.0	0.0	0.0	0.0	0.0	0.0	0.0	0.0	0.0	0.0	0.0	0.0	0.0	0.0	0.0	0.0	0.0	0.0	0.0	0.0	0.0	0.0	0.0	0.0	0.0	0.0	0.0	0.0	0.0	0.0	0
89.592789	99.242447	91.567474	100.0	89.418732	89.41954	89.538399	89.440353	89.323471	91.506981	91.480713	91.495041	91.464851	91.433708	91.344238	91.482727	89.532806	89.386192	89.402557	89.341026	89.368591	90.977158	88.822647	89.592422	88.604065	88.630722	88.93885	88.974869	89.066574	89.027618	91.595871	89.559067	91.268707	91.487625	91.583588	91.563553	89.315414	89.371483	89.388268	89.345932	89.089325	79.211365	0.0	0.0	0.0	0.0	79.025055	0.0	0.0	0.0	0.0	0.0	0.0	0.0	0.0	78.975624	0.0	0.0	0.0	0.0	0.0	0.0	0.0	0.0	0.0	0.0	0.0	0.0	0.0	0.0	0.0	0.0	0.0	0.0	0.0	0.0	0.0	0.0	0.0	0.0	0.0	0.0	0.0	0.0	0.0	0.0	0.0	0.0	0.0	0.0	0.0	0.0	0.0	0.0	0.0	0.0	0.0	0.0	0.0	0.0	0.0	0.0	0.0	0.0	0.0	0.0	0.0	0.0	0.0	0.0	0.0	0.0	0.0	0.0	0.0	0.0	0.0	0.0	0.0	0.0	0.0	0.0	0.0	0.0	0.0	0
92.266731	89.347244	89.235558	89.418732	100.0	99.382874	92.238319	98.556007	92.020821	89.387222	89.190376	89.24617	89.223907	89.217438	89.162933	89.174614	96.435638	98.355408	99.362061	97.141922	97.241722	90.948021	91.00473	92.208229	90.87426	90.950233	91.244415	91.215942	91.538742	91.554604	89.307648	92.22728	89.140755	89.217789	89.24884	89.238831	98.459053	97.450272	96.43338	96.167343	94.967949	79.331734	78.917419	0.0	78.829697	78.905312	0.0	0.0	0.0	0.0	0.0	0.0	0.0	0.0	0.0	0.0	0.0	0.0	0.0	0.0	0.0	0.0	0.0	0.0	0.0	0.0	0.0	0.0	0.0	0.0	0.0	0.0	0.0	0.0	0.0	0.0	0.0	0.0	0.0	0.0	0.0	0.0	0.0	0.0	0.0	0.0	0.0	0.0	0.0	0.0	0.0	0.0	0.0	0.0	0.0	0.0	0.0	0.0	0.0	0.0	0.0	0.0	0.0	0.0	0.0	0.0	0.0	0.0	0.0	0.0	0.0	0.0	0.0	0.0	0.0	0.0	0.0	0.0	0.0	0.0	0.0	0.0	0.0	0.0	0.0	0
92.260681	89.389442	89.274643	89.41954	99.382874	100.0	92.203537	98.613205	91.999123	89.377106	89.235703	89.287231	89.235725	89.270416	89.169144	89.183884	96.429642	98.595421	99.996758	97.270073	97.264694	90.921906	91.005798	92.108627	90.873833	90.926353	91.2341	91.168823	91.439697	91.535706	89.337593	92.221527	89.169815	89.215759	89.306046	89.287689	98.467773	97.439995	96.43602	96.194832	94.985382	79.322227	78.715195	0.0	0.0	78.872772	0.0	0.0	0.0	0.0	0.0	0.0	0.0	0.0	0.0	0.0	0.0	0.0	0.0	0.0	0.0	0.0	0.0	0.0	78.407608	0.0	0.0	0.0	0.0	0.0	0.0	0.0	0.0	0.0	0.0	0.0	0.0	0.0	0.0	0.0	0.0	0.0	0.0	0.0	0.0	0.0	0.0	0.0	0.0	0.0	0.0	0.0	0.0	0.0	0.0	0.0	0.0	0.0	0.0	0.0	0.0	0.0	0.0	0.0	0.0	0.0	0.0	0.0	0.0	0.0	0.0	0.0	0.0	0.0	0.0	0.0	0.0	0.0	0.0	0.0	0.0	0.0	0.0	0.0	0.0	0
99.350197	89.498947	89.397316	89.538399	92.238319	92.203537	100.0	92.188225	99.051201	89.612564	89.426338	89.484283	89.453217	89.432922	89.371025	89.37899	92.270752	92.193489	92.224335	92.154785	92.292725	91.687103	93.619904	99.340027	94.482979	94.523216	95.075348	94.978836	95.522789	95.505142	89.428619	98.466125	89.386658	89.496521	89.47583	89.467834	92.111023	92.23587	92.336319	92.161278	91.621689	79.001755	79.16433	0.0	0.0	78.962868	0.0	0.0	0.0	0.0	0.0	0.0	0.0	0.0	0.0	0.0	0.0	0.0	0.0	0.0	0.0	0.0	0.0	0.0	0.0	0.0	0.0	0.0	0.0	0.0	0.0	0.0	0.0	0.0	0.0	0.0	0.0	0.0	0.0	0.0	0.0	0.0	0.0	0.0	0.0	0.0	0.0	0.0	0.0	0.0	0.0	0.0	0.0	0.0	0.0	0.0	0.0	0.0	0.0	0.0	0.0	0.0	0.0	0.0	0.0	0.0	0.0	0.0	0.0	0.0	0.0	0.0	0.0	0.0	0.0	0.0	0.0	0.0	0.0	0.0	0.0	0.0	0.0	0.0	0.0	0
92.200439	89.391182	89.273209	89.440353	98.556007	98.613205	92.188225	100.0	92.064911	89.380753	89.248688	89.255478	89.209389	89.23278	89.100708	89.174049	96.457558	98.661888	98.609192	97.273865	97.266571	90.934708	91.036377	92.222061	90.883621	90.975418	91.284355	91.272469	91.568954	91.502396	89.241943	92.178459	89.099731	89.293266	89.258392	89.258209	98.296066	97.384247	96.41127	96.128769	94.982567	79.417198	78.716423	0.0	0.0	78.879341	0.0	0.0	0.0	0.0	0.0	0.0	0.0	0.0	0.0	0.0	0.0	0.0	0.0	0.0	0.0	0.0	0.0	0.0	0.0	0.0	0.0	0.0	0.0	0.0	0.0	0.0	0.0	0.0	0.0	0.0	0.0	0.0	0.0	0.0	0.0	0.0	0.0	0.0	0.0	0.0	0.0	0.0	0.0	0.0	0.0	0.0	0.0	0.0	0.0	0.0	0.0	0.0	0.0	0.0	0.0	0.0	0.0	0.0	0.0	0.0	0.0	0.0	0.0	0.0	0.0	0.0	0.0	0.0	0.0	0.0	0.0	0.0	0.0	0.0	0.0	0.0	0.0	0.0	0.0	0
99.102661	89.31736	89.29673	89.323471	92.020821	91.999123	99.051201	92.064911	100.0	89.415306	89.224854	89.313736	89.250801	89.228256	89.186966	89.223816	92.106499	91.99791	92.03299	91.936485	92.05056	91.482956	93.406746	99.048813	94.265648	94.250534	94.901978	94.795898	95.36834	95.292572	89.274452	98.360489	89.210876	89.271545	89.295334	89.263916	91.996719	92.022858	92.19696	91.977531	91.465492	79.00412	0.0	0.0	0.0	0.0	0.0	0.0	0.0	0.0	0.0	0.0	0.0	0.0	0.0	0.0	0.0	0.0	0.0	0.0	0.0	0.0	0.0	0.0	0.0	78.368874	0.0	0.0	0.0	0.0	0.0	0.0	0.0	0.0	0.0	0.0	0.0	0.0	0.0	0.0	0.0	0.0	0.0	0.0	0.0	0.0	0.0	0.0	0.0	0.0	0.0	0.0	0.0	0.0	0.0	0.0	0.0	0.0	0.0	0.0	0.0	0.0	0.0	0.0	0.0	0.0	0.0	0.0	0.0	0.0	0.0	0.0	0.0	0.0	0.0	0.0	0.0	0.0	0.0	0.0	0.0	0.0	0.0	0.0	0.0	0
89.634811	91.475372	97.913414	91.506981	89.387222	89.377106	89.612564	89.380753	89.415306	100.0	98.38829	98.554565	98.071304	97.878952	97.710297	97.855995	89.345932	89.370285	89.323654	89.230423	89.325363	90.161087	89.071564	89.646355	88.954437	89.0084	89.413071	89.480927	89.313843	89.353699	97.941391	89.586334	97.847359	98.881813	97.938057	97.90094	89.213379	89.268326	89.34256	89.307907	88.813568	79.157333	0.0	0.0	0.0	0.0	0.0	0.0	0.0	0.0	0.0	0.0	0.0	0.0	0.0	0.0	0.0	0.0	0.0	0.0	0.0	0.0	0.0	0.0	0.0	0.0	0.0	0.0	0.0	0.0	0.0	0.0	0.0	0.0	0.0	0.0	0.0	0.0	0.0	0.0	0.0	0.0	0.0	0.0	0.0	0.0	0.0	0.0	0.0	0.0	0.0	0.0	0.0	0.0	0.0	0.0	0.0	0.0	0.0	0.0	0.0	0.0	0.0	0.0	0.0	0.0	0.0	0.0	0.0	0.0	0.0	0.0	0.0	0.0	0.0	0.0	0.0	0.0	0.0	0.0	0.0	0.0	0.0	0.0	0.0	0
89.46273	91.517616	97.963638	91.480713	89.190376	89.235703	89.426338	89.248688	89.224854	98.38829	100.0	98.634743	98.103058	98.059639	97.865158	97.954163	89.404137	89.228531	89.263786	89.091171	89.319061	90.106049	88.881378	89.542244	88.869041	88.88134	89.392242	89.325287	89.274887	89.264267	98.026917	89.512161	97.9338	98.534332	98.017883	98.041008	89.152374	89.291763	89.419388	89.256317	88.769165	79.198746	0.0	0.0	0.0	0.0	0.0	0.0	0.0	0.0	0.0	0.0	0.0	0.0	0.0	0.0	0.0	0.0	0.0	0.0	0.0	0.0	0.0	0.0	0.0	0.0	0.0	0.0	0.0	0.0	0.0	0.0	0.0	0.0	0.0	0.0	0.0	0.0	0.0	0.0	0.0	0.0	0.0	0.0	0.0	0.0	0.0	0.0	0.0	0.0	0.0	0.0	0.0	0.0	0.0	0.0	0.0	0.0	0.0	0.0	0.0	0.0	0.0	0.0	0.0	0.0	0.0	0.0	0.0	0.0	0.0	0.0	0.0	0.0	0.0	0.0	0.0	0.0	0.0	0.0	0.0	0.0	0.0	0.0	0.0	0
89.454208	91.550674	97.926407	91.495041	89.24617	89.287231	89.484283	89.255478	89.313736	98.554565	98.634743	100.0	98.053802	98.027084	97.848106	97.935135	89.371506	89.294647	89.232521	89.185242	89.383682	90.167236	88.950623	89.550056	88.89048	88.936615	89.496552	89.386284	89.287888	89.256821	98.003059	89.4897	97.882393	98.557297	98.020767	97.994141	89.181519	89.231102	89.367844	89.2677	88.720886	79.256805	0.0	0.0	0.0	0.0	0.0	0.0	0.0	0.0	0.0	0.0	0.0	0.0	0.0	0.0	0.0	0.0	0.0	0.0	0.0	0.0	0.0	0.0	0.0	0.0	0.0	0.0	0.0	0.0	0.0	0.0	0.0	0.0	0.0	0.0	0.0	0.0	0.0	0.0	0.0	0.0	0.0	0.0	0.0	0.0	0.0	0.0	0.0	0.0	0.0	0.0	0.0	0.0	0.0	0.0	0.0	0.0	0.0	0.0	0.0	0.0	0.0	0.0	0.0	0.0	0.0	0.0	0.0	0.0	0.0	0.0	0.0	0.0	0.0	0.0	0.0	0.0	0.0	0.0	0.0	0.0	0.0	0.0	0.0	0
89.487	91.481308	98.186737	91.464851	89.223907	89.235725	89.453217	89.209389	89.250801	98.071304	98.103058	98.053802	100.0	98.182526	97.948425	98.131714	89.292923	89.292908	89.22493	89.114014	89.277176	90.087189	88.87883	89.507324	88.773422	88.833572	89.256927	89.22319	89.105812	89.102753	98.235077	89.484161	98.036331	98.181	98.153427	98.22995	89.145096	89.230827	89.314346	89.218262	88.716476	79.243668	0.0	0.0	0.0	0.0	0.0	0.0	0.0	0.0	0.0	0.0	0.0	0.0	0.0	0.0	0.0	0.0	0.0	0.0	0.0	0.0	0.0	0.0	0.0	0.0	0.0	0.0	0.0	0.0	0.0	0.0	0.0	0.0	0.0	0.0	0.0	0.0	0.0	0.0	0.0	0.0	0.0	0.0	0.0	0.0	0.0	0.0	0.0	0.0	0.0	0.0	0.0	0.0	0.0	0.0	0.0	0.0	0.0	0.0	0.0	0.0	0.0	0.0	0.0	0.0	0.0	0.0	0.0	0.0	0.0	0.0	0.0	0.0	0.0	0.0	0.0	0.0	0.0	0.0	0.0	0.0	0.0	0.0	0.0	0
89.478889	91.4832	98.560928	91.433708	89.217438	89.270416	89.432922	89.23278	89.228256	97.878952	98.059639	98.027084	98.182526	100.0	98.332504	98.188103	89.394119	89.271294	89.307457	89.146317	89.316666	90.161224	88.966827	89.482727	88.808075	88.890274	89.287369	89.272217	89.210335	89.20359	98.59259	89.422165	98.226318	97.95105	98.336372	98.410934	89.098633	89.248245	89.422333	89.320999	88.850403	79.123093	0.0	0.0	0.0	0.0	0.0	0.0	0.0	0.0	0.0	0.0	0.0	0.0	0.0	0.0	0.0	0.0	0.0	0.0	0.0	0.0	0.0	0.0	0.0	0.0	0.0	0.0	0.0	0.0	0.0	0.0	0.0	0.0	0.0	0.0	0.0	0.0	0.0	0.0	0.0	0.0	0.0	0.0	0.0	0.0	0.0	0.0	0.0	0.0	0.0	0.0	0.0	0.0	0.0	0.0	0.0	0.0	0.0	0.0	0.0	0.0	0.0	0.0	0.0	0.0	0.0	0.0	0.0	0.0	0.0	0.0	0.0	0.0	0.0	0.0	0.0	0.0	0.0	0.0	0.0	0.0	0.0	0.0	0.0	0
89.313477	91.366531	98.444427	91.344238	89.162933	89.169144	89.371025	89.100708	89.186966	97.710297	97.865158	97.848106	97.948425	98.332504	100.0	98.295273	89.230003	89.199158	89.123413	89.026627	89.136734	89.993973	88.886734	89.351959	88.751144	88.783722	89.121307	89.12291	89.107674	89.063622	98.504021	89.283226	98.038635	97.900345	98.378578	98.437668	89.068832	89.089722	89.232269	89.201248	88.622604	78.587845	0.0	0.0	0.0	0.0	0.0	0.0	0.0	0.0	0.0	0.0	0.0	0.0	0.0	0.0	0.0	0.0	0.0	0.0	0.0	0.0	0.0	0.0	0.0	0.0	0.0	0.0	0.0	0.0	0.0	0.0	0.0	0.0	0.0	0.0	0.0	0.0	0.0	0.0	0.0	0.0	0.0	0.0	0.0	0.0	0.0	0.0	0.0	0.0	0.0	0.0	0.0	0.0	0.0	0.0	0.0	0.0	0.0	0.0	0.0	0.0	0.0	0.0	0.0	0.0	0.0	0.0	0.0	0.0	0.0	0.0	0.0	0.0	0.0	0.0	0.0	0.0	0.0	0.0	0.0	0.0	0.0	0.0	0.0	0
89.391327	91.503036	98.322884	91.482727	89.174614	89.183884	89.37899	89.174049	89.223816	97.855995	97.954163	97.935135	98.131714	98.188103	98.295273	100.0	89.340134	89.146713	89.171608	89.146103	89.270683	90.076553	88.782677	89.42688	88.722321	88.784935	89.231743	89.227287	89.094231	89.100479	98.305481	89.356987	98.345932	97.908005	98.32193	98.312553	89.10836	89.182343	89.325844	89.289474	88.764664	78.63118	0.0	0.0	0.0	0.0	0.0	0.0	0.0	0.0	0.0	0.0	0.0	0.0	0.0	0.0	0.0	0.0	0.0	0.0	0.0	0.0	0.0	0.0	0.0	0.0	0.0	0.0	0.0	0.0	0.0	0.0	0.0	0.0	0.0	0.0	0.0	0.0	0.0	0.0	0.0	0.0	0.0	0.0	0.0	0.0	0.0	0.0	0.0	0.0	0.0	0.0	0.0	0.0	0.0	0.0	0.0	0.0	0.0	0.0	0.0	0.0	0.0	0.0	0.0	0.0	0.0	0.0	0.0	0.0	0.0	0.0	0.0	0.0	0.0	0.0	0.0	0.0	0.0	0.0	0.0	0.0	0.0	0.0	0.0	0
92.347534	89.461487	89.409218	89.532806	96.435638	96.429642	92.270752	96.457558	92.106499	89.345932	89.404137	89.371506	89.292923	89.394119	89.230003	89.340134	100.0	96.432205	96.448555	96.136681	96.327911	91.014549	91.159576	92.320419	91.167442	91.165024	91.459015	91.400856	91.742989	91.726166	89.43689	92.26651	89.283905	89.342575	89.377472	89.481384	96.331589	96.297112	98.876602	95.921478	94.815979	79.262329	0.0	0.0	0.0	0.0	0.0	0.0	0.0	0.0	0.0	0.0	0.0	0.0	0.0	0.0	0.0	0.0	0.0	0.0	0.0	0.0	0.0	0.0	0.0	0.0	0.0	0.0	0.0	0.0	0.0	0.0	0.0	0.0	0.0	0.0	0.0	0.0	0.0	0.0	0.0	0.0	0.0	0.0	0.0	0.0	0.0	0.0	0.0	0.0	0.0	0.0	0.0	0.0	0.0	0.0	0.0	0.0	0.0	0.0	0.0	0.0	0.0	0.0	0.0	0.0	0.0	0.0	0.0	0.0	0.0	0.0	0.0	0.0	0.0	0.0	0.0	0.0	0.0	0.0	0.0	0.0	0.0	0.0	0.0	0
92.245346	89.363365	89.283386	89.386192	98.355408	98.595421	92.193489	98.661888	91.99791	89.370285	89.228531	89.294647	89.292908	89.271294	89.199158	89.146713	96.432205	100.0	98.581192	97.097168	97.175003	90.957733	90.948227	92.195129	90.903793	90.938965	91.304688	91.257156	91.568314	91.500946	89.2593	92.182106	89.131302	89.260269	89.269684	89.273979	98.304657	97.371811	96.391556	96.133469	94.984299	79.112259	0.0	0.0	0.0	0.0	0.0	0.0	0.0	0.0	0.0	0.0	0.0	0.0	0.0	0.0	0.0	0.0	0.0	0.0	0.0	0.0	0.0	0.0	0.0	0.0	0.0	0.0	0.0	0.0	0.0	0.0	0.0	0.0	0.0	0.0	0.0	0.0	0.0	0.0	0.0	0.0	0.0	0.0	0.0	0.0	0.0	0.0	0.0	0.0	0.0	0.0	0.0	0.0	0.0	0.0	0.0	0.0	0.0	0.0	0.0	0.0	0.0	0.0	0.0	0.0	0.0	0.0	0.0	0.0	0.0	0.0	0.0	0.0	0.0	0.0	0.0	0.0	0.0	0.0	0.0	0.0	0.0	0.0	0.0	0
92.267899	89.362961	89.302437	89.402557	99.362061	99.996758	92.224335	98.609192	92.03299	89.323654	89.263786	89.232521	89.22493	89.307457	89.123413	89.171608	96.448555	98.581192	100.0	97.265663	97.28624	90.974709	91.000427	92.068588	90.90992	90.925964	91.315826	91.163078	91.463074	91.53006	89.28157	92.220764	89.173363	89.201462	89.282196	89.306305	98.491318	97.416954	96.446609	96.234711	94.985397	79.293297	0.0	0.0	0.0	0.0	0.0	0.0	0.0	0.0	0.0	0.0	0.0	0.0	0.0	0.0	0.0	0.0	0.0	0.0	0.0	0.0	0.0	0.0	0.0	0.0	0.0	0.0	0.0	0.0	0.0	0.0	0.0	0.0	0.0	0.0	0.0	0.0	0.0	0.0	0.0	0.0	0.0	0.0	0.0	0.0	0.0	0.0	0.0	0.0	0.0	0.0	0.0	0.0	0.0	0.0	0.0	0.0	0.0	0.0	0.0	0.0	0.0	0.0	0.0	0.0	0.0	0.0	0.0	0.0	0.0	0.0	0.0	0.0	0.0	0.0	0.0	0.0	0.0	0.0	0.0	0.0	0.0	0.0	0.0	0
92.21875	89.37883	89.101395	89.341026	97.141922	97.270073	92.154785	97.273865	91.936485	89.230423	89.091171	89.185242	89.114014	89.146317	89.026627	89.146103	96.136681	97.097168	97.265663	100.0	97.24099	90.861649	91.02317	92.081863	90.964203	90.954834	91.136353	91.205307	91.396698	91.459122	89.176582	92.074539	88.978592	89.166969	89.247223	89.149101	97.279449	97.274323	96.13932	95.851379	94.844925	79.315201	0.0	0.0	0.0	0.0	0.0	0.0	0.0	0.0	0.0	0.0	0.0	0.0	0.0	0.0	0.0	0.0	0.0	0.0	0.0	0.0	0.0	0.0	0.0	0.0	0.0	0.0	0.0	0.0	0.0	0.0	0.0	0.0	0.0	0.0	0.0	0.0	0.0	0.0	0.0	0.0	0.0	0.0	0.0	0.0	0.0	0.0	0.0	0.0	0.0	0.0	0.0	0.0	0.0	0.0	0.0	0.0	0.0	0.0	0.0	0.0	0.0	0.0	0.0	0.0	0.0	0.0	0.0	0.0	0.0	0.0	0.0	0.0	0.0	0.0	0.0	0.0	0.0	0.0	0.0	0.0	0.0	0.0	0.0	0
92.312805	89.436554	89.327095	89.368591	97.241722	97.264694	92.292725	97.266571	92.05056	89.325363	89.319061	89.383682	89.277176	89.316666	89.136734	89.270683	96.327911	97.175003	97.28624	97.24099	100.0	91.008438	91.055374	92.295929	91.023773	90.975082	91.391312	91.345001	91.595741	91.628357	89.255249	92.276375	89.207962	89.296692	89.292953	89.311646	97.322556	98.439674	96.307831	96.061409	95.023376	79.354736	0.0	0.0	0.0	0.0	0.0	0.0	0.0	0.0	0.0	0.0	0.0	0.0	0.0	0.0	0.0	0.0	0.0	0.0	0.0	0.0	0.0	0.0	0.0	0.0	0.0	0.0	0.0	0.0	0.0	0.0	0.0	0.0	0.0	0.0	0.0	0.0	0.0	0.0	0.0	0.0	0.0	0.0	0.0	0.0	0.0	0.0	0.0	0.0	0.0	0.0	0.0	0.0	0.0	0.0	0.0	0.0	0.0	0.0	0.0	0.0	0.0	0.0	0.0	0.0	0.0	0.0	0.0	0.0	0.0	0.0	0.0	0.0	0.0	0.0	0.0	0.0	0.0	0.0	0.0	0.0	0.0	0.0	0.0	0
91.63253	90.9814	90.165482	90.977158	90.948021	90.921906	91.687103	90.934708	91.482956	90.161087	90.106049	90.167236	90.087189	90.161224	89.993973	90.076553	91.014549	90.957733	90.974709	90.861649	91.008438	100.0	90.528946	91.719345	90.147842	90.223969	90.595871	90.604385	90.90152	90.899887	90.164368	91.628601	90.041946	90.095215	90.055191	90.139381	90.87587	91.009239	91.067657	90.990601	90.483673	79.077507	0.0	0.0	0.0	0.0	0.0	0.0	0.0	0.0	0.0	0.0	0.0	0.0	0.0	0.0	0.0	0.0	0.0	0.0	0.0	0.0	0.0	0.0	0.0	0.0	0.0	0.0	0.0	0.0	0.0	0.0	0.0	0.0	0.0	0.0	0.0	0.0	0.0	0.0	0.0	0.0	0.0	0.0	0.0	0.0	0.0	0.0	0.0	0.0	0.0	0.0	0.0	0.0	0.0	0.0	0.0	0.0	0.0	0.0	0.0	0.0	0.0	0.0	0.0	0.0	0.0	0.0	0.0	0.0	0.0	0.0	0.0	0.0	0.0	0.0	0.0	0.0	0.0	0.0	0.0	0.0	0.0	0.0	0.0	0
93.526566	88.761826	88.898209	88.822647	91.00473	91.005798	93.619904	91.036377	93.406746	89.071564	88.881378	88.950623	88.87883	88.966827	88.886734	88.782677	91.159576	90.948227	91.000427	91.02317	91.055374	90.528946	100.0	93.617752	92.404434	92.438141	92.825378	92.82074	93.04332	93.025223	88.972992	93.505966	88.76178	89.005417	89.019882	88.910889	90.909088	90.955437	91.076797	90.958069	90.564919	78.883728	0.0	0.0	0.0	0.0	0.0	0.0	0.0	0.0	0.0	0.0	0.0	0.0	0.0	0.0	0.0	0.0	0.0	0.0	0.0	0.0	0.0	0.0	0.0	0.0	0.0	0.0	0.0	0.0	0.0	0.0	0.0	0.0	0.0	0.0	0.0	0.0	0.0	0.0	0.0	0.0	0.0	0.0	0.0	0.0	0.0	0.0	0.0	0.0	0.0	0.0	0.0	0.0	0.0	0.0	0.0	0.0	0.0	0.0	0.0	0.0	0.0	0.0	0.0	0.0	0.0	0.0	0.0	0.0	0.0	0.0	0.0	0.0	0.0	0.0	0.0	0.0	0.0	0.0	0.0	0.0	0.0	0.0	0.0	0
99.306351	89.551987	89.538933	89.592422	92.208229	92.108627	99.340027	92.222061	99.048813	89.646355	89.542244	89.550056	89.507324	89.482727	89.351959	89.42688	92.320419	92.195129	92.068588	92.081863	92.295929	91.719345	93.617752	100.0	94.488861	94.512161	95.013718	94.865402	95.381744	95.47673	89.415756	98.573303	89.412697	89.513885	89.537071	89.535927	92.141586	92.263306	92.341553	92.174072	91.639175	79.201324	0.0	0.0	0.0	0.0	0.0	0.0	0.0	0.0	0.0	0.0	0.0	0.0	0.0	0.0	0.0	0.0	0.0	0.0	0.0	0.0	0.0	0.0	0.0	0.0	0.0	0.0	0.0	0.0	0.0	0.0	0.0	0.0	0.0	0.0	0.0	0.0	0.0	0.0	0.0	0.0	0.0	0.0	0.0	0.0	0.0	0.0	0.0	0.0	0.0	0.0	0.0	0.0	0.0	0.0	0.0	0.0	0.0	0.0	0.0	0.0	0.0	0.0	0.0	0.0	0.0	0.0	0.0	0.0	0.0	0.0	0.0	0.0	0.0	0.0	0.0	0.0	0.0	0.0	0.0	0.0	0.0	0.0	0.0	0
94.506073	88.536133	88.855354	88.604065	90.87426	90.873833	94.482979	90.883621	94.265648	88.954437	88.869041	88.89048	88.773422	88.808075	88.751144	88.722321	91.167442	90.903793	90.90992	90.964203	91.023773	90.147842	92.404434	94.488861	100.0	99.092194	95.436325	95.490631	95.422729	95.383087	88.82563	94.389603	88.756546	88.934494	88.891647	88.859238	90.807999	90.876495	91.127228	90.908417	90.237183	79.193497	0.0	0.0	0.0	0.0	0.0	0.0	0.0	0.0	0.0	0.0	0.0	0.0	0.0	0.0	0.0	0.0	0.0	0.0	0.0	0.0	0.0	0.0	0.0	0.0	0.0	0.0	0.0	0.0	0.0	0.0	0.0	0.0	0.0	0.0	0.0	0.0	0.0	0.0	0.0	0.0	0.0	0.0	0.0	0.0	0.0	0.0	0.0	0.0	0.0	0.0	0.0	0.0	0.0	0.0	0.0	0.0	0.0	0.0	0.0	0.0	0.0	0.0	0.0	0.0	0.0	0.0	0.0	0.0	0.0	0.0	0.0	0.0	0.0	0.0	0.0	0.0	0.0	0.0	0.0	0.0	0.0	0.0	0.0	0
94.490524	88.643753	88.868042	88.630722	90.950233	90.926353	94.523216	90.975418	94.250534	89.0084	88.88134	88.936615	88.833572	88.890274	88.783722	88.784935	91.165024	90.938965	90.925964	90.954834	90.975082	90.223969	92.438141	94.512161	99.092194	100.0	95.536575	95.515663	95.375008	95.419495	88.831192	94.35939	88.745544	88.979355	88.861603	88.854446	90.827423	90.907593	91.190353	90.977417	90.371834	79.311989	0.0	0.0	0.0	0.0	0.0	0.0	0.0	0.0	0.0	0.0	0.0	0.0	0.0	0.0	0.0	0.0	0.0	0.0	0.0	0.0	0.0	0.0	0.0	0.0	0.0	0.0	0.0	0.0	0.0	0.0	0.0	0.0	0.0	0.0	0.0	0.0	0.0	0.0	0.0	0.0	0.0	0.0	0.0	0.0	0.0	0.0	0.0	0.0	0.0	0.0	0.0	0.0	0.0	0.0	0.0	0.0	0.0	0.0	0.0	0.0	0.0	0.0	0.0	0.0	0.0	0.0	0.0	0.0	0.0	0.0	0.0	0.0	0.0	0.0	0.0	0.0	0.0	0.0	0.0	0.0	0.0	0.0	0.0	0
95.043396	88.931061	89.217438	88.93885	91.244415	91.2341	95.075348	91.284355	94.901978	89.413071	89.392242	89.496552	89.256927	89.287369	89.121307	89.231743	91.459015	91.304688	91.315826	91.136353	91.391312	90.595871	92.825378	95.013718	95.436325	95.536575	100.0	98.722076	96.07254	96.136963	89.306168	94.949524	89.138535	89.354523	89.280762	89.259949	91.173737	91.345123	91.464043	91.231544	90.636124	79.442963	0.0	0.0	0.0	0.0	0.0	0.0	0.0	0.0	0.0	0.0	0.0	0.0	0.0	0.0	0.0	0.0	0.0	0.0	0.0	0.0	0.0	0.0	0.0	0.0	0.0	0.0	0.0	0.0	0.0	0.0	0.0	0.0	0.0	0.0	0.0	0.0	0.0	0.0	0.0	0.0	0.0	0.0	0.0	0.0	0.0	0.0	0.0	0.0	0.0	0.0	0.0	0.0	0.0	0.0	0.0	0.0	0.0	0.0	0.0	0.0	0.0	0.0	0.0	0.0	0.0	0.0	0.0	0.0	0.0	0.0	0.0	0.0	0.0	0.0	0.0	0.0	0.0	0.0	0.0	0.0	0.0	0.0	0.0	0
95.027466	89.017731	89.184448	88.974869	91.215942	91.168823	94.978836	91.272469	94.795898	89.480927	89.325287	89.386284	89.22319	89.272217	89.12291	89.227287	91.400856	91.257156	91.163078	91.205307	91.345001	90.604385	92.82074	94.865402	95.490631	95.515663	98.722076	100.0	95.919785	96.119751	89.229858	94.880997	89.143158	89.384697	89.264183	89.216568	91.140564	91.332962	91.402847	91.261185	90.710022	79.352936	0.0	0.0	0.0	0.0	0.0	0.0	0.0	0.0	0.0	0.0	0.0	0.0	0.0	0.0	0.0	0.0	0.0	0.0	0.0	0.0	0.0	0.0	0.0	0.0	0.0	0.0	0.0	0.0	0.0	0.0	0.0	0.0	0.0	0.0	0.0	0.0	0.0	0.0	0.0	0.0	0.0	0.0	0.0	0.0	0.0	0.0	0.0	0.0	0.0	0.0	0.0	0.0	0.0	0.0	0.0	0.0	0.0	0.0	0.0	0.0	0.0	0.0	0.0	0.0	0.0	0.0	0.0	0.0	0.0	0.0	0.0	0.0	0.0	0.0	0.0	0.0	0.0	0.0	0.0	0.0	0.0	0.0	0.0	0
95.589684	89.003922	89.224548	89.066574	91.538742	91.439697	95.522789	91.568954	95.36834	89.313843	89.274887	89.287888	89.105812	89.210335	89.107674	89.094231	91.742989	91.568314	91.463074	91.396698	91.595741	90.90152	93.04332	95.381744	95.422729	95.375008	96.07254	95.919785	100.0	98.586136	89.183975	95.454895	89.001785	89.253693	89.267426	89.190544	91.526489	91.600174	91.737869	91.592308	90.894073	79.338531	0.0	0.0	0.0	0.0	0.0	0.0	0.0	0.0	0.0	0.0	0.0	0.0	0.0	0.0	0.0	0.0	0.0	0.0	0.0	0.0	0.0	0.0	0.0	0.0	0.0	0.0	0.0	0.0	0.0	0.0	0.0	0.0	0.0	0.0	0.0	0.0	0.0	0.0	0.0	0.0	0.0	0.0	0.0	0.0	0.0	0.0	0.0	0.0	0.0	0.0	0.0	0.0	0.0	0.0	0.0	0.0	0.0	0.0	0.0	0.0	0.0	0.0	0.0	0.0	0.0	0.0	0.0	0.0	0.0	0.0	0.0	0.0	0.0	0.0	0.0	0.0	0.0	0.0	0.0	0.0	0.0	0.0	0.0	0
95.506912	89.043312	89.228882	89.027618	91.554604	91.535706	95.505142	91.502396	95.292572	89.353699	89.264267	89.256821	89.102753	89.20359	89.063622	89.100479	91.726166	91.500946	91.53006	91.459122	91.628357	90.899887	93.025223	95.47673	95.383087	95.419495	96.136963	96.119751	98.586136	100.0	89.224487	95.424728	89.041779	89.261658	89.218719	89.16272	91.501595	91.611847	91.70166	91.564758	90.916214	79.458206	0.0	0.0	0.0	0.0	0.0	0.0	0.0	0.0	0.0	0.0	0.0	0.0	0.0	0.0	0.0	0.0	0.0	0.0	0.0	0.0	0.0	0.0	0.0	0.0	0.0	0.0	0.0	0.0	0.0	0.0	0.0	0.0	0.0	0.0	0.0	0.0	0.0	0.0	0.0	0.0	0.0	0.0	0.0	0.0	0.0	0.0	0.0	0.0	0.0	0.0	0.0	0.0	0.0	0.0	0.0	0.0	0.0	0.0	0.0	0.0	0.0	0.0	0.0	0.0	0.0	0.0	0.0	0.0	0.0	0.0	0.0	0.0	0.0	0.0	0.0	0.0	0.0	0.0	0.0	0.0	0.0	0.0	0.0	0
89.522064	91.583351	98.513748	91.595871	89.307648	89.337593	89.428619	89.241943	89.274452	97.941391	98.026917	98.003059	98.235077	98.59259	98.504021	98.305481	89.43689	89.2593	89.28157	89.176582	89.255249	90.164368	88.972992	89.415756	88.82563	88.831192	89.306168	89.229858	89.183975	89.224487	100.0	89.469482	98.362564	98.00322	98.416275	98.475601	89.187706	89.2146	89.366386	89.33905	88.757401	79.227768	78.383064	78.918137	0.0	0.0	0.0	0.0	0.0	0.0	0.0	0.0	0.0	0.0	0.0	0.0	0.0	0.0	0.0	0.0	0.0	0.0	0.0	0.0	0.0	0.0	0.0	0.0	0.0	0.0	0.0	0.0	0.0	0.0	0.0	0.0	0.0	0.0	0.0	0.0	0.0	0.0	0.0	0.0	0.0	0.0	0.0	0.0	0.0	0.0	0.0	0.0	0.0	0.0	0.0	0.0	0.0	0.0	0.0	0.0	0.0	0.0	0.0	0.0	0.0	0.0	0.0	0.0	0.0	0.0	0.0	0.0	0.0	0.0	0.0	0.0	0.0	0.0	0.0	0.0	0.0	0.0	0.0	0.0	0.0	0
98.499496	89.486572	89.461136	89.559067	92.22728	92.221527	98.466125	92.178459	98.360489	89.586334	89.512161	89.4897	89.484161	89.422165	89.283226	89.356987	92.26651	92.182106	92.220764	92.074539	92.276375	91.628601	93.505966	98.573303	94.389603	94.35939	94.949524	94.880997	95.454895	95.424728	89.469482	100.0	89.33419	89.496353	89.476433	89.469254	92.116501	92.249313	92.299118	92.14534	91.682205	79.311783	79.077057	78.891777	0.0	0.0	0.0	0.0	0.0	0.0	0.0	0.0	0.0	0.0	0.0	0.0	0.0	0.0	0.0	0.0	0.0	0.0	0.0	0.0	0.0	0.0	0.0	0.0	0.0	0.0	0.0	0.0	0.0	0.0	0.0	0.0	0.0	0.0	0.0	0.0	0.0	0.0	0.0	0.0	0.0	0.0	0.0	0.0	0.0	0.0	0.0	0.0	0.0	0.0	0.0	0.0	0.0	0.0	0.0	0.0	0.0	0.0	0.0	0.0	0.0	0.0	0.0	0.0	0.0	0.0	0.0	0.0	0.0	0.0	0.0	0.0	0.0	0.0	0.0	0.0	0.0	0.0	0.0	0.0	0.0	0
89.327103	91.441772	98.277199	91.268707	89.140755	89.169815	89.386658	89.099731	89.210876	97.847359	97.9338	97.882393	98.036331	98.226318	98.038635	98.345932	89.283905	89.131302	89.173363	88.978592	89.207962	90.041946	88.76178	89.412697	88.756546	88.745544	89.138535	89.143158	89.001785	89.041779	98.362564	89.33419	100.0	97.98999	98.339157	98.329346	89.089081	89.114265	89.271973	89.189621	88.615997	78.544266	78.169083	0.0	78.181557	0.0	0.0	0.0	0.0	0.0	0.0	0.0	0.0	0.0	0.0	0.0	0.0	0.0	0.0	0.0	0.0	0.0	0.0	0.0	0.0	0.0	0.0	0.0	0.0	0.0	0.0	0.0	0.0	0.0	0.0	0.0	0.0	0.0	0.0	0.0	0.0	0.0	0.0	0.0	0.0	0.0	0.0	0.0	0.0	0.0	0.0	0.0	0.0	0.0	0.0	0.0	0.0	0.0	0.0	0.0	0.0	0.0	0.0	0.0	0.0	0.0	0.0	0.0	0.0	0.0	0.0	0.0	0.0	0.0	0.0	0.0	0.0	0.0	0.0	0.0	0.0	0.0	0.0	0.0	0.0	0
89.509583	91.523941	97.909302	91.487625	89.217789	89.215759	89.496521	89.293266	89.271545	98.881813	98.534332	98.557297	98.181	97.95105	97.900345	97.908005	89.342575	89.260269	89.201462	89.166969	89.296692	90.095215	89.005417	89.513885	88.934494	88.979355	89.354523	89.384697	89.253693	89.261658	98.00322	89.496353	97.98999	100.0	97.950439	97.935669	89.143265	89.229782	89.327698	89.191376	88.712105	79.166061	78.869766	0.0	0.0	0.0	0.0	0.0	0.0	0.0	0.0	0.0	0.0	0.0	0.0	0.0	0.0	0.0	0.0	0.0	0.0	0.0	0.0	0.0	0.0	0.0	0.0	0.0	0.0	0.0	0.0	0.0	0.0	0.0	0.0	0.0	0.0	0.0	0.0	0.0	0.0	0.0	0.0	0.0	0.0	0.0	0.0	0.0	0.0	0.0	0.0	0.0	0.0	0.0	0.0	0.0	0.0	0.0	0.0	0.0	0.0	0.0	0.0	0.0	0.0	0.0	0.0	0.0	0.0	0.0	0.0	0.0	0.0	0.0	0.0	0.0	0.0	0.0	0.0	0.0	0.0	0.0	0.0	0.0	0.0	0
89.510338	91.553284	98.37262	91.583588	89.24884	89.306046	89.47583	89.258392	89.295334	97.938057	98.017883	98.020767	98.153427	98.336372	98.378578	98.32193	89.377472	89.269684	89.282196	89.247223	89.292953	90.055191	89.019882	89.537071	88.891647	88.861603	89.280762	89.264183	89.267426	89.218719	98.416275	89.476433	98.339157	97.950439	100.0	98.457321	89.14032	89.268646	89.363342	89.287415	88.756836	79.15712	78.625641	0.0	0.0	0.0	0.0	0.0	0.0	0.0	0.0	0.0	0.0	0.0	0.0	0.0	0.0	0.0	0.0	0.0	0.0	0.0	0.0	0.0	0.0	0.0	0.0	0.0	0.0	0.0	0.0	0.0	0.0	0.0	0.0	0.0	0.0	0.0	0.0	0.0	0.0	0.0	0.0	0.0	0.0	0.0	0.0	0.0	0.0	0.0	0.0	0.0	0.0	0.0	0.0	0.0	0.0	0.0	0.0	0.0	0.0	0.0	0.0	0.0	0.0	0.0	0.0	0.0	0.0	0.0	0.0	0.0	0.0	0.0	0.0	0.0	0.0	0.0	0.0	0.0	0.0	0.0	0.0	0.0	0.0	0
89.512299	91.604134	98.428314	91.563553	89.238831	89.287689	89.467834	89.258209	89.263916	97.90094	98.041008	97.994141	98.22995	98.410934	98.437668	98.312553	89.481384	89.273979	89.306305	89.149101	89.311646	90.139381	88.910889	89.535927	88.859238	88.854446	89.259949	89.216568	89.190544	89.16272	98.475601	89.469254	98.329346	97.935669	98.457321	100.0	89.171417	89.283241	89.377579	89.313179	88.760735	79.108437	78.769897	0.0	0.0	0.0	0.0	0.0	0.0	0.0	0.0	0.0	0.0	0.0	0.0	0.0	0.0	0.0	0.0	0.0	0.0	0.0	0.0	0.0	0.0	0.0	0.0	0.0	0.0	0.0	0.0	0.0	0.0	0.0	0.0	0.0	0.0	0.0	0.0	0.0	0.0	0.0	0.0	0.0	0.0	0.0	0.0	0.0	0.0	0.0	0.0	0.0	0.0	0.0	0.0	0.0	0.0	0.0	0.0	0.0	0.0	0.0	0.0	0.0	0.0	0.0	0.0	0.0	0.0	0.0	0.0	0.0	0.0	0.0	0.0	0.0	0.0	0.0	0.0	0.0	0.0	0.0	0.0	0.0	0.0	0
92.165375	89.336784	89.163422	89.315414	98.459053	98.467773	92.111023	98.296066	91.996719	89.213379	89.152374	89.181519	89.145096	89.098633	89.068832	89.10836	96.331589	98.304657	98.491318	97.279449	97.322556	90.87587	90.909088	92.141586	90.807999	90.827423	91.173737	91.140564	91.526489	91.501595	89.187706	92.116501	89.089081	89.143265	89.14032	89.171417	100.0	97.490166	96.307747	96.061356	95.015656	78.609245	78.047523	0.0	0.0	0.0	0.0	0.0	0.0	0.0	0.0	0.0	0.0	0.0	0.0	0.0	0.0	0.0	0.0	0.0	0.0	0.0	0.0	0.0	0.0	0.0	0.0	0.0	0.0	0.0	0.0	0.0	0.0	0.0	0.0	0.0	0.0	0.0	0.0	0.0	0.0	0.0	0.0	0.0	0.0	0.0	0.0	0.0	0.0	0.0	0.0	0.0	0.0	0.0	0.0	0.0	0.0	0.0	0.0	0.0	0.0	0.0	0.0	0.0	0.0	0.0	0.0	0.0	0.0	0.0	0.0	0.0	0.0	0.0	0.0	0.0	0.0	0.0	0.0	0.0	0.0	0.0	0.0	0.0	0.0	0
92.250999	89.381332	89.256943	89.371483	97.450272	97.439995	92.23587	97.384247	92.022858	89.268326	89.291763	89.231102	89.230827	89.248245	89.089722	89.182343	96.297112	97.371811	97.416954	97.274323	98.439674	91.009239	90.955437	92.263306	90.876495	90.907593	91.345123	91.332962	91.600174	91.611847	89.2146	92.249313	89.114265	89.229782	89.268646	89.283241	97.490166	100.0	96.298325	96.12851	95.04039	79.525703	78.766312	0.0	0.0	0.0	0.0	0.0	0.0	0.0	0.0	0.0	0.0	0.0	0.0	0.0	0.0	0.0	0.0	0.0	0.0	0.0	0.0	0.0	0.0	0.0	0.0	0.0	0.0	0.0	0.0	0.0	0.0	0.0	0.0	0.0	0.0	0.0	0.0	0.0	0.0	0.0	0.0	0.0	0.0	0.0	0.0	0.0	0.0	0.0	0.0	0.0	0.0	0.0	0.0	0.0	0.0	0.0	0.0	0.0	0.0	0.0	0.0	0.0	0.0	0.0	0.0	0.0	0.0	0.0	0.0	0.0	0.0	0.0	0.0	0.0	0.0	0.0	0.0	0.0	0.0	0.0	0.0	0.0	0.0	0
92.341171	89.395027	89.38147	89.388268	96.43338	96.43602	92.336319	96.41127	92.19696	89.34256	89.419388	89.367844	89.314346	89.422333	89.232269	89.325844	98.876602	96.391556	96.446609	96.13932	96.307831	91.067657	91.076797	92.341553	91.127228	91.190353	91.464043	91.402847	91.737869	91.70166	89.366386	92.299118	89.271973	89.327698	89.363342	89.377579	96.307747	96.298325	100.0	95.934021	94.803711	78.930191	0.0	78.79554	0.0	0.0	78.891991	78.893684	0.0	0.0	0.0	0.0	0.0	0.0	0.0	0.0	78.92308	0.0	0.0	0.0	0.0	0.0	0.0	0.0	0.0	0.0	0.0	0.0	0.0	0.0	0.0	0.0	0.0	0.0	0.0	0.0	0.0	0.0	0.0	0.0	0.0	0.0	0.0	0.0	0.0	0.0	0.0	0.0	0.0	0.0	0.0	0.0	0.0	0.0	0.0	0.0	0.0	0.0	0.0	0.0	0.0	0.0	0.0	0.0	0.0	0.0	0.0	0.0	0.0	0.0	0.0	0.0	0.0	0.0	0.0	0.0	0.0	0.0	0.0	0.0	0.0	0.0	0.0	0.0	0.0	0
92.198013	89.280418	89.37204	89.345932	96.167343	96.194832	92.161278	96.128769	91.977531	89.307907	89.256317	89.2677	89.218262	89.320999	89.201248	89.289474	95.921478	96.133469	96.234711	95.851379	96.061409	90.990601	90.958069	92.174072	90.908417	90.977417	91.231544	91.261185	91.592308	91.564758	89.33905	92.14534	89.189621	89.191376	89.287415	89.313179	96.061356	96.12851	95.934021	100.0	94.802696	79.290878	0.0	78.649399	0.0	0.0	0.0	78.815514	0.0	79.093689	79.022247	0.0	0.0	0.0	0.0	0.0	0.0	0.0	0.0	0.0	0.0	0.0	0.0	0.0	0.0	0.0	0.0	0.0	0.0	0.0	0.0	0.0	0.0	0.0	0.0	0.0	0.0	0.0	0.0	0.0	0.0	0.0	0.0	0.0	0.0	0.0	0.0	0.0	0.0	0.0	0.0	0.0	0.0	0.0	0.0	0.0	0.0	0.0	0.0	0.0	0.0	0.0	0.0	0.0	0.0	0.0	0.0	0.0	0.0	0.0	0.0	0.0	0.0	0.0	0.0	0.0	0.0	0.0	0.0	0.0	0.0	0.0	0.0	0.0	0.0	0
91.563889	89.078323	88.776436	89.089325	94.967949	94.985382	91.621689	94.982567	91.465492	88.813568	88.769165	88.720886	88.716476	88.850403	88.622604	88.764664	94.815979	94.984299	94.985397	94.844925	95.023376	90.483673	90.564919	91.639175	90.237183	90.371834	90.636124	90.710022	90.894073	90.916214	88.757401	91.682205	88.615997	88.712105	88.756836	88.760735	95.015656	95.04039	94.803711	94.802696	100.0	79.311646	78.71286	0.0	78.843536	78.92289	79.061661	78.692467	79.067505	78.982162	0.0	0.0	0.0	78.711716	79.127068	79.062668	0.0	0.0	0.0	0.0	0.0	0.0	0.0	0.0	78.188927	79.196304	79.23204	79.324875	79.204689	78.881454	79.26339	79.271202	78.342056	78.395683	0.0	0.0	0.0	0.0	0.0	0.0	0.0	0.0	0.0	0.0	0.0	0.0	0.0	0.0	0.0	0.0	0.0	0.0	0.0	0.0	0.0	0.0	0.0	0.0	0.0	0.0	0.0	0.0	0.0	0.0	0.0	0.0	0.0	0.0	0.0	0.0	0.0	0.0	0.0	0.0	0.0	0.0	0.0	0.0	0.0	0.0	0.0	0.0	0.0	0.0	0.0	0
78.950569	79.248825	79.066338	79.211365	79.331734	79.322227	79.001755	79.417198	79.00412	79.157333	79.198746	79.256805	79.243668	79.123093	78.587845	78.63118	79.262329	79.112259	79.293297	79.315201	79.354736	79.077507	78.883728	79.201324	79.193497	79.311989	79.442963	79.352936	79.338531	79.458206	79.227768	79.311783	78.544266	79.166061	79.15712	79.108437	78.609245	79.525703	78.930191	79.290878	79.311646	100.0	82.120201	88.07637	82.2229	82.255318	93.013756	98.802948	93.222366	88.264526	99.933807	91.304596	93.222816	91.239044	93.426987	93.040558	99.927307	81.429588	81.457779	81.534187	79.185196	79.371613	78.989365	78.855522	82.00032	91.959824	88.145889	98.609497	95.620667	93.237457	92.776627	93.036118	81.326874	79.275757	0.0	0.0	0.0	0.0	0.0	0.0	0.0	0.0	0.0	0.0	0.0	0.0	0.0	0.0	0.0	0.0	0.0	0.0	0.0	0.0	0.0	0.0	0.0	0.0	0.0	0.0	0.0	0.0	0.0	0.0	0.0	0.0	0.0	0.0	0.0	0.0	0.0	0.0	0.0	0.0	0.0	0.0	0.0	0.0	0.0	0.0	0.0	0.0	0.0	0.0	0.0	0
79.103531	0.0	78.651474	0.0	78.917419	78.715195	79.16433	78.716423	0.0	0.0	0.0	0.0	0.0	0.0	0.0	0.0	0.0	0.0	0.0	0.0	0.0	0.0	0.0	0.0	0.0	0.0	0.0	0.0	0.0	0.0	78.383064	79.077057	78.169083	78.869766	78.625641	78.769897	78.047523	78.766312	0.0	0.0	78.71286	82.120201	100.0	82.645416	98.582253	98.407013	82.031105	81.606544	82.284027	82.375183	81.489212	81.631668	82.269524	81.68013	82.125114	82.028099	81.616928	80.713104	80.771706	80.649155	79.021545	79.083725	78.889709	78.80835	99.09758	81.789886	82.462997	81.697083	81.606232	82.071777	81.991371	82.068039	80.72818	78.935043	0.0	0.0	0.0	0.0	0.0	0.0	0.0	0.0	0.0	0.0	0.0	0.0	0.0	0.0	0.0	0.0	0.0	0.0	0.0	0.0	0.0	0.0	0.0	0.0	0.0	0.0	0.0	0.0	0.0	0.0	0.0	0.0	0.0	0.0	0.0	0.0	0.0	0.0	0.0	0.0	0.0	0.0	0.0	0.0	0.0	0.0	0.0	0.0	0.0	0.0	0.0	0
78.939667	0.0	0.0	0.0	0.0	0.0	0.0	0.0	0.0	0.0	0.0	0.0	0.0	0.0	0.0	0.0	0.0	0.0	0.0	0.0	0.0	0.0	0.0	0.0	0.0	0.0	0.0	0.0	0.0	0.0	78.918137	78.891777	0.0	0.0	0.0	0.0	0.0	0.0	78.79554	78.649399	0.0	88.07637	82.645416	100.0	82.585846	82.587547	88.241829	87.521332	88.567947	97.308784	87.504044	87.107361	88.601105	87.198853	88.373039	88.283852	87.46376	80.928314	81.069038	80.93866	79.023941	78.948555	78.969147	78.80574	82.631439	87.402039	97.741013	87.401367	87.28405	88.439674	87.890465	88.12236	80.887436	78.973175	0.0	0.0	0.0	0.0	0.0	0.0	0.0	0.0	0.0	0.0	0.0	0.0	0.0	0.0	0.0	0.0	0.0	0.0	0.0	0.0	0.0	0.0	0.0	0.0	0.0	0.0	0.0	0.0	0.0	0.0	0.0	0.0	0.0	0.0	0.0	0.0	0.0	0.0	0.0	0.0	0.0	0.0	0.0	0.0	0.0	0.0	0.0	0.0	0.0	0.0	0.0	0
79.262436	0.0	0.0	0.0	78.829697	0.0	0.0	0.0	0.0	0.0	0.0	0.0	0.0	0.0	0.0	0.0	0.0	0.0	0.0	0.0	0.0	0.0	0.0	0.0	0.0	0.0	0.0	0.0	0.0	0.0	0.0	0.0	78.181557	0.0	0.0	0.0	0.0	0.0	0.0	0.0	78.843536	82.2229	98.582253	82.585846	100.0	98.222961	82.013977	81.866562	82.430359	82.465805	81.763969	81.943817	82.433472	81.949829	82.293259	82.048279	81.788902	80.671295	80.701935	80.668297	79.175354	79.410454	78.786377	78.994377	98.469948	81.957153	82.533821	81.877083	81.8815	82.380478	82.135269	82.191116	80.824158	78.971062	0.0	0.0	0.0	0.0	0.0	0.0	0.0	0.0	0.0	0.0	0.0	0.0	0.0	0.0	0.0	0.0	0.0	0.0	0.0	0.0	0.0	0.0	0.0	0.0	0.0	0.0	0.0	0.0	0.0	0.0	0.0	0.0	0.0	0.0	0.0	0.0	0.0	0.0	0.0	0.0	0.0	0.0	0.0	0.0	0.0	0.0	0.0	0.0	0.0	0.0	0.0	0
79.028748	0.0	0.0	0.0	78.905312	78.872772	78.962868	78.879341	0.0	0.0	0.0	0.0	0.0	0.0	0.0	0.0	0.0	0.0	0.0	0.0	0.0	0.0	0.0	0.0	0.0	0.0	0.0	0.0	0.0	0.0	0.0	0.0	0.0	0.0	0.0	0.0	0.0	0.0	0.0	0.0	78.92289	82.255318	98.407013	82.587547	98.222961	100.0	81.917122	81.70076	82.251099	82.378738	81.75386	81.777466	82.256332	81.80983	82.012749	81.966537	81.773735	80.778755	80.735367	80.753754	79.084915	79.095703	78.87011	78.899727	98.391586	81.89061	82.417809	81.695923	81.803978	82.138733	81.91008	82.000046	80.892303	78.982689	0.0	0.0	0.0	0.0	0.0	0.0	0.0	0.0	0.0	0.0	0.0	0.0	0.0	0.0	0.0	0.0	0.0	0.0	0.0	0.0	0.0	0.0	0.0	0.0	0.0	0.0	0.0	0.0	0.0	0.0	0.0	0.0	0.0	0.0	0.0	0.0	0.0	0.0	0.0	0.0	0.0	0.0	0.0	0.0	0.0	0.0	0.0	0.0	0.0	0.0	0.0	0
78.78463	78.885109	0.0	79.025055	0.0	0.0	0.0	0.0	0.0	0.0	0.0	0.0	0.0	0.0	0.0	0.0	0.0	0.0	0.0	0.0	0.0	0.0	0.0	0.0	0.0	0.0	0.0	0.0	0.0	0.0	0.0	0.0	0.0	0.0	0.0	0.0	0.0	0.0	78.891991	0.0	79.061661	93.013756	82.031105	88.241829	82.013977	81.917122	100.0	92.525047	93.969772	88.293846	92.487076	92.25943	94.008148	92.210175	96.581451	99.99469	92.53791	80.948273	81.246445	80.980927	79.036682	79.134247	78.885704	78.928192	81.853409	91.963982	88.242615	92.586319	92.203232	93.935196	93.289703	94.837425	80.925842	78.994881	0.0	0.0	0.0	0.0	0.0	0.0	0.0	0.0	0.0	0.0	0.0	0.0	0.0	0.0	0.0	0.0	0.0	0.0	0.0	0.0	0.0	0.0	0.0	0.0	0.0	0.0	0.0	0.0	0.0	0.0	0.0	0.0	0.0	0.0	0.0	0.0	0.0	0.0	0.0	0.0	0.0	0.0	0.0	0.0	0.0	0.0	0.0	0.0	0.0	0.0	0.0	0
0.0	0.0	78.773865	0.0	0.0	0.0	0.0	0.0	0.0	0.0	0.0	0.0	0.0	0.0	0.0	0.0	0.0	0.0	0.0	0.0	0.0	0.0	0.0	0.0	0.0	0.0	0.0	0.0	0.0	0.0	0.0	0.0	0.0	0.0	0.0	0.0	0.0	0.0	78.893684	78.815514	78.692467	98.802948	81.606544	87.521332	81.866562	81.70076	92.525047	100.0	92.768433	87.595741	98.540588	90.687485	92.778717	90.628807	92.90181	92.506393	98.542198	81.050964	81.250702	81.045334	78.941818	79.052963	78.816681	78.968445	81.741791	91.306763	87.520546	98.427094	95.166412	92.713989	92.157135	92.375443	81.047714	79.063812	0.0	0.0	0.0	0.0	0.0	0.0	0.0	0.0	0.0	0.0	0.0	0.0	0.0	0.0	0.0	0.0	0.0	0.0	0.0	0.0	0.0	0.0	0.0	0.0	0.0	0.0	0.0	0.0	0.0	0.0	0.0	0.0	0.0	0.0	0.0	0.0	0.0	0.0	0.0	0.0	0.0	0.0	0.0	0.0	0.0	0.0	0.0	0.0	0.0	0.0	0.0	0
0.0	79.081444	78.647835	0.0	0.0	0.0	0.0	0.0	0.0	0.0	0.0	0.0	0.0	0.0	0.0	0.0	0.0	0.0	0.0	0.0	0.0	0.0	0.0	0.0	0.0	0.0	0.0	0.0	0.0	0.0	0.0	0.0	0.0	0.0	0.0	0.0	0.0	0.0	0.0	0.0	79.067505	93.222366	82.284027	88.567947	82.430359	82.251099	93.969772	92.768433	100.0	88.732635	92.672562	92.108223	99.954056	91.984901	94.298828	93.967041	92.674927	81.353088	81.587608	81.149582	79.124634	79.135452	78.960846	79.225418	82.132057	92.304474	88.557449	92.719757	92.417297	98.16275	93.672577	94.125801	81.239426	79.098129	0.0	0.0	0.0	0.0	0.0	0.0	0.0	0.0	0.0	0.0	0.0	0.0	0.0	0.0	0.0	0.0	0.0	0.0	0.0	0.0	0.0	0.0	0.0	0.0	0.0	0.0	0.0	0.0	0.0	0.0	0.0	0.0	0.0	0.0	0.0	0.0	0.0	0.0	0.0	0.0	0.0	0.0	0.0	0.0	0.0	0.0	0.0	0.0	0.0	0.0	0.0	0
0.0	79.29879	0.0	0.0	0.0	0.0	0.0	0.0	0.0	0.0	0.0	0.0	0.0	0.0	0.0	0.0	0.0	0.0	0.0	0.0	0.0	0.0	0.0	0.0	0.0	0.0	0.0	0.0	0.0	0.0	0.0	0.0	0.0	0.0	0.0	0.0	0.0	0.0	0.0	79.093689	78.982162	88.264526	82.375183	97.308784	82.465805	82.378738	88.293846	87.595741	88.732635	100.0	87.703026	87.272629	88.784088	87.28952	88.337906	88.281067	87.686165	80.967247	81.155708	80.914627	79.03862	78.991623	78.792007	78.972809	82.319504	87.539459	97.760239	87.62606	87.498337	88.572319	87.965836	88.01564	80.926819	79.076141	0.0	0.0	0.0	0.0	0.0	0.0	0.0	0.0	0.0	0.0	0.0	0.0	0.0	0.0	0.0	0.0	0.0	0.0	0.0	0.0	0.0	0.0	0.0	0.0	0.0	0.0	0.0	0.0	0.0	0.0	0.0	0.0	0.0	0.0	0.0	0.0	0.0	0.0	0.0	0.0	0.0	0.0	0.0	0.0	0.0	0.0	0.0	0.0	0.0	0.0	0.0	0
78.640076	0.0	0.0	0.0	0.0	0.0	0.0	0.0	0.0	0.0	0.0	0.0	0.0	0.0	0.0	0.0	0.0	0.0	0.0	0.0	0.0	0.0	0.0	0.0	0.0	0.0	0.0	0.0	0.0	0.0	0.0	0.0	0.0	0.0	0.0	0.0	0.0	0.0	0.0	79.022247	0.0	99.933807	81.489212	87.504044	81.763969	81.75386	92.487076	98.540588	92.672562	87.703026	100.0	90.747208	92.720482	90.651207	92.821213	92.510796	99.998039	81.018219	81.366631	81.239052	79.120598	79.107475	78.779617	78.981049	81.4655	91.395782	87.545212	98.405006	95.254356	92.673813	92.25071	92.411316	81.084961	79.290283	0.0	0.0	0.0	0.0	0.0	0.0	0.0	0.0	0.0	0.0	0.0	0.0	0.0	0.0	0.0	0.0	0.0	0.0	0.0	0.0	0.0	0.0	0.0	0.0	0.0	0.0	0.0	0.0	0.0	0.0	0.0	0.0	0.0	0.0	0.0	0.0	0.0	0.0	0.0	0.0	0.0	0.0	0.0	0.0	0.0	0.0	0.0	0.0	0.0	0.0	0.0	0
