1522758.3	66892.7	2676871.3	2898276.3	1054862.11	1169025.9	54571.45	1535304.3	284034.3	1940.3	53451.4	2717324.3	2726118.3	2801031.3	2582831.3	2730915.3	67258.29	1306175.6	2684468.3	2662065.3	1343740.29	1333528.4	1927.44	1690221.3	1648182.5	2653200.3	1887.6	67294.3	1907.4	1984801.3	54571.47	1950.16	2099583.3	2772433.3	83656.9	58346.16	2721244.3	59299.27	2684469.3	1854574.8	66871.3	1038929.12	1303692.3	2203205.3	2072505.3	2282738.3	234612.4	68214.14	1901.15	73044.12	2005885.3	1971.5	193462.5	2742136.3	403935.6	68570.35	1413221.3	45398.9	2496836.3	1915.4	2710756.3	1888.31	264445.3	114686.5	164348.7	1885.4	1812480.3	1725411.3	1077946.3	1920.4	1882757.3	249586.4	68249.6	1160718.9	42881.4	54571.46	1932.7	1905.9	2094021.4	2705439.3	2692234.3	47763.9	2211357.3	1893.7	2781734.3	116188.4	1929477.3	2420135.5	2801030.3	1109743.5	51201.9	67367.6	1214101.3	2293571.4	54571.44	1912.5	2825844.3	2306165.3	1079985.11	40318.15	35621.24	73044.9	67267.5	2083284.3	2174846.3	1616117.8	47763.27	67345.6	39478.4	862751.12	146923.5	2838015.3	47760.6	2801029.3	48665.5	2495589.3	646637.3	553510.3	285570.6	2135430.3	2585716.3	1437453.6	2594459.3	33900.7	1827580.3	83656.11	2750011.3	1855352.4	1577075.3	2714844.4	1967.6	2768068.3	1661694.4	2855836.3	67263.32	2721173.3	316280.3	1535768.3	665577.7	2742137.3	1892.7	2748873.3	2136401.3	278992.5	2721246.3	2782004.3	455632.4	1442032.3	2109593.3	28894.3	2305220.3	2751189.3	2721245.3	2609807.3	2831149.3	2865673.3	38300.11	2175864.3	42684.11	1642299.7	2049881.3	2840373.3	227882.62	1916.15	1888.43	67304.8	2184053.3	36818.16	424188.3	54571.48	2203204.3	1403539.3	33899.19	2692233.3	68209.3	476552.4	2607753.3	54571.49	362257.4	2662397.3	2599401.3	66425.3	2797636.3	202862.4	1912.57	2797167.3	436397.4	319947.4	66374.6	2695266.3	1972846.3	444103.5	68232.3	2768066.3	2809700.4	371608.7	132473.7	1783515.3	58340.34	2763006.3	67296.3	2768069.3	54571.43	1969.6	1355015.12	80860.3	1977088.4	173860.4	1616117.3	1890.28	2866715.3	1223523.8	2838850.3	2686304.3	285578.11	2742133.3	1176198.4	68270.5	1849967.7	1664033.3
100.0	82.187019	81.6026	81.552658	80.718277	81.060471	81.23452	81.073975	81.361671	81.146294	80.759056	81.07412	81.085907	87.657715	81.028641	80.903214	81.775475	80.723175	82.126198	81.066315	79.898666	80.921867	80.78492	81.168236	86.925491	80.665276	81.171463	82.12011	81.276245	79.787537	81.202515	81.585892	86.659622	81.887894	80.090637	80.686928	80.997635	81.120575	80.031631	81.381752	80.927513	80.557831	81.816483	81.503677	81.152451	80.950134	86.860107	80.862335	80.678429	81.168655	81.904205	80.717636	81.063507	80.472977	80.374443	80.685966	80.731766	81.003357	80.783592	80.701187	79.320824	80.690063	80.877609	81.004326	80.84655	81.24762	86.944885	80.788055	81.87323	80.773056	81.02356	80.854416	80.888443	80.703621	81.171188	81.212982	81.292191	82.415779	82.217865	81.063065	80.647675	80.945694	81.068253	81.374817	80.873817	80.928513	79.77594	81.348999	80.606079	78.47673	81.269127	82.267105	81.018997	80.632065	85.39003	80.021744	81.029877	80.876862	80.995041	80.64415	80.561966	81.257469	81.043159	81.174759	81.554962	82.057358	80.540703	80.976746	81.749466	81.437874	81.128983	81.12603	80.80719	80.655029	79.193085	81.004547	80.980423	80.73703	81.093208	80.759674	81.368912	80.990433	80.917679	81.04512	81.253387	80.618729	80.352859	78.798424	80.907295	81.288826	81.12114	81.360191	81.854706	81.839455	81.897858	80.951317	81.630157	81.841423	81.103271	80.124603	81.710693	81.809692	80.754089	81.077347	80.806229	79.126633	81.651337	80.889999	81.199821	81.333321	86.841507	81.115112	80.701996	80.674545	81.16037	80.665619	81.575562	79.128036	81.5159	81.273346	81.083191	81.836411	81.130936	81.080284	79.305519	81.126587	80.839233	87.059929	80.82724	82.090645	80.918564	80.79351	81.270081	81.185646	85.443832	79.891708	87.178635	82.40625	82.208832	80.974136	80.366844	81.074615	80.682381	81.680206	80.78009	79.595421	81.544556	80.951157	87.623894	81.025589	87.532211	79.165375	81.275986	80.055557	80.616135	79.979591	81.561096	81.157089	87.234184	80.089676	81.567833	81.348145	87.461365	80.911713	80.387177	81.178474	82.133667	81.135468	81.224319	81.126228	80.767624	80.67907	81.354805	80.770996	80.934616	81.204163	79.208069	80.877945	80.998581	81.793518
82.187019	100.0	82.520782	82.53344	81.332306	82.062119	82.06189	81.415207	81.283325	81.271393	81.255524	81.961197	81.618118	82.26001	81.409424	81.278481	82.561531	80.626572	86.142929	81.610283	79.990669	81.393463	80.613708	81.882408	82.155853	81.231628	81.734253	86.654373	81.925217	80.357422	82.002899	82.607018	81.913788	82.559189	80.573425	80.809227	81.392319	81.634338	80.05114	82.018288	81.532585	80.653961	82.531494	82.0252	81.646637	81.702515	82.252647	81.39357	81.367508	81.722923	82.531372	80.773384	81.738922	80.886627	80.291992	80.871216	81.322174	81.407669	81.334579	81.336395	79.343376	80.972488	81.378021	81.549088	81.386124	81.893234	82.231628	81.39666	82.453918	81.115204	81.542473	81.353653	81.405426	80.831116	81.441017	82.171555	81.638855	86.501633	88.462318	81.66217	80.867584	81.017242	81.565643	82.197556	81.37529	81.550926	79.948036	82.159317	81.045891	78.536461	81.297012	89.419418	81.581955	80.820099	82.264969	79.907295	81.595169	81.402878	81.536575	80.981384	80.590881	81.661621	81.652786	81.644852	82.320938	83.184227	80.622421	81.335472	84.896912	82.19162	81.746643	81.588196	81.489594	81.073921	79.173431	81.694626	81.306274	80.753693	81.602295	81.258896	82.233536	81.525085	81.412621	81.374817	81.705261	81.503342	80.244659	78.865295	81.312698	81.944633	81.762886	82.513275	82.594635	82.509094	82.594818	81.433105	82.418121	82.631569	81.812668	80.299911	82.466293	82.572952	81.518906	81.674576	81.410004	79.22023	82.407471	81.351402	81.810158	81.824944	82.354729	81.37574	80.759369	81.31163	81.707443	81.166847	82.644455	79.163521	82.020645	82.157669	81.589005	82.426468	81.478394	81.731712	79.454109	81.541183	81.204086	82.310318	81.338699	94.584076	81.481949	80.877197	81.632248	81.587311	82.123306	80.060013	82.11879	89.205177	89.201866	81.409439	81.317719	81.095032	81.229477	82.473244	80.740753	79.718842	82.679169	81.732651	82.110672	81.473495	82.214638	79.298927	81.661713	80.646805	81.173538	80.001755	82.085892	81.524651	82.231201	80.060608	82.245827	82.250809	82.152214	81.556221	80.87442	81.703751	83.594223	81.133682	81.794296	81.676086	80.954681	80.695969	82.038727	81.193604	80.8936	81.70462	79.031723	81.528725	81.524376	82.584
81.6026	82.520782	100.0	82.291916	81.213394	81.937576	81.731316	81.281693	81.340599	81.146164	81.17231	81.979996	81.511559	81.749985	81.202301	81.43222	82.421844	80.87262	83.038742	81.555885	80.288681	82.058228	80.969528	82.268661	81.530533	81.158958	81.802391	82.336121	81.684921	80.17028	81.812248	87.926468	81.329994	82.416458	80.573395	80.888031	81.46981	81.641449	80.22084	81.843964	81.466736	80.877655	82.430496	81.803543	81.464333	81.861076	81.617149	81.319138	81.735001	81.505981	82.44545	80.853058	82.192726	80.824745	80.494308	80.889984	81.382248	81.251831	81.106964	81.236618	79.748169	80.878654	81.298363	81.422966	81.305466	81.557388	81.655525	81.373596	82.174133	81.070244	81.256348	81.133347	81.312653	80.930252	81.609863	81.821442	81.605316	83.352966	82.666748	82.182861	81.054626	81.18898	81.589417	82.333878	81.260834	81.431747	80.254547	82.136795	81.076859	78.735405	81.166702	82.672058	81.504593	80.970589	81.743355	80.335274	81.355988	81.286781	81.424126	81.043961	80.568108	81.555664	81.433746	81.702553	82.690491	83.296982	80.864136	81.279419	82.174683	82.334343	81.639786	81.361816	81.300705	81.139732	79.121796	81.332306	81.271606	80.932343	81.716232	81.07795	81.941612	81.457687	81.406609	81.213455	81.698029	81.662384	80.575363	78.574524	81.252518	81.673965	81.617874	83.978882	82.540344	82.583466	82.464081	81.282501	88.204529	84.205544	81.820198	80.708809	82.469086	82.303314	81.2995	81.47229	81.240662	79.290375	82.486099	81.157013	81.686172	82.027298	81.438095	81.327797	80.778015	81.127472	81.618011	81.074387	93.273804	79.554604	81.676224	81.79039	81.599716	82.401237	81.61293	81.633072	79.697662	81.15303	81.376717	81.751907	81.261414	82.557449	81.417023	80.939499	81.315605	81.324867	81.612785	80.401672	81.618797	82.751114	82.57811	81.468155	81.633568	81.060303	81.304489	82.526794	81.036438	80.112534	82.152985	81.525307	81.62175	81.409515	81.64328	79.437691	81.656166	80.439636	80.917435	80.095306	81.814514	81.38829	81.562027	80.431122	82.375969	81.757584	81.683792	81.32074	80.788803	81.481499	83.291672	81.153137	81.692215	81.461548	80.915298	80.628403	81.750946	81.121872	81.095734	81.606148	79.266663	81.351242	81.431381	82.482323
81.552658	82.53344	82.291916	100.0	81.251068	81.476952	81.590355	81.499466	81.397087	81.263107	81.336716	81.82914	81.806549	81.473434	81.564758	81.606827	82.068985	80.984352	82.820404	81.665268	80.36496	81.362755	80.802071	82.099724	81.644989	81.135231	82.030029	82.830101	81.945587	80.403641	81.538712	82.231033	81.119659	82.086121	80.38739	80.669891	81.126755	82.028778	80.784859	81.915535	81.414902	80.881241	82.044441	81.746445	81.754242	81.481094	81.700256	81.397385	81.423309	81.791672	82.25782	80.943787	81.550095	80.896713	81.108337	80.890968	81.270935	81.378983	81.165985	81.217651	79.702881	81.073532	81.620628	81.401054	81.492455	81.988571	81.617081	81.540955	81.925156	81.038162	81.340179	81.154633	81.431931	80.874771	81.767982	81.73204	81.86586	83.036636	83.316536	81.581116	80.933678	80.94014	82.005478	81.717804	81.162598	81.2995	80.279732	81.711685	81.036758	79.146362	81.413666	82.836121	81.555969	80.641609	81.616402	80.196793	81.55867	81.199921	81.464417	81.268539	81.021637	81.812141	81.434952	81.625702	82.511017	82.759911	80.673569	81.495445	82.63298	81.9636	81.702682	81.41304	81.180527	81.058578	79.379501	81.248215	81.257263	80.92894	81.934738	81.081818	84.507767	81.998291	81.181366	81.419678	81.854195	81.433594	80.694016	78.749802	81.528137	82.199005	81.269058	82.232849	82.156799	82.004517	82.055161	81.541328	82.260834	82.017288	82.053497	80.616379	81.962616	82.219742	81.178619	81.70108	81.23056	79.542358	82.176102	81.620407	81.931198	81.747971	81.661522	81.675629	80.584915	81.334702	81.768303	81.181702	82.269669	79.579819	81.965347	81.627861	81.460014	82.222794	81.345779	81.712349	80.002159	81.229027	81.282036	81.750137	81.399414	82.597641	81.609718	80.743561	81.517014	81.613495	81.994942	80.521118	81.606941	82.712898	82.800507	81.178787	81.241821	81.396118	81.029839	82.200714	80.726151	80.372818	92.113785	81.183273	81.43763	81.611076	81.501427	79.880859	81.730225	80.878433	80.782234	80.32251	81.81929	81.594955	81.806885	80.466476	81.733231	81.623596	81.452103	81.286301	80.904205	81.708252	84.005096	81.349319	81.348915	81.707504	81.040817	81.233315	81.687241	81.266846	80.961472	81.853378	79.607895	81.417236	81.657646	82.154709
80.718277	81.332306	81.213394	81.251068	100.0	80.647614	82.121201	81.14196	80.814651	80.70665	80.965431	80.915649	83.43895	80.779617	82.919662	84.016037	81.152443	80.411423	81.53775	83.336945	80.03157	80.547836	80.417839	80.905121	80.782211	90.334869	83.342499	81.410645	83.727753	80.110718	82.290176	81.19207	80.387062	81.148705	80.394577	80.333473	83.672989	83.516495	79.805542	82.290726	81.926651	80.248566	81.281693	82.316788	84.295219	80.805618	81.010162	83.372864	80.545166	83.17543	81.254776	80.4216	80.816132	81.184807	80.247528	80.48262	84.112907	83.253998	84.020233	84.2612	79.269485	81.298676	83.260834	83.926445	83.243416	83.830635	80.941734	83.881409	81.527695	80.595306	84.077225	83.960274	83.273788	80.481735	84.001495	82.174728	83.389572	81.688828	81.668365	80.770706	80.619537	80.561073	83.252548	80.88427	84.049278	84.049454	79.943497	81.026062	89.82798	78.376663	80.601151	81.485565	84.057106	80.499146	81.111862	80.047226	83.381882	84.124268	84.188675	82.997665	80.294876	82.997894	81.916603	83.423233	81.145813	81.508286	80.386734	83.174942	81.266083	81.004173	83.539581	84.188904	83.89122	89.877029	78.792526	84.154175	83.68985	80.578445	83.562363	83.575157	80.91922	83.549065	83.867699	82.780281	83.798004	80.606445	80.388138	78.332855	83.296013	83.974876	82.064789	81.180443	81.373169	81.373459	81.311157	83.060196	81.19873	81.433014	83.856903	80.222626	81.065643	81.189552	81.768196	83.41684	83.863098	79.078583	81.188965	83.173447	83.622955	81.00296	80.847725	82.909241	80.387154	92.468155	83.680138	90.172668	81.30925	79.169373	83.749512	82.095444	83.982956	81.289001	84.18914	83.513351	79.378838	83.994415	83.473389	80.925613	90.200409	81.422348	83.394844	80.53228	84.110092	82.928879	80.758339	80.057556	80.802505	81.622009	81.368042	83.67337	80.411011	80.576462	83.935097	81.279236	80.472275	80.666534	81.389862	82.066948	80.748871	87.631348	80.848984	79.171486	83.966286	82.456963	83.584389	79.762711	82.279465	83.954483	80.815262	79.850166	81.02047	82.435524	80.817856	83.954803	82.364639	83.392288	81.692337	80.55584	82.094444	83.901932	80.48867	80.363914	82.247192	83.052292	80.659569	83.817917	79.088531	81.951172	83.035492	81.344879
81.060471	82.062119	81.937576	81.476952	80.647614	100.0	81.149506	81.11058	81.069595	80.777664	81.029228	81.776245	80.921875	81.129166	80.768051	80.717072	84.353119	80.473938	82.164749	81.050278	79.953354	81.310204	80.516327	81.269272	81.044266	80.433624	81.063751	81.759247	81.072906	79.923973	81.236763	82.038971	80.766342	84.675407	80.493385	80.761436	81.049744	81.108192	79.791275	81.418701	80.972931	80.46611	84.753433	81.442062	80.967361	81.503693	81.187714	80.554276	80.780212	81.031067	84.464958	80.436264	81.739044	80.354996	80.172043	80.392662	80.689514	80.832474	80.673058	80.742065	79.242615	80.609879	80.634819	80.765808	80.566208	81.059738	81.015854	80.839622	81.861328	80.677155	80.648041	80.766556	81.119774	80.636024	80.927383	81.368729	81.101402	82.171646	81.950439	81.851852	80.577805	80.781479	81.098938	84.252701	80.778145	80.79776	79.86129	89.91996	80.609283	78.531265	80.757141	81.887634	80.859802	80.588165	81.212952	79.795563	80.721329	80.75943	80.859772	80.413445	80.368126	81.019516	80.879654	81.160889	81.593506	82.204453	80.522324	80.94339	81.511124	86.764519	81.203049	80.856407	80.964691	80.467575	78.798355	80.831619	80.851181	80.537094	81.017715	80.627258	81.267303	81.000626	81.01265	80.587601	81.168137	80.685928	80.263641	78.432869	80.711533	81.060226	81.320671	81.861534	84.340881	84.666801	84.596741	80.820511	81.948639	82.376244	81.139008	80.127022	84.630859	84.2957	80.795654	80.995575	80.905792	79.041534	84.328598	80.815781	81.113998	85.821274	81.153099	80.713943	80.598251	80.591026	81.133202	80.556732	81.998299	79.091095	81.159073	81.391113	81.198364	84.316635	81.167633	81.236816	79.431824	80.901352	80.850563	81.221672	80.704987	81.794472	80.784859	80.565819	80.949112	80.782455	80.963226	79.931129	81.080093	81.941643	82.073471	81.076416	80.651871	80.666512	80.786568	84.249451	80.872429	79.657753	81.465263	81.319	81.118561	80.764221	81.086914	79.123138	80.984039	80.041023	80.6297	80.020119	81.407654	80.867264	81.110054	80.069382	84.995277	81.179306	81.178253	80.803131	80.346664	80.776527	82.162895	80.770699	81.265289	80.854218	80.576172	80.380569	81.31501	80.629005	80.950516	81.227974	79.060425	80.908089	80.942543	84.549446
81.23452	82.06189	81.731316	81.590355	82.121201	81.149506	100.0	81.590622	81.330482	81.165497	81.415215	81.330055	82.123314	81.209106	81.884033	82.19516	81.715546	80.894699	82.185966	82.400208	80.300278	80.942932	80.843552	81.15229	81.262878	82.06662	82.256454	81.875908	82.241119	80.609093	93.599762	81.660614	81.06662	81.957619	81.196899	80.768799	82.679688	82.297256	79.697868	87.577438	84.608353	80.372566	81.961044	87.871689	82.550674	81.117508	81.356667	82.006187	80.578064	82.15712	81.974213	80.773094	81.361656	81.35273	80.152786	80.785385	82.336166	82.108612	82.190811	82.101532	79.38179	81.517654	81.926468	82.184525	81.928299	82.399513	81.401825	82.34053	82.254807	80.935043	82.166969	82.00425	82.248154	80.769455	82.392975	94.072861	82.115463	82.344627	82.12291	81.253937	80.925674	81.081528	82.117271	81.600845	82.274292	82.275658	80.167725	81.487381	81.905792	78.500671	81.087555	82.025528	82.293915	80.874275	81.273056	80.092377	82.049904	82.27298	82.419846	81.654579	80.628204	81.995781	84.49736	82.397713	81.366592	82.169754	80.765991	81.899826	81.627922	81.588806	82.489883	82.425415	82.667816	81.965897	78.708923	82.471573	82.358116	80.988373	82.31546	81.778587	81.363663	82.19545	82.68647	81.817627	82.549942	80.517494	80.513512	78.306641	81.885452	82.507751	87.70726	81.406265	81.943771	81.927704	81.814087	81.923149	81.640282	82.08757	82.319649	80.244202	81.761345	81.853455	84.141983	82.320183	82.749779	79.06839	81.833664	81.772537	82.373749	81.186462	81.339119	81.855545	80.748871	82.019791	82.458252	81.87941	81.750557	79.383881	82.481133	87.186516	82.877777	81.88063	82.856323	82.344299	79.801712	82.122528	82.02948	81.339149	82.124176	82.065292	81.926918	80.905403	82.328064	81.914322	81.332611	80.152328	81.240677	82.144264	81.943871	82.64904	80.431366	80.926453	82.638062	81.89267	80.875534	80.138168	81.605698	85.557655	81.098831	82.252907	81.273132	79.429977	82.248215	81.076538	82.167839	79.995239	87.819611	82.277878	81.323463	80.298019	81.655319	83.245438	81.260841	82.379997	81.218307	82.082764	82.276138	81.08345	87.782982	82.173859	80.943611	80.701218	87.668259	81.765182	81.126312	82.285187	78.995438	84.314087	82.101379	81.941864
81.073975	81.415207	81.281693	81.499466	81.14196	81.11058	81.590622	100.0	81.1922	81.07515	91.889626	81.025948	81.651825	81.1185	81.494934	81.263596	82.065712	80.822884	81.675201	81.805489	80.122574	80.684517	80.815262	80.950272	81.096313	81.07341	81.860046	82.054413	81.858856	81.024063	81.608841	81.308052	80.87236	82.054771	81.146057	80.845703	81.074982	81.933197	80.411453	81.934937	81.313934	81.055038	81.861526	81.783966	81.619888	81.090439	81.197754	81.240753	80.798813	81.877869	81.995163	80.981873	81.150246	81.248489	80.812225	81.000671	81.188332	81.872574	81.033691	81.115891	79.546242	81.865692	81.435966	81.318176	81.159035	81.828247	81.216927	81.391075	81.465607	81.018417	81.192276	81.02623	82.025879	80.916847	81.577164	81.676331	81.823425	81.643799	82.096703	81.061531	81.040924	80.984665	81.780312	81.090546	81.182381	81.263107	80.113785	81.486954	80.888779	78.986816	81.012421	81.671509	81.324417	80.749481	81.063187	80.111099	81.443359	81.249901	81.382706	80.959488	80.897415	81.896713	81.474136	81.960953	81.265656	81.581345	80.770576	81.705734	81.528267	81.644058	81.978134	81.368477	81.131317	80.87796	79.067825	81.343613	81.377869	80.940735	82.012024	80.977753	81.449341	81.815033	81.052856	81.461853	81.730743	80.689148	80.560455	78.75589	81.40036	82.035423	81.332184	81.503799	81.926773	82.005981	82.067589	81.335014	81.325859	81.126099	81.92868	80.472061	81.750481	82.09568	81.301071	81.772858	81.022034	79.67878	81.969193	81.286652	82.081863	81.642387	81.142654	81.671112	80.653053	81.062553	81.926483	81.025803	81.411285	79.726273	81.860596	81.768143	81.308731	82.042404	81.274078	81.869553	80.051262	81.339218	81.208618	81.434021	81.070885	81.487236	81.586777	80.721413	81.432266	81.604347	81.372055	80.043411	81.133865	81.794174	81.545258	81.276909	80.657196	81.084869	80.938736	81.868454	80.890442	80.249893	81.687531	81.124603	80.894699	81.414841	81.024857	79.673615	81.688904	80.537323	81.060913	80.297287	81.733772	81.399811	81.226509	80.480026	81.164841	81.619186	81.108887	81.172493	80.818161	81.566528	81.861588	81.115021	81.509064	81.661484	81.135696	80.784393	81.696426	81.324821	81.134308	81.869736	79.766281	81.389572	81.82856	82.005516
81.361671	81.283325	81.340599	81.397087	80.814651	81.069595	81.330482	81.1922	100.0	86.789062	81.198441	81.071251	81.217133	81.192566	81.033829	80.816109	81.510941	81.950806	81.525452	81.097763	81.707863	80.841202	81.8815	81.037247	81.320381	80.689377	81.181091	81.546715	81.236908	80.076096	81.297272	81.339111	80.854507	81.590157	80.293335	81.865097	80.918243	81.237503	80.566589	81.639374	81.196426	81.461243	81.593384	81.458344	81.084587	81.062775	81.322762	80.936287	80.824554	81.488716	81.637917	82.032021	80.968445	80.677109	81.276154	81.86618	80.895081	80.968292	80.713928	80.815231	80.078819	80.800781	80.870865	81.016296	80.793533	81.318573	81.31572	80.953552	81.529022	81.806625	80.826981	80.652222	81.060638	81.853088	81.136917	81.448853	81.192276	81.697052	81.652138	80.835999	81.918518	81.990021	81.137512	81.119713	80.689713	80.930702	81.465042	81.119019	80.588898	79.08342	84.984566	81.434113	80.93779	81.914536	81.295593	81.511505	80.983818	80.677643	80.992805	80.820999	83.669479	81.523293	81.107841	81.272171	81.218552	81.588516	81.715088	80.849342	81.173218	81.29525	81.14682	81.005905	80.892639	80.647346	79.377609	80.842064	80.88649	82.028	81.170502	80.687683	81.195023	81.167915	80.774551	80.921608	81.090836	80.674072	81.984558	78.941376	80.893097	81.331879	81.146408	81.316879	81.466187	81.462845	81.630783	80.904938	81.334427	81.491211	81.236923	81.765442	81.371712	81.42717	81.038788	81.021317	80.74369	79.570129	81.475861	81.104622	81.292618	81.27829	81.455719	80.963058	81.714279	80.756989	81.338562	80.652405	81.492355	79.986984	81.354828	81.426422	80.9907	81.485298	81.040573	81.203506	80.183937	80.993546	80.846573	81.392982	80.657173	81.29921	81.056816	82.054161	81.031639	81.15802	81.303642	81.526093	81.178429	81.543533	81.473923	81.02359	80.549896	84.752106	80.871384	81.612976	81.95253	79.7575	81.51152	81.086868	81.227753	80.880592	81.239532	79.866806	81.034515	80.075897	80.644119	81.167984	81.668152	80.947205	81.255692	81.305672	81.174385	81.073822	81.231522	80.84903	80.475761	81.076965	81.852264	85.790283	81.227554	81.143814	81.86454	83.626801	81.317001	80.742226	82.100967	81.125366	79.760643	81.233612	81.19902	81.567947
81.146294	81.271393	81.146164	81.263107	80.70665	80.777664	81.165497	81.07515	86.789062	100.0	80.949585	80.958939	81.083282	81.274498	81.002556	80.814835	81.423058	82.114746	81.498688	80.947838	81.272842	80.733635	82.013725	80.71254	81.253632	80.420258	80.990021	81.50779	81.105377	79.973221	81.12326	81.260864	80.86496	81.50383	80.021126	81.607452	80.772026	81.264511	80.570282	81.37487	80.935654	81.323822	81.46299	81.367004	80.95723	80.857201	81.200729	80.739647	80.598495	81.31562	81.471642	81.744446	80.761398	80.532623	81.113312	81.642517	80.640991	80.904099	80.585014	80.704102	79.794754	80.750504	80.779831	80.813828	80.781166	81.141701	81.276283	80.747147	81.523193	81.766312	80.740837	80.541382	80.858719	81.76091	81.007324	81.185806	81.002426	81.76638	81.725235	80.686775	81.897018	81.866081	81.211189	81.018799	80.66124	80.854713	81.15448	81.13369	80.438324	78.879654	85.091843	81.462082	80.723785	81.734924	81.188866	81.155342	80.920258	80.726715	80.924278	80.61602	83.507324	81.310425	80.921547	81.093262	81.122482	81.584457	81.621628	80.75473	81.155106	81.241241	81.092178	80.931168	80.590179	80.501541	79.317001	80.753082	80.731453	81.925354	81.076248	80.613045	80.962425	80.985283	80.640549	80.934097	81.158279	80.512146	81.676941	78.924225	80.809143	81.270302	81.053902	81.035057	81.450592	81.371452	81.583214	81.097809	81.243729	81.478882	81.22718	81.733765	81.195343	81.400223	80.931091	81.013977	80.560486	79.627075	81.364746	80.810425	81.201363	81.075706	81.215149	80.9319	81.533821	80.640228	81.124603	80.404816	81.112473	79.804733	81.273895	81.265755	80.898895	81.309799	80.832436	81.047523	79.975868	80.928894	80.71048	81.295273	80.729156	81.340591	80.841461	81.875885	81.019035	80.982864	81.338852	81.294159	81.063072	81.645172	81.404335	80.800087	80.374901	84.820435	80.56324	81.471085	81.708626	79.619247	81.250618	80.899948	81.218033	80.878937	81.142868	79.71312	81.008301	79.929504	80.533501	81.039429	81.412033	80.837723	81.326019	81.195297	81.116135	81.1073	81.077705	80.8004	80.253754	81.004959	81.641418	86.219238	80.982285	81.052719	81.777328	83.543098	81.338043	80.741631	81.975067	81.029495	79.696892	80.996803	81.069878	81.441025
80.759056	81.255524	81.17231	81.336716	80.965431	81.029228	81.415215	91.889626	81.198441	80.949585	100.0	80.810577	81.464539	80.788696	81.246376	81.031944	81.715744	80.845123	81.434464	81.820374	80.059029	80.477142	80.769707	80.901031	80.791229	80.882339	81.849213	81.792709	81.702843	80.876663	81.396088	81.1772	80.516006	81.74678	81.017563	80.636246	80.804153	81.678406	80.475861	81.716324	81.217201	80.822861	81.670372	81.681175	81.364563	80.677948	80.868355	80.987228	80.745773	81.712204	81.784935	80.693039	81.004364	80.972321	80.701355	80.742065	80.979202	81.561462	80.757614	80.957062	79.416718	81.482002	81.24823	81.130325	81.034943	81.550476	80.89621	81.232346	81.338486	80.880936	81.079239	80.852722	81.488747	80.856956	81.494049	81.476433	81.762848	81.507126	81.833084	80.907623	80.765556	80.77179	81.582123	81.117859	80.881744	81.023697	79.982933	81.188316	80.807236	78.938126	80.918243	81.397751	81.149269	80.493965	80.968567	80.020477	81.213196	80.853233	81.147636	80.840408	80.579483	81.73407	81.152618	81.762589	81.103378	81.345329	80.533417	81.501389	81.327316	81.562187	81.708923	81.190842	80.98201	80.69532	79.080811	81.081116	81.283661	80.674126	81.753601	80.794067	81.188126	81.625214	80.928146	81.148354	81.462677	80.58773	80.344254	78.688995	81.07016	81.690323	81.260529	81.37326	81.837982	81.769547	81.859375	81.139084	81.068527	80.797287	81.780563	80.316193	81.529182	81.798973	81.05722	81.595741	80.78334	79.48877	81.729309	81.198601	81.98378	81.51445	80.975998	81.276505	80.58075	80.886276	81.767624	80.852852	81.2258	79.714203	81.687897	81.627312	81.144623	81.731323	81.129654	81.687309	79.928047	81.056854	80.987305	81.044754	80.99662	81.246399	81.371864	80.529755	81.271416	81.334343	81.019875	79.973106	80.844711	81.474052	81.425301	81.028519	80.501953	80.836365	80.787186	81.639603	80.663177	80.212753	81.583191	80.982803	80.622482	81.368973	80.861984	79.47142	81.457527	80.370499	80.788635	80.191666	81.531342	81.100296	80.910927	80.306778	81.012299	81.602951	80.827309	81.016441	80.742821	81.27211	81.695648	80.913071	81.346085	81.569763	80.930222	80.787086	81.508781	80.993942	80.929466	81.691071	79.631744	81.204056	81.636139	81.954247
81.07412	81.961197	81.979996	81.82914	80.915649	81.776245	81.330055	81.025948	81.071251	80.958939	80.810577	100.0	81.00943	81.197083	80.840225	80.999893	82.342087	80.597931	82.306198	81.105576	79.926735	84.271973	80.575684	81.497528	81.148376	80.856781	81.307297	81.775314	81.188087	80.332375	81.343987	82.152023	80.8974	82.365524	80.511612	80.558014	81.096733	81.310974	79.711227	81.751259	81.173004	80.448822	82.290543	81.58902	81.204285	83.787292	81.303619	80.863678	81.075912	81.277847	82.335678	80.478653	83.221344	80.490021	80.272842	80.424423	80.884628	81.090393	80.766968	80.815742	79.433075	80.759872	80.802277	80.913925	80.693008	81.169647	81.246895	80.929527	81.883842	80.640671	80.908554	80.863815	81.007866	80.578247	81.167221	81.436699	81.201157	82.532532	82.264366	83.145844	80.530945	80.811607	81.269989	81.934944	81.007492	80.912384	79.968918	82.068939	80.800217	78.660553	80.990997	81.949768	81.055901	80.438187	81.127151	79.99704	80.921883	80.897675	81.073967	80.614639	80.537903	81.378693	81.106689	81.213989	81.811447	82.617615	80.421295	80.87812	81.501633	82.24971	81.300797	81.045883	81.150269	80.738144	78.589142	81.026886	81.025726	80.474869	81.18589	80.749283	81.35405	81.120407	81.131226	80.774948	81.240669	81.052704	80.415588	78.204529	80.782974	81.282654	81.260056	81.850151	82.303696	82.275299	82.370102	80.852333	82.136711	82.80101	81.215332	80.335312	82.193741	82.260452	80.95018	81.067612	81.017944	79.254333	82.17926	80.867439	81.182098	81.915344	81.117096	80.953918	80.496246	80.873291	81.248581	80.844803	82.039352	79.159615	81.28064	81.522171	81.278214	82.142365	81.262955	81.126762	79.446503	81.071136	81.045868	81.28891	80.922478	81.985374	81.007149	80.613785	81.032898	81.043747	81.086975	80.02372	81.135658	82.089844	81.905624	81.148163	81.023666	80.870163	81.018784	82.516762	80.765121	79.583664	81.820007	81.270798	81.221985	81.022697	81.142189	79.474075	81.179459	80.367302	80.967621	80.075485	81.657547	80.931602	81.036789	80.158508	82.11747	81.260315	81.334114	80.942001	80.293015	80.865356	82.567291	80.853683	81.299347	81.076515	80.5541	80.498444	81.434898	80.750381	80.881805	81.324966	79.186356	81.008987	81.123352	82.334763
81.085907	81.618118	81.511559	81.806549	83.43895	80.921875	82.123314	81.651825	81.217133	81.083282	81.464539	81.00943	100.0	81.2565	86.753448	84.898781	81.592705	80.939423	81.774307	84.574966	80.426025	80.751007	80.999435	81.283432	81.182182	83.299896	84.618576	81.877869	85.315292	80.393646	82.13382	81.479218	80.750542	81.485001	80.591446	80.745682	83.390266	84.588074	80.244247	82.616028	82.209167	80.62632	81.548676	82.598381	85.079575	80.829575	81.203278	87.352448	80.748322	85.894669	81.50354	80.914169	80.947075	81.507622	80.877747	80.944046	84.799675	84.430634	84.460419	84.568634	79.582047	81.581749	94.430473	84.580231	88.105652	85.841972	81.314384	85.157745	81.707306	81.10717	84.692863	84.486725	84.399994	80.862862	84.974197	82.190491	84.58667	81.981766	82.045731	80.888306	80.952324	81.043137	84.268974	81.149719	84.626343	84.868652	80.267059	81.34549	83.337662	78.714905	81.298584	81.795883	84.620377	80.782181	81.305695	80.295792	90.76326	84.652061	85.003792	83.455551	80.757927	85.755203	82.087776	84.618408	81.525528	81.837784	80.678047	83.972305	81.683388	81.479141	84.722374	84.824127	83.197502	83.275162	79.241714	84.801895	84.867126	80.935211	84.976357	84.14241	81.579811	84.92971	83.701538	86.739243	84.851974	80.679688	80.753708	78.823769	90.898514	85.39566	82.133041	81.450745	81.433441	81.452866	81.506577	89.425339	81.462723	81.498466	85.132599	80.576614	81.167313	81.494453	82.189789	84.660248	83.570007	79.363701	81.438576	89.090317	84.896957	81.186951	81.276855	87.14473	80.657501	83.464615	84.823097	83.209625	81.544334	79.720367	87.855377	82.51384	83.809387	81.492996	84.074211	84.664505	80.077759	84.65625	84.373947	81.3078	83.540909	81.64138	84.366821	80.93251	84.72438	86.874641	81.322678	80.400955	81.089615	81.93808	81.983307	83.41217	80.482727	80.986603	83.20784	81.715759	80.827042	81.497101	81.759979	81.89196	81.056175	83.856995	81.164597	79.651199	84.796066	82.947113	84.240616	80.211273	82.403244	84.741829	81.204285	80.321625	81.08754	82.623627	81.215027	84.692604	86.355911	90.834259	82.104897	81.186783	82.141647	84.797256	81.107971	80.885193	82.460709	87.702606	80.949577	84.664482	79.545227	82.275925	85.048523	81.496994
87.657715	82.26001	81.749985	81.473434	80.779617	81.129166	81.209106	81.1185	81.192566	81.274498	80.788696	81.197083	81.2565	100.0	81.192024	81.100136	81.73037	80.739388	82.440552	81.073601	79.978729	80.897034	80.700882	81.142586	88.457108	80.748505	81.268631	82.293289	81.419296	79.97525	81.289856	81.636368	87.410309	81.927048	80.186707	80.593613	81.18187	81.271637	80.110886	81.479218	80.983536	80.517197	81.939896	81.554169	81.202034	81.042435	88.261612	80.915909	80.872375	81.408539	81.894028	80.783585	81.074753	80.564941	80.5755	80.619865	81.115135	80.923492	80.965843	80.860901	79.318222	80.750931	81.00914	81.161743	80.998474	81.327347	88.463814	80.990158	81.906776	80.85051	81.070114	81.026733	81.062149	80.815033	81.200714	81.457924	81.320084	82.829773	82.435577	80.932793	80.856522	81.048042	81.077774	81.40152	81.029289	81.024033	79.952797	81.446472	80.677322	78.442245	81.25209	82.381393	81.07782	80.701096	85.801147	80.006927	81.179611	81.148613	81.091835	80.732117	80.641273	81.285202	80.936584	81.260811	81.532364	82.162636	80.689453	80.878021	81.88974	81.524414	81.294174	81.154739	81.075439	80.62822	79.174026	81.112137	81.050995	80.721237	81.217285	80.850693	81.261642	81.157959	81.039627	81.019913	81.340393	80.672668	80.510895	78.906876	80.977142	81.515594	81.227295	81.485626	81.884415	81.967751	82.046585	81.056877	81.763504	82.046806	81.337135	80.245087	81.749268	81.830139	80.900208	81.266632	81.0214	79.194618	81.828613	81.004402	81.32048	81.423271	87.105957	81.013779	80.634987	80.772675	81.274628	80.721405	81.768105	79.201035	81.477188	81.437103	81.244171	81.860962	81.354416	81.16481	79.345673	81.197571	80.870605	88.264359	80.941589	82.202423	80.936737	80.825722	81.283615	81.200089	85.376877	80.070206	88.674286	82.502014	82.451324	81.252907	80.536484	81.002243	80.821091	81.715034	80.81076	79.770187	81.628998	81.108757	89.114182	81.010391	89.37664	79.11734	81.349533	80.131096	80.912521	80.164703	81.495468	81.185699	87.381165	80.216736	81.583374	81.371155	89.113724	81.108376	80.414154	81.159904	82.382927	81.212845	81.328201	81.261032	80.726509	80.562386	81.31266	80.96814	81.125107	81.259583	79.192993	81.013908	81.101036	81.849396
81.028641	81.409424	81.202301	81.564758	82.919662	80.768051	81.884033	81.494934	81.033829	81.002556	81.246376	80.840225	86.753448	81.192024	100.0	84.106522	81.394958	80.863281	81.530388	83.94825	80.239433	80.661636	80.785172	81.030167	81.091782	82.939331	84.124535	81.80809	84.397797	80.320618	81.855835	81.285492	80.71032	81.412018	80.471725	80.781006	83.004814	84.070923	80.195709	82.382751	81.851959	80.556709	81.405533	82.351189	84.25634	80.897614	81.196312	85.878387	80.761917	85.465378	81.475533	81.003738	80.758476	81.475616	80.918839	80.843323	84.057251	84.029732	83.606865	83.89505	79.360649	81.750519	86.632095	83.979889	86.834175	84.720146	81.210693	84.141556	81.746437	81.014877	84.028549	83.763138	83.789848	80.883919	84.13472	81.953171	84.025253	81.650284	81.806023	80.80896	80.963562	81.056854	83.771667	81.022629	84.01725	84.031357	80.368515	81.117348	82.749596	78.786362	81.218216	81.574875	84.116272	80.709938	81.282074	80.272202	86.644577	83.898788	84.239319	83.180008	80.696136	85.585541	81.948044	84.121758	81.366745	81.709625	80.637466	83.436935	81.625931	81.197769	83.940186	83.995087	82.643234	82.780624	79.299271	84.052231	84.211777	81.020691	84.272537	83.47998	81.220261	84.206726	82.97699	94.623734	84.167564	80.566971	80.578247	78.881615	86.771744	84.666901	81.787903	81.348816	81.489792	81.348969	81.561996	86.442673	81.428909	81.264511	84.375435	80.589508	81.244759	81.416245	81.975876	83.932144	83.011574	79.391106	81.363098	86.344437	84.13446	81.055351	81.139496	90.022598	80.664299	82.88916	84.107101	82.820541	81.254028	79.67485	86.739815	82.175598	83.217255	81.432877	83.505424	83.976425	79.768799	83.99231	83.653442	81.189781	82.907211	81.391281	83.686935	80.77774	84.010452	94.920326	81.200737	80.177475	81.106781	81.693802	81.703804	83.001472	80.522751	81.0961	82.601624	81.796967	80.842918	81.278671	81.60038	81.594231	80.943527	83.351555	81.057037	79.406334	84.37001	82.469635	83.629303	80.273834	82.341919	83.890793	81.172615	80.289734	80.981812	82.365707	81.001007	83.840767	84.89003	86.800049	81.856712	81.097649	81.873322	84.264595	81.038857	80.814102	82.040398	86.338303	81.182129	84.119209	79.443146	82.064728	84.603546	81.444626
80.903214	81.278481	81.43222	81.606827	84.016037	80.717072	82.19516	81.263596	80.816109	80.814835	81.031944	80.999893	84.898781	81.100136	84.106522	100.0	81.246353	80.789139	81.635193	84.858315	80.19841	80.801392	80.63694	81.129288	80.898857	84.011429	84.614937	81.425568	86.14566	80.021996	82.25293	81.610352	80.568947	81.340439	80.521912	80.579895	83.822334	84.671387	80.011887	82.575089	82.290558	80.544983	81.349426	82.541985	86.126183	80.834518	81.073662	84.831131	80.613968	84.010185	81.383774	80.565155	80.937225	81.402863	80.642975	80.539474	86.185287	84.401749	85.919838	85.65596	79.47406	81.44735	84.834595	85.115746	84.892517	85.59272	81.029846	85.224899	81.473892	80.922287	85.18631	85.097549	84.578369	80.681961	91.082428	82.307861	84.721115	81.958771	81.742134	80.916351	80.734283	80.868423	84.544006	81.060883	85.192383	85.846085	80.314606	80.919968	84.253273	78.735481	80.911133	81.557495	85.661362	80.514374	81.069946	80.270592	84.841553	85.256119	86.061417	83.543076	80.566483	83.905243	82.273941	84.944473	81.753006	82.017097	80.55867	84.34201	81.399788	81.060364	84.921577	85.71344	83.826271	84.410782	78.820328	85.463341	85.279518	80.818207	85.357635	84.467636	81.390396	85.32869	84.197823	84.043869	85.175461	80.494537	80.641724	78.494797	85.007339	86.468765	82.276443	81.362961	81.390709	81.303246	81.415779	84.48053	81.511917	81.668999	85.717377	80.37236	81.190186	81.291664	82.078285	85.090347	84.059525	79.221649	81.226486	84.577026	85.157875	80.942093	80.960953	84.222382	80.646019	83.983521	85.061386	84.113846	81.481232	79.582413	85.208817	82.419518	84.605759	81.293427	84.561623	84.893677	79.704567	85.000694	86.943909	80.958649	84.227478	81.397858	84.82782	80.728607	85.20401	84.307228	81.106812	80.436234	81.008224	81.668945	81.529938	83.729424	80.368256	80.805878	83.915245	81.430344	80.792145	81.483261	81.594467	82.295776	80.92141	84.401451	80.966042	79.555931	85.499588	83.061691	84.403366	80.066528	82.484741	85.610466	80.82267	80.105225	81.086273	82.379639	80.962418	85.699722	83.620384	85.012299	81.960808	80.832993	82.276627	84.952637	80.7099	80.550659	82.472214	84.609291	80.962494	85.157211	79.336693	82.157837	84.381424	81.393555
81.775475	82.561531	82.421844	82.068985	81.152443	84.353119	81.715546	82.065712	81.510941	81.423058	81.715744	82.342087	81.592705	81.73037	81.394958	81.246353	100.0	81.039246	82.836121	81.653076	80.508865	81.958374	81.03418	81.850372	81.641846	81.206947	81.690872	82.52449	81.765594	80.402466	81.838882	82.38398	81.452972	91.951706	80.929497	81.049713	81.412621	81.694077	80.292534	82.063889	81.549995	80.982956	91.718285	82.1278	81.566048	82.378174	81.911591	81.138809	81.654877	81.846298	88.907791	81.105499	82.26136	81.03894	80.882919	81.095108	81.216492	81.533798	81.107468	81.273132	79.433159	81.257721	81.287415	81.321625	81.26535	81.537491	81.944603	81.348488	82.572922	81.233269	81.237549	81.166893	81.437393	81.188965	81.388657	81.791733	81.590286	82.992706	83.046463	82.193817	81.25029	81.278168	81.565948	84.33345	81.289635	81.323868	80.437096	84.518524	81.123474	78.771622	81.357285	82.588097	81.428986	81.087288	81.933914	80.524353	81.451302	81.214096	81.390915	81.021255	80.821594	81.909065	81.529472	81.790054	82.021957	82.721542	81.091782	81.4049	82.354187	84.807144	81.768539	81.485092	81.282074	81.075043	79.167267	81.450928	81.29081	81.193512	81.627327	81.115303	81.968391	81.54567	81.315872	81.285156	81.740509	81.648331	80.844177	79.049408	81.298988	81.715034	81.685493	82.421524	89.010574	89.227234	91.751495	81.33873	82.289345	82.820496	81.811508	80.756821	88.961975	88.400726	81.355225	81.520111	81.216194	79.656296	88.6297	81.290741	81.758263	84.343895	81.800201	81.412033	81.225563	81.319267	81.839325	81.21524	82.349869	79.495346	81.811546	81.892044	81.480148	88.678978	81.524582	81.735718	79.801788	81.385559	81.237617	81.986763	81.327019	82.562317	81.295082	81.053085	81.506927	81.485138	81.686584	80.338943	81.8526	82.791634	82.746613	81.405746	81.424492	81.257767	81.22319	84.87751	81.170776	79.952522	82.099075	81.608276	81.69976	81.408691	81.82164	79.421387	81.670197	80.521553	81.111107	80.368881	81.994843	81.462395	81.778641	80.483261	84.692551	81.834854	81.812927	81.353668	80.56321	81.386017	82.92437	81.197632	81.806152	81.652855	81.170212	80.8713	81.958229	81.177795	81.357544	81.745308	79.595413	81.467422	81.910492	89.103096
