135461.221	1178540.18	1408.269	1178537.6	2683680.3	580459.3	1408.91	293387.40	293387.161	293387.105	561879.307	561879.16	561879.15	561879.11	2762327.3	1408.522	561879.50	561879.306	1408.472	293389.28	1408.133	1408.94	2842458.3	561879.228	293387.30	1408.517	1408.523	293387.291	1408.293	293387.345	293387.281	1408.132	561879.17	1408.579	1408.568	1408.258	1408.135	315750.8	1408.260	1408.193	1408.111	1408.387	1452.35	260554.78	72361.11	483913.181	1423.767	96241.6	1423.1688	1239783.5	72361.9	1052585.4	227866.22	1390.281	2809036.3	1423.2295	1423.1833	1423.433	2487276.10	2715209.8	260554.123	260554.138	86029.6	483913.168	1390.607	2049935.3	659243.34	1648923.260	1402.265	279010.13	1664069.6	119858.6	1452.98	1496303.3	2026193.15	1396.3701	2846779.3	1405.252	1405.232	1428.335	1392.83	2026188.57	1396.3167	1217984.3	2026189.5	2026190.16	1890302.165	2026191.6	1428.1876	155322.285	580165.47	1396.149	64104.126	2760090.3	2884832.3	2884833.3	2589818.4	2682541.3	1476724.4	2884834.3	2709784.3	1510468.4	1581038.3	2666127.3	486398.3	1565991.4	98228.3	1441095.3	2728853.3	352858.3	1742359.7	1479.5	1547283.3	1705566.3	1679167.3	2799500.8	1783501.3	2011012.3	2014076.3	1455.14	2748178.3	1367477.3	1983719.3	796606.3	2587848.3	2672567.5
100.0	79.542252	79.06543	79.335663	79.353981	79.599846	79.116974	78.62101	79.269501	79.20681	79.242767	79.196289	79.367722	79.334106	79.374329	78.993637	78.626755	79.602135	79.284836	79.263954	79.079155	79.017082	79.452591	79.565262	79.348091	78.973465	79.454102	79.042709	79.096184	78.694321	79.191238	78.585342	79.230316	79.145554	79.34317	79.046783	79.250397	79.142181	79.192261	79.354218	79.451439	79.276825	82.217239	88.010017	91.172714	93.11554	92.97316	92.972916	98.810287	81.929604	91.19899	93.335159	91.884407	81.442947	95.557419	98.583237	98.741638	93.118423	92.712692	92.913315	87.898506	88.059372	98.484711	93.101212	81.216187	81.442108	81.511215	79.297073	79.4627	79.161118	79.135956	78.942642	82.078209	82.15863	0.0	0.0	0.0	0.0	0.0	0.0	0.0	0.0	0.0	0.0	0.0	0.0	0.0	0.0	0.0	0.0	0.0	0.0	0.0	0.0	0.0	0.0	0.0	0.0	0.0	0.0	0.0	0.0	0.0	0.0	0.0	0.0	0.0	0.0	0.0	0.0	0.0	0.0	0.0	0.0	0.0	0.0	0.0	0.0	0.0	0.0	0.0	0.0	0.0	0.0	0.0	0
79.542252	100.0	91.563889	89.089325	89.078323	94.99678	88.776436	88.615997	88.717133	88.780388	94.815979	94.834229	94.878387	94.984299	94.985397	91.621689	95.015656	94.982567	91.682205	88.7537	88.719803	88.716385	94.967949	95.04039	88.918968	91.465492	90.916214	88.769165	88.829224	88.649719	88.760368	88.764664	94.844925	94.820084	90.483673	90.564919	91.639175	90.237183	90.371834	90.894073	90.636124	90.710022	78.812538	0.0	78.711716	79.067505	79.061661	79.1483	78.679527	78.188927	0.0	79.127068	79.196304	78.342056	79.204689	79.236282	79.048798	78.881454	79.26339	79.271202	0.0	0.0	0.0	0.0	0.0	0.0	0.0	0.0	0.0	0.0	0.0	0.0	78.71286	78.873871	0.0	0.0	0.0	0.0	0.0	0.0	0.0	0.0	0.0	0.0	0.0	0.0	0.0	0.0	0.0	0.0	0.0	0.0	0.0	0.0	0.0	0.0	0.0	0.0	0.0	0.0	0.0	0.0	0.0	0.0	0.0	0.0	0.0	0.0	0.0	0.0	0.0	0.0	0.0	0.0	0.0	0.0	0.0	0.0	0.0	0.0	0.0	0.0	0.0	0.0	0.0	0
79.06543	91.563889	100.0	89.592789	89.609695	92.234802	89.441109	89.327103	89.52095	89.451645	92.347534	92.228256	92.220261	92.245346	92.267899	99.350197	92.165375	92.200439	98.499496	89.528717	89.511948	89.500313	92.266731	92.250999	89.587067	99.102661	95.506912	89.46273	89.460548	89.409508	89.465446	89.391327	92.21875	92.343994	91.63253	93.526566	99.306351	94.506073	94.490524	95.589684	95.043396	95.027466	0.0	78.939667	78.840828	0.0	78.78463	0.0	0.0	0.0	78.692024	78.92337	0.0	0.0	0.0	0.0	0.0	0.0	0.0	0.0	0.0	0.0	0.0	0.0	0.0	0.0	0.0	0.0	0.0	0.0	0.0	0.0	79.103531	78.818794	0.0	0.0	0.0	0.0	0.0	0.0	0.0	0.0	0.0	0.0	0.0	0.0	0.0	0.0	0.0	0.0	0.0	0.0	0.0	0.0	0.0	0.0	0.0	0.0	0.0	0.0	0.0	0.0	0.0	0.0	0.0	0.0	0.0	0.0	0.0	0.0	0.0	0.0	0.0	0.0	0.0	0.0	0.0	0.0	0.0	0.0	0.0	0.0	0.0	0.0	0.0	0
79.335663	89.089325	89.592789	100.0	99.242447	89.347023	91.567474	91.268707	91.550186	91.577629	89.532806	89.433113	89.406319	89.386192	89.402557	89.538399	89.315414	89.440353	89.559067	91.636726	91.499756	91.498688	89.418732	89.371483	91.574623	89.323471	89.027618	91.480713	91.522491	91.472992	91.555939	91.482727	89.341026	89.430519	90.977158	88.822647	89.592422	88.604065	88.630722	89.066574	88.93885	88.974869	0.0	0.0	0.0	0.0	79.025055	79.00544	0.0	0.0	0.0	0.0	0.0	0.0	0.0	0.0	0.0	0.0	0.0	0.0	0.0	0.0	0.0	0.0	0.0	0.0	0.0	0.0	0.0	0.0	0.0	0.0	0.0	0.0	0.0	0.0	0.0	0.0	0.0	0.0	0.0	0.0	0.0	0.0	0.0	0.0	0.0	0.0	0.0	0.0	0.0	0.0	0.0	0.0	0.0	0.0	0.0	0.0	0.0	0.0	0.0	0.0	0.0	0.0	0.0	0.0	0.0	0.0	0.0	0.0	0.0	0.0	0.0	0.0	0.0	0.0	0.0	0.0	0.0	0.0	0.0	0.0	0.0	0.0	0.0	0
79.353981	89.078323	89.609695	99.242447	100.0	89.366699	91.516434	91.441772	91.471237	91.564011	89.461487	89.393745	89.350677	89.363365	89.362961	89.498947	89.336784	89.391182	89.486572	91.644241	91.527435	91.526337	89.347244	89.381332	91.592407	89.31736	89.043312	91.517616	91.48764	91.455124	91.5439	91.503036	89.37883	89.380234	90.9814	88.761826	89.551987	88.536133	88.643753	89.003922	88.931061	89.017731	0.0	0.0	79.108398	79.081444	78.885109	78.807106	0.0	0.0	0.0	0.0	0.0	0.0	0.0	0.0	0.0	0.0	0.0	0.0	78.785378	0.0	0.0	0.0	0.0	0.0	0.0	0.0	0.0	0.0	0.0	0.0	0.0	0.0	0.0	0.0	0.0	0.0	0.0	0.0	0.0	0.0	0.0	0.0	0.0	0.0	0.0	0.0	0.0	0.0	0.0	0.0	0.0	0.0	0.0	0.0	0.0	0.0	0.0	0.0	0.0	0.0	0.0	0.0	0.0	0.0	0.0	0.0	0.0	0.0	0.0	0.0	0.0	0.0	0.0	0.0	0.0	0.0	0.0	0.0	0.0	0.0	0.0	0.0	0.0	0
79.599846	94.99678	92.234802	89.347023	89.366699	100.0	89.212372	89.171951	89.305702	89.316162	96.440628	96.138184	96.137291	98.757965	98.545578	92.261734	98.282402	98.624832	92.246544	89.321304	89.219849	89.210815	98.514053	97.364601	89.214302	92.052444	91.546265	89.278824	89.266357	89.149704	89.336487	89.23877	97.217422	96.467743	90.989532	91.062248	92.284729	90.957878	90.993469	91.581848	91.35144	91.293098	0.0	78.953415	0.0	0.0	0.0	0.0	0.0	78.281746	0.0	0.0	0.0	0.0	0.0	0.0	0.0	0.0	0.0	0.0	0.0	0.0	0.0	0.0	0.0	0.0	0.0	0.0	0.0	0.0	0.0	0.0	78.688278	78.969223	0.0	0.0	0.0	0.0	0.0	0.0	0.0	0.0	0.0	0.0	0.0	0.0	0.0	0.0	0.0	0.0	0.0	0.0	0.0	0.0	0.0	0.0	0.0	0.0	0.0	0.0	0.0	0.0	0.0	0.0	0.0	0.0	0.0	0.0	0.0	0.0	0.0	0.0	0.0	0.0	0.0	0.0	0.0	0.0	0.0	0.0	0.0	0.0	0.0	0.0	0.0	0
79.116974	88.776436	89.441109	91.567474	91.516434	89.212372	100.0	98.277199	98.373772	98.428177	89.409218	89.218605	89.193542	89.283386	89.302437	89.397316	89.163422	89.273209	89.461136	98.262413	98.315994	98.315453	89.235558	89.256943	97.940514	89.29673	89.228882	97.963638	97.886398	98.449738	98.346046	98.322884	89.101395	89.394226	90.165482	88.898209	89.538933	88.855354	88.868042	89.224548	89.217438	89.184448	0.0	0.0	0.0	78.647835	0.0	0.0	0.0	0.0	0.0	0.0	0.0	0.0	0.0	0.0	0.0	0.0	0.0	0.0	0.0	0.0	0.0	0.0	0.0	0.0	0.0	0.0	0.0	0.0	0.0	0.0	78.651474	78.728279	0.0	0.0	0.0	0.0	0.0	0.0	0.0	0.0	0.0	0.0	0.0	0.0	0.0	0.0	0.0	0.0	0.0	0.0	0.0	0.0	0.0	0.0	0.0	0.0	0.0	0.0	0.0	0.0	0.0	0.0	0.0	0.0	0.0	0.0	0.0	0.0	0.0	0.0	0.0	0.0	0.0	0.0	0.0	0.0	0.0	0.0	0.0	0.0	0.0	0.0	0.0	0
78.62101	88.615997	89.327103	91.268707	91.441772	89.171951	98.277199	100.0	98.295853	98.31012	89.283905	89.174072	89.134354	89.131302	89.173363	89.386658	89.089081	89.099731	89.33419	98.039078	98.185013	98.185699	89.140755	89.114265	97.891617	89.210876	89.041779	97.9338	97.772964	98.280487	98.247856	98.345932	88.978592	89.302528	90.041946	88.76178	89.412697	88.756546	88.745544	89.001785	89.138535	89.143158	78.156898	0.0	0.0	0.0	0.0	0.0	0.0	0.0	0.0	0.0	0.0	0.0	0.0	0.0	0.0	0.0	0.0	0.0	0.0	0.0	0.0	0.0	0.0	0.0	0.0	0.0	0.0	0.0	0.0	0.0	78.169083	78.204178	0.0	0.0	0.0	0.0	0.0	0.0	0.0	0.0	0.0	0.0	0.0	0.0	0.0	0.0	0.0	0.0	0.0	0.0	0.0	0.0	0.0	0.0	0.0	0.0	0.0	0.0	0.0	0.0	0.0	0.0	0.0	0.0	0.0	0.0	0.0	0.0	0.0	0.0	0.0	0.0	0.0	0.0	0.0	0.0	0.0	0.0	0.0	0.0	0.0	0.0	0.0	0
79.269501	88.717133	89.52095	91.550186	91.471237	89.305702	98.373772	98.295853	100.0	98.419846	89.416031	89.191498	89.126617	89.284485	89.224655	89.501266	89.164024	89.270279	89.441147	98.1418	98.281441	98.279701	89.224548	89.192856	97.954285	89.2556	89.197128	98.029144	97.940849	98.428848	98.349892	98.280655	89.168747	89.362289	90.138657	88.911514	89.525894	88.974136	88.880791	89.160706	89.250938	89.261307	78.920296	0.0	0.0	0.0	0.0	0.0	0.0	0.0	0.0	0.0	0.0	0.0	0.0	0.0	0.0	0.0	0.0	0.0	0.0	0.0	0.0	0.0	0.0	0.0	0.0	0.0	0.0	0.0	0.0	0.0	78.84539	78.742523	0.0	0.0	0.0	0.0	0.0	0.0	0.0	0.0	0.0	0.0	0.0	0.0	0.0	0.0	0.0	0.0	0.0	0.0	0.0	0.0	0.0	0.0	0.0	0.0	0.0	0.0	0.0	0.0	0.0	0.0	0.0	0.0	0.0	0.0	0.0	0.0	0.0	0.0	0.0	0.0	0.0	0.0	0.0	0.0	0.0	0.0	0.0	0.0	0.0	0.0	0.0	0
79.20681	88.780388	89.451645	91.577629	91.564011	89.316162	98.428177	98.31012	98.419846	100.0	89.391296	89.187088	89.213547	89.26181	89.273102	89.429848	89.14756	89.190247	89.486099	98.291756	98.35463	98.353149	89.247925	89.267929	97.967438	89.262131	89.177094	98.015137	97.925507	98.637222	98.410263	98.409698	89.167831	89.325699	90.237183	88.997833	89.560852	88.840729	88.893433	89.208076	89.347435	89.29097	78.866379	0.0	0.0	0.0	0.0	0.0	0.0	0.0	0.0	0.0	0.0	0.0	0.0	0.0	0.0	0.0	0.0	0.0	0.0	0.0	0.0	0.0	0.0	0.0	0.0	0.0	0.0	0.0	0.0	0.0	78.710052	78.852409	0.0	0.0	0.0	0.0	0.0	0.0	0.0	0.0	0.0	0.0	0.0	0.0	0.0	0.0	0.0	0.0	0.0	0.0	0.0	0.0	0.0	0.0	0.0	0.0	0.0	0.0	0.0	0.0	0.0	0.0	0.0	0.0	0.0	0.0	0.0	0.0	0.0	0.0	0.0	0.0	0.0	0.0	0.0	0.0	0.0	0.0	0.0	0.0	0.0	0.0	0.0	0
79.242767	94.815979	92.347534	89.532806	89.461487	96.440628	89.409218	89.283905	89.416031	89.391296	100.0	95.802521	95.852325	96.432205	96.448555	92.270752	96.331589	96.457558	92.26651	89.483765	89.348999	89.336967	96.435638	96.297112	89.360748	92.106499	91.726166	89.404137	89.367767	89.292747	89.430878	89.340134	96.136681	98.937683	91.014549	91.159576	92.320419	91.167442	91.165024	91.742989	91.459015	91.400856	0.0	0.0	0.0	0.0	0.0	0.0	78.829353	0.0	0.0	0.0	0.0	0.0	0.0	0.0	0.0	0.0	0.0	0.0	0.0	0.0	0.0	0.0	0.0	0.0	0.0	0.0	0.0	0.0	0.0	0.0	0.0	0.0	0.0	0.0	0.0	0.0	0.0	0.0	0.0	0.0	0.0	0.0	0.0	0.0	0.0	0.0	0.0	0.0	0.0	0.0	0.0	0.0	0.0	0.0	0.0	0.0	0.0	0.0	0.0	0.0	0.0	0.0	0.0	0.0	0.0	0.0	0.0	0.0	0.0	0.0	0.0	0.0	0.0	0.0	0.0	0.0	0.0	0.0	0.0	0.0	0.0	0.0	0.0	0
79.196289	94.834229	92.228256	89.433113	89.393745	96.138184	89.218605	89.174072	89.191498	89.187088	95.802521	100.0	99.999649	96.191681	96.260712	92.22934	96.131073	96.107117	92.171539	89.268173	89.176224	89.178207	96.190437	96.094681	89.207832	92.058762	91.495483	89.114731	89.164154	89.113403	89.287674	89.179184	95.995193	95.837303	91.0317	91.020493	92.242325	90.828949	90.865173	91.522369	91.175575	91.228065	0.0	0.0	0.0	0.0	0.0	0.0	78.920135	0.0	0.0	0.0	0.0	0.0	0.0	0.0	0.0	0.0	0.0	0.0	0.0	0.0	0.0	0.0	0.0	0.0	0.0	0.0	0.0	0.0	0.0	0.0	0.0	78.661568	0.0	0.0	0.0	0.0	0.0	0.0	0.0	0.0	0.0	0.0	0.0	0.0	0.0	0.0	0.0	0.0	0.0	0.0	0.0	0.0	0.0	0.0	0.0	0.0	0.0	0.0	0.0	0.0	0.0	0.0	0.0	0.0	0.0	0.0	0.0	0.0	0.0	0.0	0.0	0.0	0.0	0.0	0.0	0.0	0.0	0.0	0.0	0.0	0.0	0.0	0.0	0
79.367722	94.878387	92.220261	89.406319	89.350677	96.137291	89.193542	89.134354	89.126617	89.213547	95.852325	99.999649	100.0	96.173256	96.262512	92.227623	96.141243	96.130516	92.173103	89.287628	89.181076	89.175903	96.189194	96.138412	89.147675	92.051239	91.536926	89.16626	89.205933	89.092171	89.281021	89.168564	96.023575	95.878632	91.035095	91.071213	92.215485	90.840347	90.843964	91.547882	91.183533	91.229286	0.0	0.0	0.0	0.0	0.0	0.0	0.0	0.0	0.0	0.0	0.0	0.0	0.0	0.0	0.0	0.0	0.0	0.0	0.0	0.0	0.0	0.0	0.0	0.0	0.0	0.0	0.0	0.0	0.0	0.0	0.0	78.804657	0.0	0.0	0.0	0.0	0.0	0.0	0.0	0.0	0.0	0.0	0.0	0.0	0.0	0.0	0.0	0.0	0.0	0.0	0.0	0.0	0.0	0.0	0.0	0.0	0.0	0.0	0.0	0.0	0.0	0.0	0.0	0.0	0.0	0.0	0.0	0.0	0.0	0.0	0.0	0.0	0.0	0.0	0.0	0.0	0.0	0.0	0.0	0.0	0.0	0.0	0.0	0
79.334106	94.984299	92.245346	89.386192	89.363365	98.757965	89.283386	89.131302	89.284485	89.26181	96.432205	96.191681	96.173256	100.0	98.581192	92.193489	98.304657	98.661888	92.182106	89.2845	89.214539	89.213287	98.355408	97.371811	89.252899	91.99791	91.500946	89.228531	89.21167	89.125916	89.303833	89.146713	97.097168	96.315292	90.957733	90.948227	92.195129	90.903793	90.938965	91.568314	91.304688	91.257156	0.0	0.0	0.0	0.0	0.0	0.0	0.0	0.0	0.0	0.0	0.0	0.0	0.0	0.0	0.0	0.0	0.0	0.0	0.0	0.0	0.0	0.0	0.0	0.0	0.0	0.0	0.0	0.0	0.0	0.0	0.0	78.578667	0.0	0.0	0.0	0.0	0.0	0.0	0.0	0.0	0.0	0.0	0.0	0.0	0.0	0.0	0.0	0.0	0.0	0.0	0.0	0.0	0.0	0.0	0.0	0.0	0.0	0.0	0.0	0.0	0.0	0.0	0.0	0.0	0.0	0.0	0.0	0.0	0.0	0.0	0.0	0.0	0.0	0.0	0.0	0.0	0.0	0.0	0.0	0.0	0.0	0.0	0.0	0
79.374329	94.985397	92.267899	89.402557	89.362961	98.545578	89.302437	89.173363	89.224655	89.273102	96.448555	96.260712	96.262512	98.581192	100.0	92.224335	98.491318	98.609192	92.220764	89.289093	89.170364	89.174126	99.362061	97.416954	89.143074	92.03299	91.53006	89.263786	89.280289	89.132126	89.218399	89.171608	97.265663	96.507156	90.974709	91.000427	92.068588	90.90992	90.925964	91.463074	91.315826	91.163078	0.0	0.0	0.0	0.0	0.0	0.0	0.0	0.0	0.0	0.0	0.0	0.0	0.0	0.0	0.0	0.0	0.0	0.0	0.0	0.0	0.0	0.0	0.0	0.0	0.0	0.0	0.0	0.0	0.0	0.0	0.0	78.712303	0.0	0.0	0.0	0.0	0.0	0.0	0.0	0.0	0.0	0.0	0.0	0.0	0.0	0.0	0.0	0.0	0.0	0.0	0.0	0.0	0.0	0.0	0.0	0.0	0.0	0.0	0.0	0.0	0.0	0.0	0.0	0.0	0.0	0.0	0.0	0.0	0.0	0.0	0.0	0.0	0.0	0.0	0.0	0.0	0.0	0.0	0.0	0.0	0.0	0.0	0.0	0
78.993637	91.621689	99.350197	89.538399	89.498947	92.261734	89.397316	89.386658	89.501266	89.429848	92.270752	92.22934	92.227623	92.193489	92.224335	100.0	92.111023	92.188225	98.466125	89.574936	89.488235	89.480713	92.238319	92.23587	89.525978	99.051201	95.505142	89.426338	89.464905	89.315903	89.482857	89.37899	92.154785	92.333618	91.687103	93.619904	99.340027	94.482979	94.523216	95.522789	95.075348	94.978836	0.0	0.0	0.0	0.0	0.0	0.0	0.0	0.0	0.0	0.0	0.0	0.0	0.0	0.0	0.0	0.0	0.0	0.0	0.0	0.0	0.0	0.0	0.0	0.0	0.0	0.0	0.0	0.0	0.0	0.0	79.16433	78.891045	0.0	0.0	0.0	0.0	0.0	0.0	0.0	0.0	0.0	0.0	0.0	0.0	0.0	0.0	0.0	0.0	0.0	0.0	0.0	0.0	0.0	0.0	0.0	0.0	0.0	0.0	0.0	0.0	0.0	0.0	0.0	0.0	0.0	0.0	0.0	0.0	0.0	0.0	0.0	0.0	0.0	0.0	0.0	0.0	0.0	0.0	0.0	0.0	0.0	0.0	0.0	0
78.626755	95.015656	92.165375	89.315414	89.336784	98.282402	89.163422	89.089081	89.164024	89.14756	96.331589	96.131073	96.141243	98.304657	98.491318	92.111023	100.0	98.296066	92.116501	89.154251	89.122726	89.120811	98.459053	97.490166	89.093842	91.996719	91.501595	89.152374	89.131523	89.108917	89.132736	89.10836	97.279449	96.454979	90.87587	90.909088	92.141586	90.807999	90.827423	91.526489	91.173737	91.140564	0.0	0.0	0.0	0.0	0.0	0.0	0.0	0.0	0.0	0.0	0.0	0.0	0.0	0.0	0.0	0.0	0.0	0.0	0.0	0.0	0.0	0.0	0.0	0.0	0.0	0.0	0.0	0.0	0.0	0.0	78.047523	78.08577	0.0	0.0	0.0	0.0	0.0	0.0	0.0	0.0	0.0	0.0	0.0	0.0	0.0	0.0	0.0	0.0	0.0	0.0	0.0	0.0	0.0	0.0	0.0	0.0	0.0	0.0	0.0	0.0	0.0	0.0	0.0	0.0	0.0	0.0	0.0	0.0	0.0	0.0	0.0	0.0	0.0	0.0	0.0	0.0	0.0	0.0	0.0	0.0	0.0	0.0	0.0	0
79.602135	94.982567	92.200439	89.440353	89.391182	98.624832	89.273209	89.099731	89.270279	89.190247	96.457558	96.107117	96.130516	98.661888	98.609192	92.188225	98.296066	100.0	92.178459	89.326088	89.136253	89.128113	98.556007	97.384247	89.21077	92.064911	91.502396	89.248688	89.221115	89.129684	89.279259	89.174049	97.273865	96.474442	90.934708	91.036377	92.222061	90.883621	90.975418	91.568954	91.284355	91.272469	0.0	0.0	0.0	0.0	0.0	0.0	0.0	0.0	0.0	0.0	0.0	0.0	0.0	0.0	0.0	0.0	0.0	0.0	0.0	0.0	0.0	0.0	0.0	0.0	0.0	0.0	0.0	0.0	0.0	0.0	78.716423	78.864197	0.0	0.0	0.0	0.0	0.0	0.0	0.0	0.0	0.0	0.0	0.0	0.0	0.0	0.0	0.0	0.0	0.0	0.0	0.0	0.0	0.0	0.0	0.0	0.0	0.0	0.0	0.0	0.0	0.0	0.0	0.0	0.0	0.0	0.0	0.0	0.0	0.0	0.0	0.0	0.0	0.0	0.0	0.0	0.0	0.0	0.0	0.0	0.0	0.0	0.0	0.0	0
79.284836	91.682205	98.499496	89.559067	89.486572	92.246544	89.461136	89.33419	89.441147	89.486099	92.26651	92.171539	92.173103	92.182106	92.220764	98.466125	92.116501	92.178459	100.0	89.51297	89.390518	89.382759	92.22728	92.249313	89.542938	98.360489	95.424728	89.512161	89.511368	89.363892	89.491806	89.356987	92.074539	92.333939	91.628601	93.505966	98.573303	94.389603	94.35939	95.454895	94.949524	94.880997	0.0	78.891777	0.0	0.0	0.0	0.0	0.0	0.0	0.0	0.0	0.0	0.0	0.0	0.0	0.0	0.0	0.0	0.0	0.0	0.0	0.0	0.0	0.0	0.0	0.0	0.0	0.0	0.0	0.0	0.0	79.077057	0.0	0.0	0.0	0.0	0.0	0.0	0.0	0.0	0.0	0.0	0.0	0.0	0.0	0.0	0.0	0.0	0.0	0.0	0.0	0.0	0.0	0.0	0.0	0.0	0.0	0.0	0.0	0.0	0.0	0.0	0.0	0.0	0.0	0.0	0.0	0.0	0.0	0.0	0.0	0.0	0.0	0.0	0.0	0.0	0.0	0.0	0.0	0.0	0.0	0.0	0.0	0.0	0
79.263954	88.7537	89.528717	91.636726	91.644241	89.321304	98.262413	98.039078	98.1418	98.291756	89.483765	89.268173	89.287628	89.2845	89.289093	89.574936	89.154251	89.326088	89.51297	100.0	98.258926	98.257782	89.269989	89.315613	97.773697	89.290894	89.196579	97.778999	97.703827	98.165062	98.287186	98.256393	89.17984	89.438286	90.235077	88.942627	89.630112	88.916664	88.960754	89.315948	89.354752	89.275375	0.0	0.0	0.0	0.0	0.0	0.0	0.0	0.0	0.0	0.0	0.0	0.0	0.0	0.0	0.0	0.0	0.0	0.0	0.0	0.0	0.0	0.0	0.0	0.0	0.0	0.0	0.0	0.0	0.0	0.0	78.67215	0.0	0.0	0.0	0.0	0.0	0.0	0.0	0.0	0.0	0.0	0.0	0.0	0.0	0.0	0.0	0.0	0.0	0.0	0.0	0.0	0.0	0.0	0.0	0.0	0.0	0.0	0.0	0.0	0.0	0.0	0.0	0.0	0.0	0.0	0.0	0.0	0.0	0.0	0.0	0.0	0.0	0.0	0.0	0.0	0.0	0.0	0.0	0.0	0.0	0.0	0.0	0.0	0
79.079155	88.719803	89.511948	91.499756	91.527435	89.219849	98.315994	98.185013	98.281441	98.35463	89.348999	89.176224	89.181076	89.214539	89.170364	89.488235	89.122726	89.136253	89.390518	98.258926	100.0	99.998749	89.227615	89.218216	97.846405	89.242188	89.143997	97.960251	97.738235	98.389343	98.270676	98.275826	89.156342	89.330368	90.160461	88.882057	89.465134	88.863083	88.785789	89.169846	89.25235	89.270355	0.0	0.0	0.0	0.0	0.0	0.0	0.0	0.0	0.0	0.0	0.0	0.0	0.0	0.0	0.0	0.0	0.0	0.0	0.0	0.0	0.0	0.0	0.0	0.0	0.0	0.0	0.0	0.0	0.0	0.0	78.52565	0.0	0.0	0.0	0.0	0.0	0.0	0.0	0.0	0.0	0.0	0.0	0.0	0.0	0.0	0.0	0.0	0.0	0.0	0.0	0.0	0.0	0.0	0.0	0.0	0.0	0.0	0.0	0.0	0.0	0.0	0.0	0.0	0.0	0.0	0.0	0.0	0.0	0.0	0.0	0.0	0.0	0.0	0.0	0.0	0.0	0.0	0.0	0.0	0.0	0.0	0.0	0.0	0
79.017082	88.716385	89.500313	91.498688	91.526337	89.210815	98.315453	98.185699	98.279701	98.353149	89.336967	89.178207	89.175903	89.213287	89.174126	89.480713	89.120811	89.128113	89.382759	98.257782	99.998749	100.0	89.22052	89.205734	97.844223	89.240067	89.138412	97.960556	97.735947	98.389801	98.270729	98.277031	89.148331	89.327301	90.15757	88.877495	89.457298	88.856041	88.777786	89.162064	89.244728	89.26371	0.0	0.0	0.0	0.0	0.0	0.0	0.0	0.0	0.0	0.0	0.0	0.0	0.0	0.0	0.0	0.0	0.0	0.0	0.0	0.0	0.0	0.0	0.0	0.0	0.0	0.0	0.0	0.0	0.0	0.0	78.466141	0.0	0.0	0.0	0.0	0.0	0.0	0.0	0.0	0.0	0.0	0.0	0.0	0.0	0.0	0.0	0.0	0.0	0.0	0.0	0.0	0.0	0.0	0.0	0.0	0.0	0.0	0.0	0.0	0.0	0.0	0.0	0.0	0.0	0.0	0.0	0.0	0.0	0.0	0.0	0.0	0.0	0.0	0.0	0.0	0.0	0.0	0.0	0.0	0.0	0.0	0.0	0.0	0
79.452591	94.967949	92.266731	89.418732	89.347244	98.514053	89.235558	89.140755	89.224548	89.247925	96.435638	96.190437	96.189194	98.355408	99.362061	92.238319	98.459053	98.556007	92.22728	89.269989	89.227615	89.22052	100.0	97.450272	89.214355	92.020821	91.554604	89.190376	89.351944	89.118576	89.274445	89.174614	97.141922	96.520302	90.948021	91.00473	92.208229	90.87426	90.950233	91.538742	91.244415	91.215942	0.0	0.0	0.0	0.0	0.0	0.0	0.0	0.0	0.0	0.0	0.0	0.0	0.0	0.0	0.0	0.0	0.0	0.0	0.0	0.0	0.0	0.0	0.0	0.0	0.0	0.0	0.0	0.0	0.0	0.0	78.917419	0.0	0.0	0.0	0.0	0.0	0.0	0.0	0.0	0.0	0.0	0.0	0.0	0.0	0.0	0.0	0.0	0.0	0.0	0.0	0.0	0.0	0.0	0.0	0.0	0.0	0.0	0.0	0.0	0.0	0.0	0.0	0.0	0.0	0.0	0.0	0.0	0.0	0.0	0.0	0.0	0.0	0.0	0.0	0.0	0.0	0.0	0.0	0.0	0.0	0.0	0.0	0.0	0
79.565262	95.04039	92.250999	89.371483	89.381332	97.364601	89.256943	89.114265	89.192856	89.267929	96.297112	96.094681	96.138412	97.371811	97.416954	92.23587	97.490166	97.384247	92.249313	89.315613	89.218216	89.205734	97.450272	100.0	89.260597	92.022858	91.611847	89.291763	89.216454	89.171814	89.299011	89.182343	97.274323	96.424454	91.009239	90.955437	92.263306	90.876495	90.907593	91.600174	91.345123	91.332962	0.0	0.0	0.0	0.0	0.0	0.0	0.0	0.0	0.0	0.0	0.0	0.0	0.0	0.0	0.0	0.0	0.0	0.0	0.0	0.0	0.0	0.0	0.0	0.0	0.0	0.0	0.0	0.0	0.0	0.0	78.766312	0.0	0.0	0.0	0.0	0.0	0.0	0.0	0.0	0.0	0.0	0.0	0.0	0.0	0.0	0.0	0.0	0.0	0.0	0.0	0.0	0.0	0.0	0.0	0.0	0.0	0.0	0.0	0.0	0.0	0.0	0.0	0.0	0.0	0.0	0.0	0.0	0.0	0.0	0.0	0.0	0.0	0.0	0.0	0.0	0.0	0.0	0.0	0.0	0.0	0.0	0.0	0.0	0
79.348091	88.918968	89.587067	91.574623	91.592407	89.214302	97.940514	97.891617	97.954285	97.967438	89.360748	89.207832	89.147675	89.252899	89.143074	89.525978	89.093842	89.21077	89.542938	97.773697	97.846405	97.844223	89.214355	89.260597	100.0	89.373138	89.311493	98.60202	98.598846	97.962601	97.819229	97.869133	89.263023	89.279411	90.086624	88.973755	89.535835	88.85376	89.028595	89.313179	89.436005	89.421448	0.0	0.0	78.72155	0.0	0.0	0.0	0.0	0.0	0.0	0.0	0.0	0.0	0.0	0.0	0.0	0.0	0.0	0.0	0.0	0.0	0.0	0.0	0.0	0.0	0.0	0.0	0.0	0.0	0.0	0.0	0.0	0.0	0.0	0.0	0.0	0.0	0.0	0.0	0.0	0.0	0.0	0.0	0.0	0.0	0.0	0.0	0.0	0.0	0.0	0.0	0.0	0.0	0.0	0.0	0.0	0.0	0.0	0.0	0.0	0.0	0.0	0.0	0.0	0.0	0.0	0.0	0.0	0.0	0.0	0.0	0.0	0.0	0.0	0.0	0.0	0.0	0.0	0.0	0.0	0.0	0.0	0.0	0.0	0
78.973465	91.465492	99.102661	89.323471	89.31736	92.052444	89.29673	89.210876	89.2556	89.262131	92.106499	92.058762	92.051239	91.99791	92.03299	99.051201	91.996719	92.064911	98.360489	89.290894	89.242188	89.240067	92.020821	92.022858	89.373138	100.0	95.292572	89.224854	89.238785	89.172363	89.276436	89.223816	91.936485	92.105148	91.482956	93.406746	99.048813	94.265648	94.250534	95.36834	94.901978	94.795898	0.0	0.0	0.0	0.0	0.0	0.0	0.0	0.0	0.0	0.0	78.368874	0.0	0.0	0.0	0.0	0.0	0.0	0.0	0.0	0.0	0.0	0.0	0.0	0.0	0.0	0.0	0.0	0.0	0.0	0.0	0.0	0.0	0.0	0.0	0.0	0.0	0.0	0.0	0.0	0.0	0.0	0.0	0.0	0.0	0.0	0.0	0.0	0.0	0.0	0.0	0.0	0.0	0.0	0.0	0.0	0.0	0.0	0.0	0.0	0.0	0.0	0.0	0.0	0.0	0.0	0.0	0.0	0.0	0.0	0.0	0.0	0.0	0.0	0.0	0.0	0.0	0.0	0.0	0.0	0.0	0.0	0.0	0.0	0
79.454102	90.916214	95.506912	89.027618	89.043312	91.546265	89.228882	89.041779	89.197128	89.177094	91.726166	91.495483	91.536926	91.500946	91.53006	95.505142	91.501595	91.502396	95.424728	89.196579	89.143997	89.138412	91.554604	91.611847	89.311493	95.292572	100.0	89.264267	89.1521	89.064575	89.167496	89.100479	91.459122	91.723267	90.899887	93.025223	95.47673	95.383087	95.419495	98.586136	96.136963	96.119751	78.792259	0.0	0.0	0.0	0.0	0.0	0.0	0.0	0.0	0.0	0.0	0.0	0.0	0.0	0.0	0.0	0.0	0.0	0.0	0.0	0.0	0.0	0.0	0.0	0.0	0.0	0.0	0.0	0.0	0.0	0.0	0.0	0.0	0.0	0.0	0.0	0.0	0.0	0.0	0.0	0.0	0.0	0.0	0.0	0.0	0.0	0.0	0.0	0.0	0.0	0.0	0.0	0.0	0.0	0.0	0.0	0.0	0.0	0.0	0.0	0.0	0.0	0.0	0.0	0.0	0.0	0.0	0.0	0.0	0.0	0.0	0.0	0.0	0.0	0.0	0.0	0.0	0.0	0.0	0.0	0.0	0.0	0.0	0
79.042709	88.769165	89.46273	91.480713	91.517616	89.278824	97.963638	97.9338	98.029144	98.015137	89.404137	89.114731	89.16626	89.228531	89.263786	89.426338	89.152374	89.248688	89.512161	97.778999	97.960251	97.960556	89.190376	89.291763	98.60202	89.224854	89.264267	100.0	98.633942	98.027344	97.943298	97.954163	89.091171	89.393105	90.106049	88.881378	89.542244	88.869041	88.88134	89.274887	89.392242	89.325287	0.0	0.0	0.0	0.0	0.0	0.0	0.0	0.0	0.0	0.0	0.0	0.0	0.0	0.0	0.0	0.0	0.0	0.0	0.0	0.0	0.0	0.0	0.0	0.0	0.0	0.0	0.0	0.0	0.0	0.0	0.0	0.0	0.0	0.0	0.0	0.0	0.0	0.0	0.0	0.0	0.0	0.0	0.0	0.0	0.0	0.0	0.0	0.0	0.0	0.0	0.0	0.0	0.0	0.0	0.0	0.0	0.0	0.0	0.0	0.0	0.0	0.0	0.0	0.0	0.0	0.0	0.0	0.0	0.0	0.0	0.0	0.0	0.0	0.0	0.0	0.0	0.0	0.0	0.0	0.0	0.0	0.0	0.0	0
79.096184	88.829224	89.460548	91.522491	91.48764	89.266357	97.886398	97.772964	97.940849	97.925507	89.367767	89.164154	89.205933	89.21167	89.280289	89.464905	89.131523	89.221115	89.511368	97.703827	97.738235	97.735947	89.351944	89.216454	98.598846	89.238785	89.1521	98.633942	100.0	97.913086	97.826355	97.872314	89.161789	89.265564	90.145317	88.909142	89.599281	88.781914	88.885185	89.219131	89.289688	89.375618	0.0	0.0	0.0	0.0	0.0	0.0	0.0	0.0	0.0	0.0	0.0	0.0	0.0	0.0	0.0	0.0	0.0	0.0	0.0	0.0	0.0	0.0	0.0	0.0	0.0	0.0	0.0	0.0	0.0	0.0	0.0	0.0	0.0	0.0	0.0	0.0	0.0	0.0	0.0	0.0	0.0	0.0	0.0	0.0	0.0	0.0	0.0	0.0	0.0	0.0	0.0	0.0	0.0	0.0	0.0	0.0	0.0	0.0	0.0	0.0	0.0	0.0	0.0	0.0	0.0	0.0	0.0	0.0	0.0	0.0	0.0	0.0	0.0	0.0	0.0	0.0	0.0	0.0	0.0	0.0	0.0	0.0	0.0	0
78.694321	88.649719	89.409508	91.472992	91.455124	89.149704	98.449738	98.280487	98.428848	98.637222	89.292747	89.113403	89.092171	89.125916	89.132126	89.315903	89.108917	89.129684	89.363892	98.165062	98.389343	98.389801	89.118576	89.171814	97.962601	89.172363	89.064575	98.027344	97.913086	100.0	98.366959	98.369843	89.060181	89.271683	90.113274	88.838333	89.420959	88.75946	88.690102	89.110367	89.17704	89.149857	0.0	0.0	0.0	0.0	0.0	0.0	0.0	0.0	0.0	0.0	0.0	0.0	0.0	0.0	0.0	0.0	0.0	0.0	0.0	0.0	0.0	0.0	0.0	0.0	0.0	0.0	0.0	0.0	0.0	0.0	0.0	0.0	0.0	0.0	0.0	0.0	0.0	0.0	0.0	0.0	0.0	0.0	0.0	0.0	0.0	0.0	0.0	0.0	0.0	0.0	0.0	0.0	0.0	0.0	0.0	0.0	0.0	0.0	0.0	0.0	0.0	0.0	0.0	0.0	0.0	0.0	0.0	0.0	0.0	0.0	0.0	0.0	0.0	0.0	0.0	0.0	0.0	0.0	0.0	0.0	0.0	0.0	0.0	0
79.191238	88.760368	89.465446	91.555939	91.5439	89.336487	98.346046	98.247856	98.349892	98.410263	89.430878	89.287674	89.281021	89.303833	89.218399	89.482857	89.132736	89.279259	89.491806	98.287186	98.270676	98.270729	89.274445	89.299011	97.819229	89.276436	89.167496	97.943298	97.826355	98.366959	100.0	98.705643	89.198349	89.351135	90.158592	88.863525	89.489403	88.810455	88.793335	89.191483	89.264854	89.272232	0.0	0.0	0.0	0.0	0.0	0.0	0.0	0.0	0.0	0.0	0.0	0.0	0.0	0.0	0.0	0.0	0.0	0.0	0.0	0.0	0.0	0.0	0.0	0.0	0.0	0.0	0.0	0.0	0.0	0.0	0.0	0.0	0.0	0.0	0.0	0.0	0.0	0.0	0.0	0.0	0.0	0.0	0.0	0.0	0.0	0.0	0.0	0.0	0.0	0.0	0.0	0.0	0.0	0.0	0.0	0.0	0.0	0.0	0.0	0.0	0.0	0.0	0.0	0.0	0.0	0.0	0.0	0.0	0.0	0.0	0.0	0.0	0.0	0.0	0.0	0.0	0.0	0.0	0.0	0.0	0.0	0.0	0.0	0
78.585342	88.764664	89.391327	91.482727	91.503036	89.23877	98.322884	98.345932	98.280655	98.409698	89.340134	89.179184	89.168564	89.146713	89.171608	89.37899	89.10836	89.174049	89.356987	98.256393	98.275826	98.277031	89.174614	89.182343	97.869133	89.223816	89.100479	97.954163	97.872314	98.369843	98.705643	100.0	89.146103	89.283005	90.076553	88.782677	89.42688	88.722321	88.784935	89.094231	89.231743	89.227287	0.0	0.0	0.0	0.0	0.0	0.0	0.0	0.0	0.0	0.0	0.0	0.0	0.0	0.0	0.0	0.0	0.0	0.0	0.0	0.0	0.0	0.0	0.0	0.0	0.0	0.0	0.0	0.0	0.0	0.0	0.0	0.0	0.0	0.0	0.0	0.0	0.0	0.0	0.0	0.0	0.0	0.0	0.0	0.0	0.0	0.0	0.0	0.0	0.0	0.0	0.0	0.0	0.0	0.0	0.0	0.0	0.0	0.0	0.0	0.0	0.0	0.0	0.0	0.0	0.0	0.0	0.0	0.0	0.0	0.0	0.0	0.0	0.0	0.0	0.0	0.0	0.0	0.0	0.0	0.0	0.0	0.0	0.0	0
79.230316	94.844925	92.21875	89.341026	89.37883	97.217422	89.101395	88.978592	89.168747	89.167831	96.136681	95.995193	96.023575	97.097168	97.265663	92.154785	97.279449	97.273865	92.074539	89.17984	89.156342	89.148331	97.141922	97.274323	89.263023	91.936485	91.459122	89.091171	89.161789	89.060181	89.198349	89.146103	100.0	96.252548	90.861649	91.02317	92.081863	90.964203	90.954834	91.396698	91.136353	91.205307	0.0	0.0	0.0	0.0	0.0	0.0	0.0	0.0	0.0	0.0	0.0	0.0	0.0	0.0	0.0	0.0	0.0	0.0	0.0	0.0	0.0	0.0	0.0	0.0	0.0	0.0	0.0	0.0	0.0	0.0	0.0	0.0	0.0	0.0	0.0	0.0	0.0	0.0	0.0	0.0	0.0	0.0	0.0	0.0	0.0	0.0	0.0	0.0	0.0	0.0	0.0	0.0	0.0	0.0	0.0	0.0	0.0	0.0	0.0	0.0	0.0	0.0	0.0	0.0	0.0	0.0	0.0	0.0	0.0	0.0	0.0	0.0	0.0	0.0	0.0	0.0	0.0	0.0	0.0	0.0	0.0	0.0	0.0	0
79.145554	94.820084	92.343994	89.430519	89.380234	96.467743	89.394226	89.302528	89.362289	89.325699	98.937683	95.837303	95.878632	96.315292	96.507156	92.333618	96.454979	96.474442	92.333939	89.438286	89.330368	89.327301	96.520302	96.424454	89.279411	92.105148	91.723267	89.393105	89.265564	89.271683	89.351135	89.283005	96.252548	100.0	91.042511	91.054199	92.328156	91.172012	91.1782	91.747574	91.5009	91.393982	0.0	0.0	0.0	0.0	0.0	0.0	0.0	0.0	0.0	0.0	0.0	0.0	0.0	0.0	0.0	0.0	0.0	0.0	0.0	0.0	0.0	0.0	0.0	0.0	0.0	0.0	0.0	0.0	0.0	0.0	0.0	0.0	0.0	0.0	0.0	0.0	0.0	0.0	0.0	0.0	0.0	0.0	0.0	0.0	0.0	0.0	0.0	0.0	0.0	0.0	0.0	0.0	0.0	0.0	0.0	0.0	0.0	0.0	0.0	0.0	0.0	0.0	0.0	0.0	0.0	0.0	0.0	0.0	0.0	0.0	0.0	0.0	0.0	0.0	0.0	0.0	0.0	0.0	0.0	0.0	0.0	0.0	0.0	0
79.34317	90.483673	91.63253	90.977158	90.9814	90.989532	90.165482	90.041946	90.138657	90.237183	91.014549	91.0317	91.035095	90.957733	90.974709	91.687103	90.87587	90.934708	91.628601	90.235077	90.160461	90.15757	90.948021	91.009239	90.086624	91.482956	90.899887	90.106049	90.145317	90.113274	90.158592	90.076553	90.861649	91.042511	100.0	90.528946	91.719345	90.147842	90.223969	90.90152	90.595871	90.604385	0.0	0.0	0.0	0.0	0.0	0.0	0.0	0.0	0.0	0.0	0.0	0.0	0.0	0.0	0.0	0.0	0.0	0.0	0.0	0.0	0.0	0.0	0.0	0.0	0.0	0.0	0.0	0.0	0.0	0.0	0.0	0.0	0.0	0.0	0.0	0.0	0.0	0.0	0.0	0.0	0.0	0.0	0.0	0.0	0.0	0.0	0.0	0.0	0.0	0.0	0.0	0.0	0.0	0.0	0.0	0.0	0.0	0.0	0.0	0.0	0.0	0.0	0.0	0.0	0.0	0.0	0.0	0.0	0.0	0.0	0.0	0.0	0.0	0.0	0.0	0.0	0.0	0.0	0.0	0.0	0.0	0.0	0.0	0
79.046783	90.564919	93.526566	88.822647	88.761826	91.062248	88.898209	88.76178	88.911514	88.997833	91.159576	91.020493	91.071213	90.948227	91.000427	93.619904	90.909088	91.036377	93.505966	88.942627	88.882057	88.877495	91.00473	90.955437	88.973755	93.406746	93.025223	88.881378	88.909142	88.838333	88.863525	88.782677	91.02317	91.054199	90.528946	100.0	93.617752	92.404434	92.438141	93.04332	92.825378	92.82074	0.0	0.0	0.0	0.0	0.0	0.0	0.0	0.0	0.0	0.0	0.0	0.0	0.0	0.0	0.0	0.0	0.0	0.0	0.0	0.0	0.0	0.0	0.0	0.0	0.0	0.0	0.0	0.0	0.0	0.0	0.0	0.0	0.0	0.0	0.0	0.0	0.0	0.0	0.0	0.0	0.0	0.0	0.0	0.0	0.0	0.0	0.0	0.0	0.0	0.0	0.0	0.0	0.0	0.0	0.0	0.0	0.0	0.0	0.0	0.0	0.0	0.0	0.0	0.0	0.0	0.0	0.0	0.0	0.0	0.0	0.0	0.0	0.0	0.0	0.0	0.0	0.0	0.0	0.0	0.0	0.0	0.0	0.0	0
79.250397	91.639175	99.306351	89.592422	89.551987	92.284729	89.538933	89.412697	89.525894	89.560852	92.320419	92.242325	92.215485	92.195129	92.068588	99.340027	92.141586	92.222061	98.573303	89.630112	89.465134	89.457298	92.208229	92.263306	89.535835	99.048813	95.47673	89.542244	89.599281	89.420959	89.489403	89.42688	92.081863	92.328156	91.719345	93.617752	100.0	94.488861	94.512161	95.381744	95.013718	94.865402	0.0	0.0	0.0	0.0	0.0	0.0	0.0	0.0	0.0	0.0	0.0	0.0	0.0	0.0	0.0	0.0	0.0	0.0	0.0	0.0	0.0	0.0	0.0	0.0	0.0	0.0	0.0	0.0	0.0	0.0	0.0	0.0	0.0	0.0	0.0	0.0	0.0	0.0	0.0	0.0	0.0	0.0	0.0	0.0	0.0	0.0	0.0	0.0	0.0	0.0	0.0	0.0	0.0	0.0	0.0	0.0	0.0	0.0	0.0	0.0	0.0	0.0	0.0	0.0	0.0	0.0	0.0	0.0	0.0	0.0	0.0	0.0	0.0	0.0	0.0	0.0	0.0	0.0	0.0	0.0	0.0	0.0	0.0	0
79.142181	90.237183	94.506073	88.604065	88.536133	90.957878	88.855354	88.756546	88.974136	88.840729	91.167442	90.828949	90.840347	90.903793	90.90992	94.482979	90.807999	90.883621	94.389603	88.916664	88.863083	88.856041	90.87426	90.876495	88.85376	94.265648	95.383087	88.869041	88.781914	88.75946	88.810455	88.722321	90.964203	91.172012	90.147842	92.404434	94.488861	100.0	99.092194	95.422729	95.436325	95.490631	0.0	0.0	0.0	0.0	0.0	0.0	0.0	0.0	0.0	0.0	0.0	0.0	0.0	0.0	0.0	0.0	0.0	0.0	0.0	0.0	0.0	0.0	0.0	0.0	0.0	0.0	0.0	0.0	0.0	0.0	0.0	0.0	0.0	0.0	0.0	0.0	0.0	0.0	0.0	0.0	0.0	0.0	0.0	0.0	0.0	0.0	0.0	0.0	0.0	0.0	0.0	0.0	0.0	0.0	0.0	0.0	0.0	0.0	0.0	0.0	0.0	0.0	0.0	0.0	0.0	0.0	0.0	0.0	0.0	0.0	0.0	0.0	0.0	0.0	0.0	0.0	0.0	0.0	0.0	0.0	0.0	0.0	0.0	0
79.192261	90.371834	94.490524	88.630722	88.643753	90.993469	88.868042	88.745544	88.880791	88.893433	91.165024	90.865173	90.843964	90.938965	90.925964	94.523216	90.827423	90.975418	94.35939	88.960754	88.785789	88.777786	90.950233	90.907593	89.028595	94.250534	95.419495	88.88134	88.885185	88.690102	88.793335	88.784935	90.954834	91.1782	90.223969	92.438141	94.512161	99.092194	100.0	95.375008	95.536575	95.515663	0.0	0.0	0.0	0.0	0.0	0.0	0.0	0.0	0.0	0.0	0.0	0.0	0.0	0.0	0.0	0.0	0.0	0.0	0.0	0.0	0.0	0.0	0.0	0.0	0.0	0.0	0.0	0.0	0.0	0.0	0.0	0.0	0.0	0.0	0.0	0.0	0.0	0.0	0.0	0.0	0.0	0.0	0.0	0.0	0.0	0.0	0.0	0.0	0.0	0.0	0.0	0.0	0.0	0.0	0.0	0.0	0.0	0.0	0.0	0.0	0.0	0.0	0.0	0.0	0.0	0.0	0.0	0.0	0.0	0.0	0.0	0.0	0.0	0.0	0.0	0.0	0.0	0.0	0.0	0.0	0.0	0.0	0.0	0
79.354218	90.894073	95.589684	89.066574	89.003922	91.581848	89.224548	89.001785	89.160706	89.208076	91.742989	91.522369	91.547882	91.568314	91.463074	95.522789	91.526489	91.568954	95.454895	89.315948	89.169846	89.162064	91.538742	91.600174	89.313179	95.36834	98.586136	89.274887	89.219131	89.110367	89.191483	89.094231	91.396698	91.747574	90.90152	93.04332	95.381744	95.422729	95.375008	100.0	96.07254	95.919785	0.0	0.0	0.0	0.0	0.0	0.0	0.0	0.0	0.0	0.0	0.0	0.0	0.0	0.0	0.0	0.0	0.0	0.0	0.0	0.0	0.0	0.0	0.0	0.0	0.0	0.0	0.0	0.0	0.0	0.0	0.0	0.0	0.0	0.0	0.0	0.0	0.0	0.0	0.0	0.0	0.0	0.0	0.0	0.0	0.0	0.0	0.0	0.0	0.0	0.0	0.0	0.0	0.0	0.0	0.0	0.0	0.0	0.0	0.0	0.0	0.0	0.0	0.0	0.0	0.0	0.0	0.0	0.0	0.0	0.0	0.0	0.0	0.0	0.0	0.0	0.0	0.0	0.0	0.0	0.0	0.0	0.0	0.0	0
79.451439	90.636124	95.043396	88.93885	88.931061	91.35144	89.217438	89.138535	89.250938	89.347435	91.459015	91.175575	91.183533	91.304688	91.315826	95.075348	91.173737	91.284355	94.949524	89.354752	89.25235	89.244728	91.244415	91.345123	89.436005	94.901978	96.136963	89.392242	89.289688	89.17704	89.264854	89.231743	91.136353	91.5009	90.595871	92.825378	95.013718	95.436325	95.536575	96.07254	100.0	98.722076	0.0	0.0	0.0	0.0	0.0	0.0	0.0	0.0	0.0	0.0	0.0	0.0	0.0	0.0	0.0	0.0	0.0	0.0	0.0	0.0	0.0	0.0	0.0	0.0	0.0	0.0	0.0	0.0	0.0	0.0	0.0	0.0	0.0	0.0	0.0	0.0	0.0	0.0	0.0	0.0	0.0	0.0	0.0	0.0	0.0	0.0	0.0	0.0	0.0	0.0	0.0	0.0	0.0	0.0	0.0	0.0	0.0	0.0	0.0	0.0	0.0	0.0	0.0	0.0	0.0	0.0	0.0	0.0	0.0	0.0	0.0	0.0	0.0	0.0	0.0	0.0	0.0	0.0	0.0	0.0	0.0	0.0	0.0	0
79.276825	90.710022	95.027466	88.974869	89.017731	91.293098	89.184448	89.143158	89.261307	89.29097	91.400856	91.228065	91.229286	91.257156	91.163078	94.978836	91.140564	91.272469	94.880997	89.275375	89.270355	89.26371	91.215942	91.332962	89.421448	94.795898	96.119751	89.325287	89.375618	89.149857	89.272232	89.227287	91.205307	91.393982	90.604385	92.82074	94.865402	95.490631	95.515663	95.919785	98.722076	100.0	0.0	0.0	0.0	0.0	0.0	0.0	0.0	0.0	0.0	0.0	0.0	0.0	0.0	0.0	0.0	0.0	0.0	0.0	0.0	0.0	0.0	0.0	0.0	0.0	0.0	0.0	0.0	0.0	0.0	0.0	0.0	0.0	0.0	0.0	0.0	0.0	0.0	0.0	0.0	0.0	0.0	0.0	0.0	0.0	0.0	0.0	0.0	0.0	0.0	0.0	0.0	0.0	0.0	0.0	0.0	0.0	0.0	0.0	0.0	0.0	0.0	0.0	0.0	0.0	0.0	0.0	0.0	0.0	0.0	0.0	0.0	0.0	0.0	0.0	0.0	0.0	0.0	0.0	0.0	0.0	0.0	0.0	0.0	0
82.217239	78.812538	0.0	0.0	0.0	0.0	0.0	78.156898	78.920296	78.866379	0.0	0.0	0.0	0.0	0.0	0.0	0.0	0.0	0.0	0.0	0.0	0.0	0.0	0.0	0.0	0.0	78.792259	0.0	0.0	0.0	0.0	0.0	0.0	0.0	0.0	0.0	0.0	0.0	0.0	0.0	0.0	0.0	100.0	82.605156	82.062698	82.404053	82.066147	82.077728	81.849533	98.440765	81.966064	82.245781	81.856491	80.885986	81.897919	81.846725	81.912704	82.362411	82.060577	82.189301	82.511185	82.454147	81.898209	82.458908	80.843559	80.804382	80.758827	79.092102	79.213669	79.060501	78.733742	78.878616	98.524399	98.332703	0.0	0.0	0.0	0.0	0.0	0.0	0.0	0.0	0.0	0.0	0.0	0.0	0.0	0.0	0.0	0.0	0.0	0.0	0.0	0.0	0.0	0.0	0.0	0.0	0.0	0.0	0.0	0.0	0.0	0.0	0.0	0.0	0.0	0.0	0.0	0.0	0.0	0.0	0.0	0.0	0.0	0.0	0.0	0.0	0.0	0.0	0.0	0.0	0.0	0.0	0.0	0
88.010017	0.0	78.939667	0.0	0.0	78.953415	0.0	0.0	0.0	0.0	0.0	0.0	0.0	0.0	0.0	0.0	0.0	0.0	78.891777	0.0	0.0	0.0	0.0	0.0	0.0	0.0	0.0	0.0	0.0	0.0	0.0	0.0	0.0	0.0	0.0	0.0	0.0	0.0	0.0	0.0	0.0	0.0	82.605156	100.0	87.198853	88.567947	88.241829	88.283806	87.461365	82.631439	87.107361	88.373039	87.402039	80.887436	87.28405	87.42778	87.535416	88.439674	87.890465	88.12236	97.656265	97.743027	87.521439	88.487137	80.93689	81.055237	80.942886	79.05426	78.857536	78.85614	78.801842	78.80574	82.645416	82.58963	0.0	0.0	0.0	0.0	0.0	0.0	0.0	0.0	0.0	0.0	0.0	0.0	0.0	0.0	0.0	0.0	0.0	0.0	0.0	0.0	0.0	0.0	0.0	0.0	0.0	0.0	0.0	0.0	0.0	0.0	0.0	0.0	0.0	0.0	0.0	0.0	0.0	0.0	0.0	0.0	0.0	0.0	0.0	0.0	0.0	0.0	0.0	0.0	0.0	0.0	0.0	0
91.172714	78.711716	78.840828	0.0	79.108398	0.0	0.0	0.0	0.0	0.0	0.0	0.0	0.0	0.0	0.0	0.0	0.0	0.0	0.0	0.0	0.0	0.0	0.0	0.0	78.72155	0.0	0.0	0.0	0.0	0.0	0.0	0.0	0.0	0.0	0.0	0.0	0.0	0.0	0.0	0.0	0.0	0.0	82.062698	87.198853	100.0	91.984901	92.210175	92.190895	90.638046	81.620796	98.998108	92.419807	90.473999	80.820633	90.497299	90.678772	90.643303	92.051758	91.592865	91.971802	86.966347	87.050369	90.659958	91.950684	80.759415	80.895859	81.09314	79.211456	79.305939	79.161636	78.941147	78.94133	81.68013	81.92218	0.0	0.0	0.0	0.0	0.0	0.0	0.0	0.0	0.0	0.0	0.0	0.0	0.0	0.0	0.0	0.0	0.0	0.0	0.0	0.0	0.0	0.0	0.0	0.0	0.0	0.0	0.0	0.0	0.0	0.0	0.0	0.0	0.0	0.0	0.0	0.0	0.0	0.0	0.0	0.0	0.0	0.0	0.0	0.0	0.0	0.0	0.0	0.0	0.0	0.0	0.0	0
93.11554	79.067505	0.0	0.0	79.081444	0.0	78.647835	0.0	0.0	0.0	0.0	0.0	0.0	0.0	0.0	0.0	0.0	0.0	0.0	0.0	0.0	0.0	0.0	0.0	0.0	0.0	0.0	0.0	0.0	0.0	0.0	0.0	0.0	0.0	0.0	0.0	0.0	0.0	0.0	0.0	0.0	0.0	82.404053	88.567947	91.984901	100.0	93.969772	93.980148	92.751831	82.132057	92.108223	94.298828	92.304474	81.239426	92.417297	92.708054	92.771561	98.16275	93.672577	94.125801	88.459549	88.622025	92.60582	98.117989	81.241943	81.219475	81.441666	79.141586	79.013382	78.792175	78.940918	79.225418	82.284027	82.30072	0.0	0.0	0.0	0.0	0.0	0.0	0.0	0.0	0.0	0.0	0.0	0.0	0.0	0.0	0.0	0.0	0.0	0.0	0.0	0.0	0.0	0.0	0.0	0.0	0.0	0.0	0.0	0.0	0.0	0.0	0.0	0.0	0.0	0.0	0.0	0.0	0.0	0.0	0.0	0.0	0.0	0.0	0.0	0.0	0.0	0.0	0.0	0.0	0.0	0.0	0.0	0
92.97316	79.061661	78.78463	79.025055	78.885109	0.0	0.0	0.0	0.0	0.0	0.0	0.0	0.0	0.0	0.0	0.0	0.0	0.0	0.0	0.0	0.0	0.0	0.0	0.0	0.0	0.0	0.0	0.0	0.0	0.0	0.0	0.0	0.0	0.0	0.0	0.0	0.0	0.0	0.0	0.0	0.0	0.0	82.066147	88.241829	92.210175	93.969772	100.0	99.995377	92.571609	81.853409	92.25943	96.581451	91.963982	80.925842	92.203232	92.560959	92.505814	93.935196	93.289703	94.837425	88.119202	88.133598	92.43998	93.847694	80.973961	81.118683	81.257034	79.109314	78.952591	78.947113	78.861084	78.928192	82.031105	81.980576	0.0	0.0	0.0	0.0	0.0	0.0	0.0	0.0	0.0	0.0	0.0	0.0	0.0	0.0	0.0	0.0	0.0	0.0	0.0	0.0	0.0	0.0	0.0	0.0	0.0	0.0	0.0	0.0	0.0	0.0	0.0	0.0	0.0	0.0	0.0	0.0	0.0	0.0	0.0	0.0	0.0	0.0	0.0	0.0	0.0	0.0	0.0	0.0	0.0	0.0	0.0	0
92.972916	79.1483	0.0	79.00544	78.807106	0.0	0.0	0.0	0.0	0.0	0.0	0.0	0.0	0.0	0.0	0.0	0.0	0.0	0.0	0.0	0.0	0.0	0.0	0.0	0.0	0.0	0.0	0.0	0.0	0.0	0.0	0.0	0.0	0.0	0.0	0.0	0.0	0.0	0.0	0.0	0.0	0.0	82.077728	88.283806	92.190895	93.980148	99.995377	100.0	92.571373	81.837067	92.274902	96.582825	91.994324	80.922714	92.21788	92.572739	92.546127	93.926758	93.275734	94.894264	88.050934	88.155685	92.404762	93.806671	80.917839	81.079819	81.278625	79.162399	79.003418	78.831459	78.837921	78.896576	82.065887	82.001968	0.0	0.0	0.0	0.0	0.0	0.0	0.0	0.0	0.0	0.0	0.0	0.0	0.0	0.0	0.0	0.0	0.0	0.0	0.0	0.0	0.0	0.0	0.0	0.0	0.0	0.0	0.0	0.0	0.0	0.0	0.0	0.0	0.0	0.0	0.0	0.0	0.0	0.0	0.0	0.0	0.0	0.0	0.0	0.0	0.0	0.0	0.0	0.0	0.0	0.0	0.0	0
98.810287	78.679527	0.0	0.0	0.0	0.0	0.0	0.0	0.0	0.0	78.829353	78.920135	0.0	0.0	0.0	0.0	0.0	0.0	0.0	0.0	0.0	0.0	0.0	0.0	0.0	0.0	0.0	0.0	0.0	0.0	0.0	0.0	0.0	0.0	0.0	0.0	0.0	0.0	0.0	0.0	0.0	0.0	81.849533	87.461365	90.638046	92.751831	92.571609	92.571373	100.0	81.635788	90.725143	92.870651	91.409859	81.036049	95.207138	98.428558	98.509552	92.739365	92.210213	92.448944	87.429062	87.575333	98.182053	92.732468	80.967316	81.230896	81.281731	79.103622	78.925888	78.845848	79.020958	79.104004	81.570221	81.672821	0.0	0.0	0.0	0.0	0.0	0.0	0.0	0.0	0.0	0.0	0.0	0.0	0.0	0.0	0.0	0.0	0.0	0.0	0.0	0.0	0.0	0.0	0.0	0.0	0.0	0.0	0.0	0.0	0.0	0.0	0.0	0.0	0.0	0.0	0.0	0.0	0.0	0.0	0.0	0.0	0.0	0.0	0.0	0.0	0.0	0.0	0.0	0.0	0.0	0.0	0.0	0
81.929604	78.188927	0.0	0.0	0.0	78.281746	0.0	0.0	0.0	0.0	0.0	0.0	0.0	0.0	0.0	0.0	0.0	0.0	0.0	0.0	0.0	0.0	0.0	0.0	0.0	0.0	0.0	0.0	0.0	0.0	0.0	0.0	0.0	0.0	0.0	0.0	0.0	0.0	0.0	0.0	0.0	0.0	98.440765	82.631439	81.620796	82.132057	81.853409	81.837067	81.635788	100.0	81.684334	81.959396	81.711342	80.690125	81.50058	81.614288	81.609238	82.00087	81.846405	81.893753	82.287155	82.273514	81.629387	82.064255	80.754921	80.764282	80.629272	79.071014	78.919991	78.709877	78.677719	78.666275	99.09758	98.385872	0.0	0.0	0.0	0.0	0.0	0.0	0.0	0.0	0.0	0.0	0.0	0.0	0.0	0.0	0.0	0.0	0.0	0.0	0.0	0.0	0.0	0.0	0.0	0.0	0.0	0.0	0.0	0.0	0.0	0.0	0.0	0.0	0.0	0.0	0.0	0.0	0.0	0.0	0.0	0.0	0.0	0.0	0.0	0.0	0.0	0.0	0.0	0.0	0.0	0.0	0.0	0
91.19899	0.0	78.692024	0.0	0.0	0.0	0.0	0.0	0.0	0.0	0.0	0.0	0.0	0.0	0.0	0.0	0.0	0.0	0.0	0.0	0.0	0.0	0.0	0.0	0.0	0.0	0.0	0.0	0.0	0.0	0.0	0.0	0.0	0.0	0.0	0.0	0.0	0.0	0.0	0.0	0.0	0.0	81.966064	87.107361	98.998108	92.108223	92.25943	92.274902	90.725143	81.684334	100.0	92.452362	90.515533	80.829697	90.536285	90.689636	90.716461	92.15596	91.650421	92.093437	86.970291	87.088219	90.69072	92.122665	80.768295	80.980156	81.122574	79.283127	79.355408	79.151718	79.013046	79.232101	81.631668	81.775681	0.0	0.0	0.0	0.0	0.0	0.0	0.0	0.0	0.0	0.0	0.0	0.0	0.0	0.0	0.0	0.0	0.0	0.0	0.0	0.0	0.0	0.0	0.0	0.0	0.0	0.0	0.0	0.0	0.0	0.0	0.0	0.0	0.0	0.0	0.0	0.0	0.0	0.0	0.0	0.0	0.0	0.0	0.0	0.0	0.0	0.0	0.0	0.0	0.0	0.0	0.0	0
