1312183.9	240521.3	1841654.4	1736312.3	1535242.3	2171756.3	384.95	391.9	1907415.3	1907413.3	1368430.4	386.189	348824.49	1566260.3	1435607.3	1335060.3	386.162	2364271.4	386.182	396.13	386.161	1736428.3	2067451.4	386.180	754762.3	384.393	1841653.4	2726076.3	2731112.3	2817706.3	387.28	398.14	2613770.3	384.94	698761.4	2806346.3	1571470.3	1986026.4	1703962.3	398.4	1500301.3	1500304.3	908946.3	1335060.80	2583231.6	29449.42	1736358.3	2731096.3	1138194.8	1764276.3	754521.3	2028343.3	2819993.3	887144.4	2603277.3	2182425.3	1120688.3	395491.3	384.432	1538158.11	754764.3	1855304.3	2937795.4	2586991.3	2267833.3	1703971.3	2048897.3	1138189.13	2819999.3	2895568.3	1041147.3	1138190.4	2726075.3	1752526.3	386.179	1033991.3	1184720.8	451876.4	56730.16	648995.38	1368417.4	1532558.3	2795216.3	1736592.3	1736473.3	538025.6	984260.6	50338.5	1736380.3	379684.3	293958.16	2919917.3	1825933.3	2035449.3	1076926.3	1144306.3	1523429.3	1328306.3	484088.4	2849093.3	398.16	1736231.3	2813827.4	2613771.3	1736577.3	363754.4	384.18	1981173.3	1120045.6	1378077.3	2845820.10	1079460.3	386.178	1523420.3	2135650.3	1566263.3	384.1004	1223565.8	387.285
100.0	78.852234	79.550537	78.072449	80.420715	79.130432	80.33371	78.560532	78.630051	78.711868	78.7491	80.279907	79.5588	82.755936	78.40683	78.630829	80.544724	83.436539	80.301834	80.441284	80.462585	78.636414	78.689262	80.248413	80.41655	80.378174	82.837868	78.961258	80.292313	78.600784	80.400352	0.0	80.410904	80.351204	82.947266	78.781631	78.95874	78.79567	80.371353	82.715675	78.902328	79.505371	78.79451	0.0	80.338203	80.003433	78.245399	80.315392	80.293755	79.571381	80.434189	82.7108	79.393814	78.190483	78.658028	79.689995	78.91481	80.374077	80.50338	80.471252	80.404121	78.429588	78.735077	79.31871	78.632568	80.60524	87.713684	80.091881	79.384476	78.887444	87.328102	80.30722	0.0	78.516907	80.417686	80.503319	80.446808	77.828949	79.656006	78.588364	77.736908	78.903839	82.694031	79.485947	77.624947	79.358521	77.519882	79.647415	78.915314	78.883957	84.786789	78.729996	80.301071	80.521362	80.375999	84.90686	78.836411	80.431168	79.977867	80.057487	82.958389	78.236969	78.83049	79.593445	78.614838	83.098206	80.42157	80.296249	79.41214	78.820839	78.847237	79.442017	80.483841	78.477791	78.62175	78.193321	80.286789	80.3386	80.310608
78.852234	100.0	79.118637	78.377625	79.308647	79.332397	79.20752	78.827873	79.65715	80.068619	80.14621	79.306	79.043381	78.905685	78.829674	79.24025	79.25209	79.160652	79.266335	79.269096	79.313217	78.790115	80.140007	79.293434	79.227493	79.443268	79.079819	80.15802	79.162201	79.194283	79.233551	0.0	79.671692	79.144188	79.184418	80.19455	92.114929	80.187088	79.297272	79.140427	78.963913	78.901939	79.253502	0.0	79.295975	79.453949	78.386093	79.153824	79.220352	78.826584	79.214729	79.074127	78.564545	78.860184	80.032585	79.770462	79.381912	79.295021	79.276047	79.203979	79.271759	78.855698	79.057175	78.837669	79.040268	79.361526	79.148178	79.041183	78.61467	79.013596	78.993942	79.282806	77.995506	78.879761	79.32872	79.207169	79.416702	78.490097	78.813019	78.986916	78.022308	79.120552	78.973892	79.123001	78.557121	78.507339	77.890465	78.776169	79.142738	79.640427	79.142746	79.863319	79.146233	79.221931	79.202377	79.299545	80.221283	79.117073	78.485474	79.304138	79.252869	78.843643	87.004639	79.114014	79.050591	79.101532	79.148636	79.188263	78.993965	79.071075	80.279114	78.612366	79.252388	79.672226	78.614716	78.587616	79.362411	79.340134	79.181122
79.550537	79.118637	100.0	78.449959	80.930069	79.301559	80.943207	78.580765	78.929039	79.205299	79.217178	81.066711	82.327942	79.843849	78.869827	78.851166	81.214325	80.156937	81.040604	81.000076	81.222183	78.973862	79.286118	81.004181	81.049187	81.005142	79.904274	79.191292	80.874512	78.782806	80.914551	0.0	82.023964	81.115143	79.920776	79.101913	79.363556	79.269371	81.059532	79.938538	78.96196	82.505295	79.178421	0.0	81.091393	83.597267	78.474632	81.012634	80.936676	82.414139	80.962601	79.888046	79.142502	78.366646	78.946915	79.814865	78.880417	81.065384	80.902618	81.183273	81.145157	78.676682	79.016541	82.661804	78.767532	81.254761	79.845673	80.656822	79.078888	79.070953	79.784882	80.971458	0.0	78.839882	81.118347	80.932556	81.02581	78.142906	80.857986	78.687378	78.087265	78.821465	79.762604	83.605461	78.01709	80.571091	77.889587	80.828796	79.178986	79.038872	80.032204	79.084137	81.017044	81.206322	81.052452	79.990891	79.288223	80.82814	79.426292	80.811523	79.803085	78.798981	79.151642	84.077248	78.737457	79.90316	80.910507	80.783379	82.777542	79.012245	79.12088	80.881927	81.015518	78.889984	78.855362	78.5224	81.016457	81.118248	81.028503
78.072449	78.377625	78.449959	100.0	78.143135	78.304108	78.23082	78.338013	78.182755	78.471237	78.527	78.176712	78.182968	78.164108	78.179871	77.936333	78.296837	78.269058	78.288635	78.347534	78.351334	78.363564	78.602028	78.193741	78.358429	78.169441	78.452438	78.743713	78.084976	80.422058	78.106079	0.0	78.799759	78.064758	78.390854	78.566277	78.50975	78.578094	78.199249	78.170639	78.033165	78.083069	77.700325	0.0	78.127274	78.651291	78.160202	78.23703	78.025139	78.081535	78.169205	78.125847	78.058319	78.340073	78.398598	78.497177	78.343964	78.290733	78.312469	78.308128	78.25634	80.509819	78.457932	78.153603	80.554932	78.358704	78.108856	78.26918	77.918274	78.339302	78.190109	78.187256	79.296242	80.479195	78.137695	78.14257	78.266922	78.347603	78.027069	80.253799	83.252129	78.054245	78.305496	78.353394	78.266129	77.888763	82.874001	77.839775	78.275703	78.665764	78.192963	78.441238	78.197845	78.178101	78.122688	78.468277	78.481438	78.106743	77.903938	78.386414	78.19516	80.78479	78.362915	78.519478	80.402496	78.217751	78.112091	78.06752	78.080475	80.588097	78.574173	77.739532	78.22229	78.278412	77.986526	78.230156	78.001175	78.142685	78.037376
80.420715	79.308647	80.930069	78.143135	100.0	79.942116	87.543045	78.980141	79.130783	79.276848	79.368469	87.569344	80.913551	80.597443	78.987137	79.198341	89.124725	81.242142	87.55864	92.242615	89.048286	79.117859	79.329178	87.495415	88.177383	87.632675	80.511597	79.792053	88.160378	79.093246	87.787056	0.0	82.5961	87.734497	80.697075	79.207428	79.40815	79.55555	89.640869	80.575081	79.606873	80.807861	79.412369	0.0	87.723984	81.885201	78.953835	87.850388	88.176704	80.875038	87.713882	80.483566	79.627609	78.677986	79.324799	80.523163	79.693871	87.509834	87.712204	88.751556	88.462219	78.703568	79.188423	80.879341	78.993958	89.496162	80.925446	87.719475	79.586082	79.533684	80.668182	90.808289	0.0	79.101936	87.7276	87.934135	87.92038	77.957848	81.749069	78.796135	77.71299	79.532349	80.467911	80.910904	77.846596	82.769211	77.524673	81.517982	79.448914	79.427933	80.853317	79.108978	87.559647	93.664932	87.543106	80.933105	79.33609	89.253586	79.788681	83.079758	80.649323	78.67247	79.506859	80.955223	78.879852	80.8255	87.592941	87.820251	80.871078	79.193558	79.411819	81.617661	87.655853	78.936897	79.255463	78.687302	87.654785	88.150124	87.582748
79.130432	79.332397	79.301559	78.304108	79.942116	100.0	79.932617	78.778076	79.266983	79.125443	79.281242	79.917084	79.080994	79.219193	79.804581	80.130356	80.019615	79.442642	79.867294	79.964233	80.067215	78.789902	79.398605	79.748184	79.945786	79.948013	79.114136	79.629791	79.887184	79.249573	80.103058	0.0	80.045158	79.88623	79.319366	79.414536	79.594582	79.552658	79.89592	79.339706	79.162224	78.983757	79.268066	0.0	80.045319	79.76268	78.405411	79.741257	79.811584	78.976128	79.838478	79.209435	78.86467	78.444397	79.363197	80.304016	81.384644	79.768669	80.014236	80.011658	79.874893	78.827682	81.774353	79.00106	79.069267	79.932701	79.365494	80.037727	78.793274	78.973022	79.161453	79.914848	77.645615	79.1353	80.080994	79.835701	80.046844	78.25856	79.216507	78.798737	77.958313	83.192795	79.333267	79.236969	78.212898	78.915955	77.785995	79.130661	79.27124	80.312294	79.356506	79.298416	79.802231	80.077927	79.998367	79.495712	79.18544	79.774803	78.647438	79.823227	79.293137	78.453796	79.573944	79.225708	79.014404	79.375572	79.990326	79.71434	79.070694	79.219177	79.194946	79.086624	79.881958	79.124939	78.960861	78.496986	79.980827	80.036118	79.956154
80.33371	79.20752	80.943207	78.23082	87.543045	79.932617	100.0	79.110405	79.008865	79.256676	79.214157	93.424973	81.172699	80.337517	79.062683	79.09964	88.721581	80.813766	97.435394	87.50705	88.897926	79.1362	79.239212	97.512276	88.986755	93.148941	80.45816	79.583824	87.133148	79.034157	92.382973	0.0	82.517578	94.464981	80.497787	79.175766	79.491547	79.46846	87.395477	80.463646	79.87619	80.673157	79.234177	0.0	92.741684	81.728851	78.693542	89.277069	87.380486	80.95752	93.180595	80.351532	79.49894	78.554306	79.191711	80.483574	79.520233	92.678162	92.275482	88.718513	88.730423	78.764969	78.872803	80.781937	78.979965	88.726341	80.759628	86.81147	79.563248	79.762161	80.54023	87.270569	0.0	78.929077	92.816238	88.740585	91.434937	78.149551	81.844437	78.759766	77.775925	79.48558	80.472076	80.775291	77.86058	81.364189	77.657837	81.981453	79.308517	79.523109	80.961845	79.117615	93.296692	88.05365	92.084915	80.998383	79.424072	86.929062	79.931747	82.898224	80.431671	78.466461	79.404877	80.830826	78.837341	80.65152	92.149353	86.795395	80.759659	78.969879	79.287971	81.802238	93.206627	78.937119	79.153564	78.672363	94.752747	87.581665	92.346596
78.560532	78.827873	78.580765	78.338013	78.980141	78.778076	79.110405	100.0	78.67128	78.702454	79.178101	78.995728	78.531685	78.755096	78.816879	79.021233	79.224602	78.941681	79.003387	79.082756	79.348602	79.564392	79.077011	79.154724	79.247498	79.067429	78.692719	79.470428	79.023376	78.598038	79.07563	0.0	79.381195	79.097244	78.714828	78.929825	79.078735	78.979271	79.132149	78.824265	79.933762	78.25676	79.366013	0.0	79.044128	79.246803	85.241631	79.030396	78.964645	78.438797	79.0746	78.821297	78.494781	78.451729	78.95063	79.344727	79.336922	78.999092	79.115135	79.137253	79.122391	78.459427	78.54409	78.400787	79.091003	79.313286	78.813461	78.850769	78.700264	79.987015	78.603821	79.188126	0.0	78.489906	79.224869	79.181976	79.1175	78.16777	78.412888	78.747223	77.714066	78.671135	78.73101	78.763733	78.01339	78.29361	77.655403	78.556763	79.865318	79.300476	78.941994	78.733383	79.070251	79.131279	79.072937	78.919983	78.79393	78.921013	78.467056	78.820297	78.835426	78.133759	78.938789	78.866402	78.562325	78.640701	79.230316	78.881088	78.527725	78.654869	79.199051	78.174164	78.994537	78.790733	92.671371	89.703827	79.024521	78.985451	79.115067
78.630051	79.65715	78.929039	78.182755	79.130783	79.266983	79.008865	78.67128	100.0	79.949173	80.12796	79.077316	78.669662	78.909027	78.891052	79.106255	79.184204	78.933105	78.984268	79.191406	79.272034	78.707619	80.176407	78.951904	79.184219	78.892807	78.992569	80.512703	79.021667	78.90921	79.224159	0.0	79.494675	79.110291	78.896225	80.049896	79.862862	80.30925	79.201057	78.950348	78.926407	78.630646	79.014671	0.0	79.089104	79.242386	78.556808	78.831139	79.109085	78.608505	79.007507	78.823624	78.390289	79.07608	79.986176	79.599854	78.927643	79.083832	79.091995	79.142166	79.087631	78.697838	79.164391	78.493538	78.870026	79.207619	78.966492	78.962631	78.405388	78.959267	78.843483	79.092163	0.0	78.771515	79.187927	79.162926	79.185799	78.324493	78.567322	78.736382	77.886108	78.811462	78.891541	78.880173	78.367325	78.345001	77.883026	78.588531	79.115166	79.765495	78.943634	79.930473	79.011696	79.123093	79.04715	79.017502	80.130722	79.008087	78.447632	78.897369	78.866951	78.602905	79.80954	78.789734	78.658646	78.878601	79.096573	79.010635	78.649078	78.948669	80.144135	78.483521	79.064346	79.706398	78.941025	78.602051	78.967209	78.999802	79.016205
78.711868	80.068619	79.205299	78.471237	79.276848	79.125443	79.256676	78.702454	79.949173	100.0	91.369171	79.340034	78.824539	79.017532	78.714752	79.125153	79.441254	79.109863	79.204613	79.476448	79.426926	78.924553	87.316254	79.249435	79.29245	79.283051	78.97403	80.258545	79.270439	79.039688	79.297729	0.0	79.754181	79.185715	79.010811	81.291267	80.265137	83.940376	79.311722	78.93222	78.944855	78.805862	78.989449	0.0	79.417625	79.564011	78.614822	79.16687	79.171288	78.816681	79.294586	78.946152	78.631287	79.037674	86.346069	79.525375	79.158218	79.269577	79.371262	79.42498	79.424271	78.647835	79.186127	78.938492	78.838173	79.383865	78.91449	78.88208	78.514717	79.169914	78.891838	79.154678	78.055084	78.850136	79.317764	79.220383	79.372696	78.400452	78.710266	78.738983	78.04203	78.846466	78.957825	79.041725	78.43837	78.363144	77.863831	78.675247	79.292809	80.1707	78.987701	85.041771	79.231247	79.092278	79.100891	79.043335	93.165924	79.094963	78.487518	79.128021	78.990944	78.845596	80.207504	79.096008	78.888489	79.031555	79.231415	78.97406	79.008255	78.94413	81.570251	78.614288	79.298203	82.552643	78.92173	78.623932	79.272301	79.133392	79.250702
78.7491	80.14621	79.217178	78.527	79.368469	79.281242	79.214157	79.178101	80.12796	91.369171	100.0	79.358749	78.922325	79.077698	79.091591	79.415695	79.318176	79.148499	79.253967	79.435806	79.447586	79.008926	86.732132	79.193558	79.330154	79.481339	79.195724	80.241379	79.335106	79.061806	79.294067	0.0	79.623077	79.37262	79.166191	81.311691	80.435135	83.868248	79.383698	79.136597	78.886002	79.081223	79.206696	0.0	79.401001	79.873947	78.867157	79.182526	79.113892	78.974091	79.478989	79.06192	78.820648	79.381668	85.986153	79.728165	79.510895	79.379288	79.317619	79.398186	79.388718	78.783813	79.25148	78.871033	79.380676	79.459251	79.05835	79.058823	78.75354	79.101425	79.077309	79.197754	77.825638	79.034073	79.365112	79.250046	79.363632	78.911316	78.784798	79.54734	77.980087	78.943878	79.154709	79.052338	78.690552	78.704346	77.994873	78.795258	79.249359	80.356659	78.961487	84.977638	79.326355	79.29335	79.266258	79.083748	91.745842	79.36377	78.601135	79.103455	79.108757	78.81707	80.656235	79.194382	79.174896	79.081665	79.341019	79.174789	79.048233	79.146553	81.830154	78.689438	79.436554	82.35215	79.155212	78.807419	79.311554	79.300781	79.396164
80.279907	79.306	81.066711	78.176712	87.569344	79.917084	93.424973	78.995728	79.077316	79.340034	79.358749	100.0	81.011787	80.37796	78.929489	79.108032	88.793869	80.746643	93.791	87.564819	88.906464	79.141418	79.290344	93.54335	88.98465	93.464539	80.492874	79.623444	87.138947	79.060333	93.176712	0.0	82.620216	94.146759	80.601868	79.326874	79.404213	79.460754	87.243446	80.618088	79.672546	80.707626	79.441017	0.0	93.683167	81.892838	78.856079	89.269058	87.310432	80.935638	93.570831	80.346512	79.797653	78.461266	79.244125	80.483513	79.557297	94.320587	93.057678	88.866516	88.822716	78.850311	79.040993	80.900604	79.052719	88.86541	80.697235	86.689285	79.726349	79.63205	80.5802	87.285172	0.0	79.070107	94.028526	88.782631	91.123123	77.98008	81.831833	78.773285	77.814789	79.432327	80.433975	81.013573	77.786491	81.308197	77.662369	81.927338	79.456818	79.35556	80.860283	79.099686	94.382202	87.9552	92.898384	81.006256	79.327583	86.918213	79.827393	82.915825	80.458931	78.519974	79.482056	80.982582	78.891495	80.72773	93.02449	86.831116	80.804802	79.008331	79.379799	81.771042	93.468559	78.896835	79.112335	78.726562	93.956879	87.751816	92.520782
79.5588	79.043381	82.327942	78.182968	80.913551	79.080994	81.172699	78.531685	78.669662	78.824539	78.922325	81.011787	100.0	79.629181	78.657791	78.836746	81.131821	79.98407	81.191147	81.033783	81.205261	79.021072	78.845261	81.451935	81.047607	81.419861	79.730652	78.848862	80.8218	78.496857	81.119171	0.0	81.58374	81.21814	79.754013	78.748718	79.032837	78.788261	81.06749	79.746964	79.472519	85.112961	78.745636	0.0	81.151009	81.861031	78.310043	81.100067	80.951775	86.732864	81.349777	79.529587	79.045555	78.077057	78.78833	79.392136	78.920067	81.095909	81.188705	81.036758	81.063858	78.527168	78.787857	85.590118	78.68721	81.171066	79.856216	80.69606	78.939178	79.006065	79.584351	80.864029	0.0	78.553131	81.107758	80.900124	81.1539	77.913589	81.320023	78.544479	77.759338	78.605011	79.606293	83.044128	77.967224	80.857567	77.826248	81.172226	79.143837	79.058502	79.605736	78.780403	81.037598	81.113327	81.048569	79.762871	78.888184	80.810028	79.2929	80.63591	79.679214	78.339325	78.808693	83.21701	78.638062	79.937698	81.472954	80.749245	85.516632	78.596497	78.751503	81.551231	81.377281	78.424026	78.651443	78.46228	81.21917	81.052979	81.070793
82.755936	78.905685	79.843849	78.164108	80.597443	79.219193	80.337517	78.755096	78.909027	79.017532	79.077698	80.37796	79.629181	100.0	78.775703	78.798676	80.556854	87.166794	80.483978	80.670349	80.66761	78.861069	79.047806	80.450317	80.392525	80.449837	84.732246	79.216393	80.407318	78.851883	80.420349	0.0	80.684357	80.405579	94.789825	78.911484	79.175514	78.965668	80.436134	87.222443	78.910782	79.531609	78.973434	0.0	80.51413	80.183914	78.456505	80.279686	80.35096	79.690674	80.463959	90.289047	79.405121	78.396149	78.91507	79.948654	79.010117	80.376167	80.490395	80.657356	80.613022	78.646957	78.880264	79.507988	78.837967	80.649841	83.127396	80.078377	79.270981	79.050247	82.838348	80.45961	0.0	78.901283	80.480225	80.419518	80.623749	77.981155	79.636841	78.796753	77.914642	78.756012	89.80191	79.797531	77.96933	79.482246	77.74559	79.550415	79.120995	79.004211	82.97168	79.023605	80.378952	80.590729	80.476303	83.2836	78.986008	80.439972	79.86554	80.489037	88.066742	78.504837	78.907234	79.660873	78.638123	85.864868	80.339432	80.218742	79.603439	79.018639	78.981819	79.48996	80.40593	78.811874	78.794586	78.422485	80.52037	80.545624	80.428894
78.40683	78.829674	78.869827	78.179871	78.987137	79.804581	79.062683	78.816879	78.891052	78.714752	79.091591	78.929489	78.657791	78.775703	100.0	83.570969	79.080017	78.773407	78.998901	79.128845	79.015038	78.477013	79.063721	78.927536	78.945755	79.03476	78.577492	78.919434	78.90509	78.679932	78.912659	0.0	79.272179	78.99884	78.926598	78.929276	79.120735	78.983658	78.921738	78.703934	78.536087	78.633881	78.97966	0.0	78.968613	78.96032	78.498878	78.798874	78.963242	78.695015	78.960571	78.712486	78.51545	78.176964	79.092308	79.150101	80.014336	78.816589	78.878288	79.057053	79.045189	78.352921	79.778725	78.57753	78.550461	78.943947	78.739502	79.01207	78.4412	78.270042	78.577606	78.982727	0.0	78.523827	78.958832	79.144638	79.027069	78.333679	78.739288	78.727356	77.828712	79.684044	78.683876	78.896484	78.239029	78.427597	77.542404	78.585846	78.513451	79.490074	78.438217	78.975471	78.905334	79.080261	78.740982	78.446335	79.012894	78.941177	78.428139	78.802139	78.764542	78.317673	79.16478	78.81208	78.615967	78.789589	79.009239	78.825516	78.797958	78.501495	78.942551	78.48835	78.979416	78.754913	78.673462	78.426331	78.992569	78.796875	79.026627
78.630829	79.24025	78.851166	77.936333	79.198341	80.130356	79.09964	79.021233	79.106255	79.125153	79.415695	79.108032	78.836746	78.798676	83.570969	100.0	79.39856	78.938599	79.24865	79.324799	79.502457	78.447083	79.478012	79.217575	79.176842	79.217789	78.801208	79.210808	79.231186	78.743843	79.343925	0.0	79.34491	79.33873	79.075523	79.019608	79.332748	79.088425	79.185043	78.726883	78.760132	78.852608	79.333923	0.0	79.125549	79.452354	78.712471	79.07048	79.104431	78.693924	79.186699	78.8461	78.514832	78.242867	79.217529	79.754997	80.365685	79.221779	79.090286	79.168503	79.309563	78.605492	80.046738	78.72789	78.694008	79.467545	78.887894	79.191147	78.332779	78.575066	78.696243	79.253372	0.0	78.444046	79.122818	79.22081	79.32328	78.874878	78.858566	79.189537	77.756866	79.954666	78.858978	78.867355	78.326851	78.83429	77.696701	78.973465	78.907089	80.141342	78.71727	79.083084	79.079025	79.39856	79.168365	78.890198	79.22084	79.084549	78.328522	79.043396	79.058716	78.349533	79.897186	78.875183	79.355469	78.912956	79.211319	79.23233	78.749664	78.780289	79.25042	78.74678	79.178307	78.846832	78.837234	78.472511	79.205238	79.162399	79.147278
80.544724	79.25209	81.214325	78.296837	89.124725	80.019615	88.721581	79.224602	79.184204	79.441254	79.318176	88.793869	81.131821	80.556854	79.080017	79.39856	100.0	81.523994	88.819061	89.465393	96.002281	79.382523	79.427734	88.728127	90.421875	88.906143	80.64695	79.914398	87.625885	79.207947	88.880707	0.0	82.820847	88.900391	80.804337	79.434158	79.370087	79.671677	88.373138	80.784332	79.742378	80.760979	79.531708	0.0	88.810989	82.167221	78.949326	90.323563	87.525848	80.997421	88.932121	80.510208	79.800919	78.719437	79.501144	80.787689	79.810295	88.850616	88.8573	92.354469	91.739182	78.843903	79.212181	80.986191	79.184677	96.004593	81.124748	86.89296	79.735916	79.506165	81.156723	88.354416	77.663857	79.176849	88.90596	90.240471	89.067421	77.925941	81.617996	78.981049	77.931549	79.503998	80.690292	81.14949	77.743164	82.168106	77.635887	81.60939	79.794525	79.628571	80.929565	79.291252	88.850929	89.358109	88.616898	81.106094	79.408981	87.766052	80.037125	83.053589	80.76458	78.553917	79.751984	81.030167	79.185066	81.24614	88.670975	87.131256	80.943222	79.32576	79.518097	81.511017	88.873222	79.034271	79.325752	78.767563	88.841614	87.966095	88.679306
83.436539	79.160652	80.156937	78.269058	81.242142	79.442642	80.813766	78.941681	78.933105	79.109863	79.148499	80.746643	79.98407	87.166794	78.773407	78.938599	81.523994	100.0	80.764404	81.069122	81.533699	78.908333	79.147827	80.69194	80.846657	80.817657	85.64389	79.353134	80.607697	79.018829	80.868866	0.0	81.010025	80.751953	88.447662	79.213104	79.424515	79.199142	80.828331	86.86972	79.179016	79.674789	79.075851	0.0	80.841125	80.659958	78.69239	80.769424	80.729736	79.879944	80.772911	87.324188	79.634995	78.433495	79.115044	79.991905	79.322617	80.694176	80.88765	81.398354	81.183411	78.786621	79.052055	79.789856	78.998253	81.10994	84.421585	80.38475	79.679039	79.271873	85.244263	80.623276	0.0	78.866074	80.9077	80.76226	80.888435	77.87085	80.090996	78.636345	77.822441	79.074142	87.11441	79.92691	77.777954	79.76149	77.687286	79.758621	79.231995	79.301926	83.634003	79.106827	80.806427	81.061874	80.834351	83.940231	79.205551	80.941238	80.246582	80.628281	90.034973	78.518333	79.098785	79.923225	78.856255	87.771278	80.806305	80.781799	79.910027	78.952705	79.09671	79.907585	80.768028	78.827805	78.995461	78.558914	80.753998	80.872131	80.835747
80.301834	79.266335	81.040604	78.288635	87.55864	79.867294	97.435394	79.003387	78.984268	79.204613	79.253967	93.791	81.191147	80.483978	78.998901	79.24865	88.819061	80.764404	100.0	87.555923	88.972694	79.139496	79.255646	98.165894	88.938835	93.234116	80.501122	79.615501	87.169006	78.985245	92.377052	0.0	82.602936	94.387054	80.503281	79.222687	79.424469	79.43174	87.38195	80.460907	79.775589	80.661934	79.250931	0.0	92.822128	81.792572	78.792542	89.247383	87.405785	81.065628	93.193161	80.357254	79.783264	78.483398	79.167992	80.474426	79.638748	92.750641	92.343399	88.782318	88.789108	78.768044	78.939072	80.812195	78.955933	88.8508	80.779434	86.714371	79.751373	79.660782	80.603897	87.260399	77.65847	78.942123	93.13913	88.856262	91.459747	78.120224	81.966141	78.860382	77.779572	79.49588	80.445114	80.97744	77.866837	81.324448	77.577332	82.053497	79.342804	79.558823	80.981934	79.076828	93.686859	88.044624	92.116936	81.046021	79.3526	87.004875	79.992081	83.016487	80.406509	78.370911	79.519669	80.94545	78.890228	80.699707	92.206902	86.823372	80.747192	79.035645	79.275497	81.782646	93.19413	78.820511	79.096924	78.5867	94.883896	87.762619	92.279045
80.441284	79.269096	81.000076	78.347534	92.242615	79.964233	87.50705	79.082756	79.191406	79.476448	79.435806	87.564819	81.033783	80.670349	79.128845	79.324799	89.465393	81.069122	87.555923	100.0	89.407379	79.181709	79.362396	87.504257	88.194443	87.611946	80.472473	79.963867	88.252144	79.125015	87.706566	0.0	82.723503	87.733742	80.81192	79.458694	79.504501	79.511902	90.270721	80.763809	79.772408	80.876633	79.583504	0.0	87.607834	81.909164	78.915115	87.877136	88.077118	81.199402	87.668777	80.588257	79.76857	78.710083	79.425133	80.580856	79.775406	87.572388	87.691101	88.934944	88.563835	78.911224	79.445343	80.916954	79.093536	89.899574	80.979675	87.543076	79.785912	79.603165	80.881119	92.073227	0.0	79.050636	87.685432	88.055542	87.937531	78.073097	81.617615	78.861679	77.845856	79.572289	80.601181	81.004944	77.920517	82.924141	77.640259	81.473694	79.703468	79.625778	81.040642	79.269623	87.607971	92.374496	87.527695	81.052353	79.432014	89.606995	79.874664	83.12796	80.832596	78.598495	79.553314	81.118332	78.919373	80.92038	87.43541	87.948967	80.947662	79.367249	79.490814	81.446625	87.632866	78.908295	79.384781	78.869652	87.662422	88.367271	87.49736
80.462585	79.313217	81.222183	78.351334	89.048286	80.067215	88.897926	79.348602	79.272034	79.426926	79.447586	88.906464	81.205261	80.66761	79.015038	79.502457	96.002281	81.533699	88.972694	89.407379	100.0	79.409241	79.477844	88.839066	90.630058	88.918015	80.711136	79.978363	87.715302	79.297791	89.00399	0.0	82.871613	89.089745	81.073235	79.4086	79.488853	79.708603	88.318047	80.897934	79.805588	80.760841	79.561859	0.0	89.023727	82.13739	79.045624	90.467056	87.608734	81.115112	89.03038	80.575699	79.811592	78.740219	79.391647	80.848221	79.899139	88.948463	88.992447	92.539566	91.740097	78.905785	79.433487	81.045532	79.148476	96.699814	81.071182	87.00853	79.74337	79.782623	81.23584	88.368973	77.533401	79.230263	88.972137	90.482452	89.306419	77.884689	81.867432	78.960205	77.91095	79.628098	80.697311	81.090256	77.741257	82.130173	77.676971	81.720535	79.716049	79.60788	81.048248	79.379982	88.945724	89.342728	88.837593	81.23716	79.421478	87.913467	80.106842	83.223511	80.848572	78.535347	79.820312	81.129532	78.996918	81.360275	88.805038	87.338165	80.928589	79.373978	79.616455	81.707283	88.975937	79.154068	79.469955	78.890343	89.038147	88.069946	88.795647
78.636414	78.790115	78.973862	78.363564	79.117859	78.789902	79.1362	79.564392	78.707619	78.924553	79.008926	79.141418	79.021072	78.861069	78.477013	78.447083	79.382523	78.908333	79.139496	79.181709	79.409241	100.0	79.116669	79.340073	79.322632	79.237747	78.976257	79.391464	79.312973	78.722733	79.290871	0.0	79.481369	79.171654	79.031784	79.248428	78.896561	79.250259	79.072372	78.9133	82.959274	78.638649	79.178802	0.0	79.132202	79.360847	79.414764	79.352051	79.126022	78.590988	79.033058	78.852112	78.649948	78.449615	79.015198	79.56601	78.744553	79.216034	79.144241	79.386681	79.425865	78.586258	78.380768	78.589211	78.700371	79.321121	78.716858	79.094658	78.599411	87.047417	78.843674	79.31337	77.726494	78.63118	79.288864	79.19281	79.500458	77.936111	78.611984	78.552193	77.926682	78.367989	78.828522	78.881805	77.629623	78.530838	77.893349	78.594711	83.059631	78.719566	79.057098	78.991776	79.234283	79.24749	79.169525	78.994492	79.010155	78.996246	78.438843	78.889847	79.057655	78.393295	78.687553	78.73069	78.735497	78.878098	79.418465	78.844475	78.697662	78.796623	79.238541	78.520645	78.987495	78.854965	79.798172	79.292534	79.211876	79.115341	79.020248
78.689262	80.140007	79.286118	78.602028	79.329178	79.398605	79.239212	79.077011	80.176407	87.316254	86.732132	79.290344	78.845261	79.047806	79.063721	79.478012	79.427734	79.147827	79.255646	79.362396	79.477844	79.116669	100.0	79.179749	79.231079	79.333488	78.96447	80.272514	79.268265	79.105392	79.340012	0.0	79.851639	79.176605	79.252151	81.499352	80.374756	84.411743	79.308517	79.16275	79.158806	79.079041	79.25853	0.0	79.263306	79.833008	78.623199	79.150452	79.302658	78.84996	79.319733	78.986031	78.8368	79.053085	87.271408	79.703407	79.236938	79.265884	79.240959	79.33596	79.330269	78.764633	79.268967	78.996017	79.009399	79.435905	79.00061	78.990402	78.679367	79.30172	79.022141	79.250748	77.71479	79.059151	79.305969	79.264999	79.340454	79.063644	78.999725	79.505424	78.202057	78.994965	79.033913	79.149467	78.711334	78.57959	78.029434	78.784882	79.303452	80.714798	78.979355	85.994492	79.301216	79.299728	79.255417	79.222572	87.206772	79.118637	78.620438	79.106689	79.051514	78.782867	80.618378	79.382324	79.00148	79.26297	79.243423	79.075119	79.029205	79.124992	82.069122	78.861404	79.363663	82.878761	79.187469	78.861877	79.210068	79.328888	79.323502
80.248413	79.293434	81.004181	78.193741	87.495415	79.748184	97.512276	79.154724	78.951904	79.249435	79.193558	93.54335	81.451935	80.450317	78.927536	79.217575	88.728127	80.69194	98.165894	87.504257	88.839066	79.340073	79.179749	100.0	88.957977	93.267204	80.519539	79.596939	87.210579	78.959641	92.395386	0.0	82.604553	94.407227	80.532745	79.110596	79.422989	79.432518	87.426971	80.454124	79.797119	80.633743	79.261353	0.0	92.809174	81.773041	78.732605	89.438339	87.431984	80.985237	93.299957	80.288589	79.693863	78.500107	79.324303	80.467453	79.636398	92.849434	92.278992	88.739326	88.756523	78.770828	78.977417	80.769646	79.017807	88.803162	80.703949	86.78096	79.734367	79.85701	80.616516	87.303085	0.0	78.890633	92.914108	88.719955	91.450668	78.049179	81.884308	78.84877	77.747437	79.433746	80.381134	80.987694	77.864426	81.363945	77.727623	81.907303	79.403824	79.533264	80.846878	78.990433	93.489449	87.993225	92.129135	80.968079	79.351852	86.971527	80.003098	82.986115	80.353561	78.451553	79.451324	80.842674	78.912743	80.767479	92.227448	86.781784	80.805359	78.986565	79.27626	81.80719	93.297119	78.931885	79.206833	78.627151	94.884094	87.701599	92.373268
80.41655	79.227493	81.049187	78.358429	88.177383	79.945786	88.986755	79.247498	79.184219	79.29245	79.330154	88.98465	81.047607	80.392525	78.945755	79.176842	90.421875	80.846657	88.938835	88.194443	90.630058	79.322632	79.231079	88.957977	100.0	89.070686	80.633202	79.69899	87.705399	79.174438	88.880302	0.0	82.835823	89.173294	80.633125	79.42804	79.495117	79.475204	87.862106	80.673157	79.805244	80.667404	79.302338	0.0	89.090858	81.865685	78.880707	90.0476	87.609192	80.940521	89.099365	80.471092	79.611778	78.714111	79.26825	80.613342	79.69899	88.900146	89.053978	90.992355	90.994186	78.922348	79.269424	80.97113	79.302483	90.543076	80.828781	86.882126	79.681793	79.717819	80.72702	87.759453	0.0	79.040764	89.095352	92.28978	89.197266	77.905197	81.60392	78.782639	77.939758	79.484329	80.456772	81.024483	77.826302	81.201538	77.632271	81.580139	79.532768	79.436844	80.845863	79.119171	89.032524	88.427444	88.814499	81.079987	79.409996	87.506973	79.737274	83.093384	80.524063	78.62748	79.499832	81.062355	78.964951	80.760056	88.895828	87.312225	80.930664	79.201843	79.290596	81.618546	89.08725	78.894547	79.263054	78.704178	89.058868	87.716629	88.909828
80.378174	79.443268	81.005142	78.169441	87.632675	79.948013	93.148941	79.067429	78.892807	79.283051	79.481339	93.464539	81.419861	80.449837	79.03476	79.217789	88.906143	80.817657	93.234116	87.611946	88.918015	79.237747	79.333488	93.267204	89.070686	100.0	80.505684	79.742966	87.328705	79.060974	92.907852	0.0	82.659248	93.941574	80.601196	79.41066	79.583138	79.658096	87.400787	80.569962	79.68132	80.672699	79.317749	0.0	93.534042	81.767319	78.768074	89.495712	87.707794	81.041336	97.894653	80.458939	79.722	78.595116	79.347755	80.584435	79.747139	93.446617	93.033356	88.869072	88.938393	78.824402	79.016678	80.81311	78.998322	88.89077	80.682655	86.868332	79.667526	79.540504	80.694321	87.467178	0.0	79.083099	93.706573	88.923813	91.273949	78.055893	81.909706	78.745544	77.856995	79.585495	80.521667	80.845825	77.838326	81.361328	77.591583	82.188751	79.492065	79.598755	80.894447	79.282295	93.057449	88.021881	92.706497	81.010971	79.224731	87.09549	80.05394	83.058067	80.541901	78.560638	79.586876	81.106033	78.974426	80.739975	92.728821	86.895355	80.866737	79.061996	79.385048	81.780273	98.00415	79.13681	79.105682	78.751419	93.963135	87.753242	94.038452
82.837868	79.079819	79.904274	78.452438	80.511597	79.114136	80.45816	78.692719	78.992569	78.97403	79.195724	80.492874	79.730652	84.732246	78.577492	78.801208	80.64695	85.64389	80.501122	80.472473	80.711136	78.976257	78.96447	80.519539	80.633202	80.505684	100.0	79.305222	80.559959	79.075127	80.556427	0.0	80.790421	80.410744	84.947067	79.062531	79.153732	79.121033	80.460861	85.279297	78.949356	79.523773	78.838142	0.0	80.638641	80.291885	78.471878	80.461212	80.429932	79.725342	80.406998	84.763649	79.590401	78.47998	79.151588	79.925674	79.152863	80.496307	80.505569	80.648445	80.65345	78.666412	78.830048	79.585762	78.844833	80.686684	83.290627	80.127579	79.520538	79.071426	83.040527	80.566437	0.0	78.908539	80.59404	80.548683	80.677521	77.999878	79.702126	78.765648	77.953972	78.812851	84.809387	79.82016	77.971893	79.509903	77.720978	79.618019	79.201912	79.152184	83.687271	78.964554	80.43486	80.592758	80.492607	83.926376	79.116089	80.408394	79.94519	80.38739	85.019043	78.641968	79.016129	79.85112	78.769531	85.664734	80.648926	80.340797	79.620171	78.861816	79.052414	79.620132	80.479881	78.913803	78.795891	78.596504	80.510529	80.514099	80.406952
78.961258	80.15802	79.191292	78.743713	79.792053	79.629791	79.583824	79.470428	80.512703	80.258545	80.241379	79.623444	78.848862	79.216393	78.919434	79.210808	79.914398	79.353134	79.615501	79.963867	79.978363	79.391464	80.272514	79.596939	79.69899	79.742966	79.305222	100.0	79.679001	79.161011	79.696541	0.0	79.813988	79.670395	79.134888	80.832108	80.597748	80.656021	79.736618	79.278412	79.459366	78.762978	79.227829	0.0	79.686165	79.66777	78.773254	79.703613	79.495491	78.644653	79.725487	79.297241	79.466293	79.816193	80.522583	80.29435	79.686615	79.684692	79.612488	79.911636	79.900543	79.008423	79.085052	78.760742	79.207947	79.854782	79.271866	79.231186	79.288345	79.648544	79.111069	79.52829	77.701241	79.133095	79.684952	79.816856	79.794975	78.292511	78.821777	79.079597	78.284653	79.289635	79.210464	79.039337	78.435638	78.566666	78.27478	78.96685	79.59491	79.974533	79.438377	79.981857	79.673798	79.879478	79.590607	79.572418	80.298363	79.558357	78.777924	79.26825	79.298111	78.734779	80.480858	79.167175	79.176147	79.187347	79.676727	79.397202	78.921921	79.244476	81.483826	78.75634	79.747345	79.978592	79.368881	79.02887	79.630875	79.486565	79.650528
80.292313	79.162201	80.874512	78.084976	88.160378	79.887184	87.133148	79.023376	79.021667	79.270439	79.335106	87.138947	80.8218	80.407318	78.90509	79.231186	87.625885	80.607697	87.169006	88.252144	87.715302	79.312973	79.268265	87.210579	87.705399	87.328705	80.559959	79.679001	100.0	79.099579	87.307663	0.0	82.406509	87.467316	80.537682	79.199936	79.396706	79.341171	92.837265	80.440521	79.522308	80.617577	79.403427	0.0	87.489014	81.698303	78.758591	87.302811	89.630188	80.928185	87.295639	80.319313	79.607819	78.501923	79.192093	80.303436	79.667694	87.096649	87.403442	87.596771	87.575378	78.837189	79.045601	80.812119	79.069229	87.622238	80.671219	90.212967	79.529648	79.505516	80.592384	89.039963	0.0	78.942596	87.416565	87.7827	87.723427	77.91893	81.442444	78.726311	77.635109	79.382019	80.339752	80.992752	77.767471	81.148758	77.693459	81.463455	79.401054	79.422302	80.554688	79.078598	87.26152	88.483368	87.390053	80.855309	79.143021	91.464813	79.64415	82.978767	80.53334	78.490044	79.429474	80.843964	79.003113	80.782715	87.516022	92.373825	80.853027	79.177902	79.227386	81.433067	87.273109	78.754242	79.079475	78.594711	87.398071	87.432022	87.290764
78.600784	79.194283	78.782806	80.422058	79.093246	79.249573	79.034157	78.598038	78.90921	79.039688	79.061806	79.060333	78.496857	78.851883	78.679932	78.743843	79.207947	79.018829	78.985245	79.125015	79.297791	78.722733	79.105392	78.959641	79.174438	79.060974	79.075127	79.161011	79.099579	100.0	79.265762	0.0	79.446518	79.005325	78.996811	79.287766	79.245399	79.307312	79.108246	78.915237	78.680756	78.675995	78.677513	0.0	79.167496	79.231415	78.200806	79.040207	78.880493	78.634193	78.981415	78.878189	78.411095	78.665894	78.926247	79.472137	79.326782	79.099976	79.206642	79.293892	79.302673	88.052658	78.830643	78.492554	89.036697	79.29882	78.939575	78.934593	78.41861	78.789116	78.778198	79.195679	79.251503	90.703865	79.145401	79.105942	79.252274	78.330727	78.552536	88.548874	79.690063	78.928177	79.07811	78.71814	78.378098	78.323814	79.891579	78.617371	78.867905	79.58313	79.029869	78.888947	79.145844	79.353607	79.087456	79.059273	79.028381	79.082748	78.30014	79.17572	79.045631	80.566864	79.290451	78.757202	89.114044	79.009407	79.245544	79.078644	78.616852	89.717918	79.272331	78.491905	79.093422	78.723984	78.583008	78.357079	79.016037	79.083923	79.125191
80.400352	79.233551	80.914551	78.106079	87.787056	80.103058	92.382973	79.07563	79.224159	79.297729	79.294067	93.176712	81.119171	80.420349	78.912659	79.343925	88.880707	80.868866	92.377052	87.706566	89.00399	79.290871	79.340012	92.395386	88.880302	92.907852	80.556427	79.696541	87.307663	79.265762	100.0	0.0	82.803757	93.002213	80.601738	79.178062	79.58847	79.539124	87.470375	80.535744	79.768387	80.715714	79.401047	0.0	94.211502	81.827774	78.903366	89.213379	87.525681	80.931595	92.946823	80.425949	79.777168	78.558952	79.278404	80.468262	79.724976	93.610779	94.748947	88.862732	88.904678	78.907379	79.070953	80.871292	78.998566	88.957169	80.892181	87.010696	79.694145	79.594719	80.594597	87.386742	0.0	79.183228	94.410622	88.780518	90.867249	78.179596	81.994659	78.738213	77.809433	79.548424	80.571594	80.960693	77.924911	81.398178	77.611893	81.820389	79.518509	79.432587	80.889786	79.147713	93.843704	88.153564	95.449081	81.080658	79.310028	87.234985	79.857536	82.998131	80.546692	78.43924	79.460022	80.976929	79.002098	80.85482	95.658264	87.051346	80.852745	79.135071	79.523758	81.78125	92.865982	78.897789	79.246994	78.734619	92.801163	87.615524	92.470528
0.0	0.0	0.0	0.0	0.0	0.0	0.0	0.0	0.0	0.0	0.0	0.0	0.0	0.0	0.0	0.0	0.0	0.0	0.0	0.0	0.0	0.0	0.0	0.0	0.0	0.0	0.0	0.0	0.0	0.0	0.0	100.0	0.0	0.0	0.0	0.0	0.0	0.0	0.0	0.0	0.0	0.0	0.0	0.0	0.0	0.0	0.0	0.0	0.0	0.0	0.0	0.0	0.0	0.0	0.0	0.0	0.0	0.0	0.0	0.0	0.0	0.0	0.0	0.0	0.0	0.0	0.0	0.0	0.0	0.0	0.0	0.0	0.0	0.0	0.0	0.0	0.0	0.0	0.0	0.0	0.0	0.0	0.0	0.0	0.0	0.0	0.0	0.0	0.0	0.0	0.0	0.0	0.0	0.0	0.0	0.0	0.0	0.0	0.0	0.0	0.0	0.0	0.0	0.0	0.0	0.0	0.0	0.0	0.0	0.0	0.0	0.0	0.0	0.0	0.0	0.0	0.0	0.0	0.0
80.410904	79.671692	82.023964	78.799759	82.5961	80.045158	82.517578	79.381195	79.494675	79.754181	79.623077	82.620216	81.58374	80.684357	79.272179	79.34491	82.820847	81.010025	82.602936	82.723503	82.871613	79.481369	79.851639	82.604553	82.835823	82.659248	80.790421	79.813988	82.406509	79.446518	82.803757	0.0	100.0	82.739868	80.877426	79.744583	79.880074	79.908737	82.606079	80.975098	79.63205	81.501869	79.541161	0.0	82.689911	83.123505	78.95813	82.577293	82.533112	81.553146	82.67514	80.848953	79.997673	78.740623	79.763138	80.698181	79.799484	82.674896	82.695892	82.815468	82.793991	79.027679	79.617683	81.631325	79.359497	82.917709	80.80954	81.973618	79.945595	79.730942	80.703018	82.490372	77.984253	79.325821	82.797104	82.683792	82.881134	78.31646	82.728271	79.320419	78.248856	79.462807	80.809174	81.973167	78.363983	82.086929	78.092461	82.648094	79.900597	80.01445	81.030762	79.600464	82.717743	82.760391	82.603333	81.242302	79.789993	82.455261	80.177834	82.590561	80.913483	78.866081	79.59169	82.005142	79.310585	81.037079	82.654259	82.341614	81.720047	79.463501	79.733185	82.6073	82.732147	79.223755	79.567413	79.020721	82.638229	82.669281	82.58139
80.351204	79.144188	81.115143	78.064758	87.734497	79.88623	94.464981	79.097244	79.110291	79.185715	79.37262	94.146759	81.21814	80.405579	78.99884	79.33873	88.900391	80.751953	94.387054	87.733742	89.089745	79.171654	79.176605	94.407227	89.173294	93.941574	80.410744	79.670395	87.467316	79.005325	93.002213	0.0	82.739868	100.0	80.425751	79.196716	79.323761	79.453857	87.402885	80.431656	79.640488	80.712639	79.28833	0.0	93.357895	81.892159	78.769455	89.814285	87.784782	80.992523	93.987221	80.254761	79.743042	78.539398	79.421219	80.557693	79.783386	93.478714	92.835968	88.959824	89.063248	78.810211	79.132652	80.903709	78.986755	89.031433	80.74292	87.065704	79.757599	79.733383	80.653214	87.641373	0.0	79.106834	93.417152	88.943245	91.48085	77.998215	81.919708	78.805237	77.701187	79.50676	80.467697	80.881775	77.825607	81.269661	77.651207	81.919083	79.50824	79.50589	80.950325	79.13623	93.585129	88.195236	92.621712	81.070404	79.345268	86.983856	80.041687	83.095345	80.518921	78.270554	79.541206	80.925827	79.020752	80.662498	92.932541	86.902565	80.796585	79.061516	79.437813	81.810226	93.938675	79.002556	79.18129	78.635056	95.489532	87.82991	92.78096
