384.1008	1312183.9	240521.3	1841654.4	1736312.3	2171756.3	391.9	1907415.3	1907413.3	1368430.4	2940618.4	1566260.3	1335060.3	386.162	2364271.4	386.182	387.278	1736428.3	2067451.4	386.180	754762.3	384.393	1841653.4	2726076.3	396.17	2731112.3	2817706.3	398.14	2081791.3	2613770.3	384.94	698761.4	2806346.3	1571470.3	1986026.4	398.4	1500301.3	1500304.3	908946.3	1335060.80	754774.3	2583231.6	29449.42	2731096.3	1138194.8	1764276.3	754521.3	2028343.3	2819993.3	384.1009	887144.4	387.284	2603277.3	2182425.3	1120688.3	395491.3	1703970.3	386.7	754764.3	2937795.4	2813827.3	990285.3	1703966.3	2586991.3	2267833.3	1184720.7	1703971.3	2048897.3	2895568.3	391.5	1041147.3	2183981.3	1138190.4	2819996.3	1752526.3	451876.4	395492.8	2653122.4	56730.16	1368417.4	1532558.3	348824.51	1538159.10	1736592.3	1736473.3	538025.6	984260.6	1736548.3	1736380.3	379684.3	293958.16	2919917.3	1825933.3	2035449.3	1076926.3	50338.8	1144306.3	1523429.3	484088.4	2849093.3	398.16	1736231.3	2613771.3	1138189.6	1736577.3	363754.4	384.18	1981173.3	347834.17	1378077.3	2845820.10	1079460.3	1523420.3	1566263.3	384.1004	1223565.8	936136.8	1736357.3	385.8
100.0	80.394211	79.280716	81.190804	78.037117	80.150955	79.22477	79.084709	79.271683	79.428696	0.0	80.471146	79.182938	88.94693	80.898834	92.804306	94.450867	79.352219	79.297104	92.891914	89.112427	93.681061	80.625214	79.751968	87.635452	87.410049	79.109344	0.0	93.677986	82.852692	93.33416	80.690277	79.08667	79.482353	79.471855	80.614876	79.687485	80.722412	79.421326	0.0	78.815811	94.62233	81.995285	89.305008	87.508202	81.056488	93.805786	80.391403	79.75106	92.842041	78.538994	92.75209	79.323456	80.599564	79.791908	94.115425	89.059341	93.895355	88.998627	79.056602	79.464096	80.808067	87.512817	80.905708	78.9692	91.133453	89.070709	80.812027	79.62262	78.913445	80.686157	79.439087	87.47345	79.789719	79.157425	78.060486	89.017883	80.553764	81.899658	77.761696	79.604103	81.203453	88.983643	81.172981	77.852982	81.443283	77.708176	78.762878	79.55117	79.5326	80.993683	79.352661	94.127792	88.162186	94.128647	82.015472	81.165466	79.370361	79.901138	83.031174	80.557076	78.54422	81.179977	87.045006	78.99984	80.715668	94.214058	86.986755	87.243965	79.159096	79.5298	81.948586	78.950264	78.725044	93.317581	87.742905	94.343201	78.869759	87.712608
80.394211	100.0	78.852234	79.550537	78.072449	79.130432	78.560532	78.630051	78.711868	78.7491	0.0	82.755936	78.630829	80.544724	83.436539	80.301834	80.342468	78.636414	78.689262	80.248413	80.41655	80.378174	82.837868	78.961258	80.393341	80.292313	78.600784	0.0	80.438217	80.410904	80.351204	82.947266	78.781631	78.95874	78.79567	82.715675	78.902328	79.505371	78.79451	0.0	78.525604	80.338203	80.003433	80.315392	80.293755	79.571381	80.434189	82.7108	79.393814	80.221268	78.190483	80.315308	78.658028	79.689995	78.91481	80.374077	80.624268	80.179169	80.404121	78.735077	78.892883	79.441666	80.411911	79.31871	78.632568	80.419312	80.60524	87.713684	78.887444	78.530991	87.328102	78.584785	80.30722	79.360535	78.516907	77.828949	80.508018	82.726715	79.656006	77.736908	78.903839	79.5588	80.545082	79.485947	77.624947	79.358521	77.519882	78.194443	78.915314	78.883957	84.786789	78.729996	80.301071	80.521362	80.375999	79.749039	84.90686	78.836411	79.977867	80.057487	82.958389	78.236969	79.593445	80.042618	78.614838	83.098206	80.42157	80.296249	80.312943	78.820839	78.847237	79.442017	78.477791	78.193321	80.286789	80.3386	80.478256	78.256866	80.541412
79.280716	78.852234	100.0	79.118637	78.377625	79.332397	78.827873	79.65715	80.068619	80.14621	77.996658	78.905685	79.24025	79.25209	79.160652	79.266335	79.194992	78.790115	80.140007	79.293434	79.227493	79.443268	79.079819	80.15802	79.295509	79.162201	79.194283	0.0	79.217773	79.671692	79.144188	79.184418	80.19455	92.114929	80.187088	79.140427	78.963913	78.901939	79.253502	0.0	78.922256	79.295975	79.453949	79.153824	79.220352	78.826584	79.214729	79.074127	78.564545	79.264801	78.860184	79.279449	80.032585	79.770462	79.381912	79.295021	79.382401	79.07225	79.271759	79.057175	87.009636	78.938622	79.322495	78.837669	79.040268	79.276321	79.361526	79.148178	79.013596	78.929153	78.993942	78.780334	79.282806	78.575226	78.879761	78.490097	79.338455	78.979637	78.813019	78.022308	79.120552	79.043381	79.173683	79.123001	78.557121	78.507339	77.890465	78.862869	79.142738	79.640427	79.142746	79.863319	79.146233	79.221931	79.202377	78.896164	79.299545	80.221283	78.485474	79.304138	79.252869	78.843643	79.114014	78.994102	79.050591	79.101532	79.148636	79.188263	79.169632	79.071075	80.279114	78.612366	79.672226	78.587616	79.362411	79.340134	79.245239	78.37973	79.296593
81.190804	79.550537	79.118637	100.0	78.449959	79.301559	78.580765	78.929039	79.205299	79.217178	0.0	79.843849	78.851166	81.214325	80.156937	81.040604	81.016571	78.973862	79.286118	81.004181	81.049187	81.005142	79.904274	79.191292	81.062286	80.874512	78.782806	0.0	80.964905	82.023964	81.115143	79.920776	79.101913	79.363556	79.269371	79.938538	78.96196	82.505295	79.178421	0.0	78.788223	81.091393	83.597267	81.012634	80.936676	82.414139	80.962601	79.888046	79.142502	81.012756	78.366646	80.920319	78.946915	79.814865	78.880417	81.065384	81.26265	80.99836	81.145157	79.016541	79.146309	82.661385	81.056625	82.661804	78.767532	81.092392	81.254761	79.845673	79.070953	78.831436	79.784882	78.807915	80.971458	79.171623	78.839882	78.142906	81.282288	79.7733	80.857986	78.087265	78.821465	82.327942	81.015396	83.605461	78.01709	80.571091	77.889587	78.493134	79.178986	79.038872	80.032204	79.084137	81.017044	81.206322	81.052452	80.822929	79.990891	79.288223	79.426292	80.811523	79.803085	78.798981	84.077248	80.645149	78.737457	79.90316	80.910507	80.783379	80.827522	79.012245	79.12088	80.881927	78.889984	78.5224	81.016457	81.118248	81.084427	78.439819	81.074928
78.037117	78.072449	78.377625	78.449959	100.0	78.304108	78.338013	78.182755	78.471237	78.527	79.423492	78.164108	77.936333	78.296837	78.269058	78.288635	78.271751	78.363564	78.602028	78.193741	78.358429	78.169441	78.452438	78.743713	78.366974	78.084976	80.422058	0.0	78.124649	78.799759	78.064758	78.390854	78.566277	78.50975	78.578094	78.170639	78.033165	78.083069	77.700325	0.0	80.300438	78.127274	78.651291	78.23703	78.025139	78.081535	78.169205	78.125847	78.058319	78.142838	78.340073	77.969231	78.398598	78.497177	78.343964	78.290733	78.387436	77.970352	78.25634	78.457932	78.398605	77.959435	78.222054	78.153603	80.554932	78.143738	78.358704	78.108856	78.339302	78.2117	78.190109	78.134903	78.187256	78.024384	80.479195	78.347603	78.291893	78.2061	78.027069	83.252129	78.054245	78.182968	78.162033	78.353394	78.266129	77.888763	82.874001	80.306061	78.275703	78.665764	78.192963	78.441238	78.197845	78.178101	78.122688	77.848007	78.468277	78.481438	77.903938	78.386414	78.19516	80.78479	78.519478	77.888107	80.402496	78.217751	78.112091	78.06752	78.14344	80.588097	78.574173	77.739532	78.278412	78.230156	78.001175	78.142685	78.21328	78.110657	78.203438
80.150955	79.130432	79.332397	79.301559	78.304108	100.0	78.778076	79.266983	79.125443	79.281242	77.72168	79.219193	80.130356	80.019615	79.442642	79.867294	80.048584	78.789902	79.398605	79.748184	79.945786	79.948013	79.114136	79.629791	79.931091	79.887184	79.249573	0.0	79.88382	80.045158	79.88623	79.319366	79.414536	79.594582	79.552658	79.339706	79.162224	78.983757	79.268066	0.0	78.984825	80.045319	79.76268	79.741257	79.811584	78.976128	79.838478	79.209435	78.86467	79.689438	78.444397	79.853607	79.363197	80.304016	81.384644	79.768669	79.922684	79.922348	79.874893	81.774353	79.640083	79.092422	79.997818	79.00106	79.069267	80.098007	79.932701	79.365494	78.973022	79.831192	79.161453	78.988777	79.914848	78.818909	79.1353	78.25856	80.030243	79.350006	79.216507	77.958313	83.192795	79.080994	79.778328	79.236969	78.212898	78.915955	77.785995	78.904182	79.27124	80.312294	79.356506	79.298416	79.802231	80.077927	79.998367	79.184875	79.495712	79.18544	78.647438	79.823227	79.293137	78.453796	79.225708	79.718018	79.014404	79.375572	79.990326	79.71434	79.815201	79.219177	79.194946	79.086624	79.124939	78.496986	79.980827	80.036118	80.012543	78.362518	80.02137
79.22477	78.560532	78.827873	78.580765	78.338013	78.778076	100.0	78.67128	78.702454	79.178101	0.0	78.755096	79.021233	79.224602	78.941681	79.003387	79.103699	79.564392	79.077011	79.154724	79.247498	79.067429	78.692719	79.470428	79.133156	79.023376	78.598038	0.0	79.127678	79.381195	79.097244	78.714828	78.929825	79.078735	78.979271	78.824265	79.933762	78.25676	79.366013	0.0	78.375122	79.044128	79.246803	79.030396	78.964645	78.438797	79.0746	78.821297	78.494781	79.083824	78.451729	79.144638	78.95063	79.344727	79.336922	78.999092	79.298096	78.931572	79.122391	78.54409	78.976433	78.496384	79.24939	78.400787	79.091003	79.099228	79.313286	78.813461	79.987015	78.948792	78.603821	92.802933	79.188126	78.435043	78.489906	78.16777	79.197296	78.734283	78.412888	77.714066	78.671135	78.531685	79.123489	78.763733	78.01339	78.29361	77.655403	78.383377	79.865318	79.300476	78.941994	78.733383	79.070251	79.131279	79.072937	78.68866	78.919983	78.79393	78.467056	78.820297	78.835426	78.133759	78.866402	78.77433	78.562325	78.640701	79.230316	78.881088	78.892677	78.654869	79.199051	78.174164	78.790733	89.703827	79.024521	78.985451	79.03923	85.252777	79.161026
79.084709	78.630051	79.65715	78.929039	78.182755	79.266983	78.67128	100.0	79.949173	80.12796	0.0	78.909027	79.106255	79.184204	78.933105	78.984268	79.207016	78.707619	80.176407	78.951904	79.184219	78.892807	78.992569	80.512703	79.176178	79.021667	78.90921	0.0	78.9972	79.494675	79.110291	78.896225	80.049896	79.862862	80.30925	78.950348	78.926407	78.630646	79.014671	0.0	78.693527	79.089104	79.242386	78.831139	79.109085	78.608505	79.007507	78.823624	78.390289	78.986664	79.07608	79.000603	79.986176	79.599854	78.927643	79.083832	79.20829	78.977524	79.087631	79.164391	79.810669	78.518265	79.238525	78.493538	78.870026	79.153625	79.207619	78.966492	78.959267	78.839783	78.843483	79.063675	79.092163	78.375427	78.771515	78.324493	79.14093	78.835693	78.567322	77.886108	78.811462	78.669662	79.099747	78.880173	78.367325	78.345001	77.883026	78.713669	79.115166	79.765495	78.943634	79.930473	79.011696	79.123093	79.04715	78.60656	79.017502	80.130722	78.447632	78.897369	78.866951	78.602905	78.789734	78.892731	78.658646	78.878601	79.096573	79.010635	78.986145	78.948669	80.144135	78.483521	79.706398	78.602051	78.967209	78.999802	79.033966	78.571289	79.212738
79.271683	78.711868	80.068619	79.205299	78.471237	79.125443	78.702454	79.949173	100.0	91.369171	77.696442	79.017532	79.125153	79.441254	79.109863	79.204613	79.322617	78.924553	87.316254	79.249435	79.29245	79.283051	78.97403	80.258545	79.312317	79.270439	79.039688	0.0	79.258316	79.754181	79.185715	79.010811	81.291267	80.265137	83.940376	78.93222	78.944855	78.805862	78.989449	0.0	78.78064	79.417625	79.564011	79.16687	79.171288	78.816681	79.294586	78.946152	78.631287	79.268845	79.037674	79.151901	86.346069	79.525375	79.158218	79.269577	79.363876	79.216606	79.424271	79.186127	80.232521	78.964142	79.315262	78.938492	78.838173	79.336922	79.383865	78.91449	79.169914	78.883415	78.891838	78.791046	79.154678	78.585625	78.850136	78.400452	79.437088	78.834595	78.710266	78.04203	78.846466	78.824539	79.183472	79.041725	78.43837	78.363144	77.863831	78.771332	79.292809	80.1707	78.987701	85.041771	79.231247	79.092278	79.100891	78.606888	79.043335	93.165924	78.487518	79.128021	78.990944	78.845596	79.096008	78.930252	78.888489	79.031555	79.231415	78.97406	79.054314	78.94413	81.570251	78.614288	82.552643	78.623932	79.272301	79.133392	79.243752	78.546143	79.216843
79.428696	78.7491	80.14621	79.217178	78.527	79.281242	79.178101	80.12796	91.369171	100.0	0.0	79.077698	79.415695	79.318176	79.148499	79.253967	79.429092	79.008926	86.732132	79.193558	79.330154	79.481339	79.195724	80.241379	79.335777	79.335106	79.061806	0.0	79.467636	79.623077	79.37262	79.166191	81.311691	80.435135	83.868248	79.136597	78.886002	79.081223	79.206696	0.0	78.999512	79.401001	79.873947	79.182526	79.113892	78.974091	79.478989	79.06192	78.820648	79.317375	79.381668	79.263878	85.986153	79.728165	79.510895	79.379288	79.417915	79.143959	79.388718	79.25148	80.651176	78.931305	79.325317	78.871033	79.380676	79.259453	79.459251	79.05835	79.101425	79.350784	79.077309	79.180939	79.197754	78.72863	79.034073	78.911316	79.53862	79.070251	78.784798	77.980087	78.943878	78.922325	79.21257	79.052338	78.690552	78.704346	77.994873	78.859665	79.249359	80.356659	78.961487	84.977638	79.326355	79.29335	79.266258	78.859543	79.083748	91.745842	78.601135	79.103455	79.108757	78.81707	79.194382	79.031586	79.174896	79.081665	79.341019	79.174789	79.325043	79.146553	81.830154	78.689438	82.35215	78.807419	79.311554	79.300781	79.341255	78.801285	79.453331
0.0	0.0	77.996658	0.0	79.423492	77.72168	0.0	0.0	77.696442	0.0	100.0	0.0	0.0	77.586166	0.0	0.0	77.628136	0.0	77.901245	77.492645	0.0	0.0	0.0	77.847183	0.0	0.0	79.21907	0.0	77.464645	78.117363	0.0	0.0	77.855316	77.989136	77.866455	0.0	0.0	0.0	0.0	0.0	79.190598	0.0	78.006012	0.0	0.0	0.0	77.431862	0.0	0.0	0.0	0.0	0.0	0.0	78.066803	0.0	0.0	0.0	0.0	0.0	77.867889	0.0	0.0	0.0	0.0	79.251244	0.0	0.0	0.0	0.0	0.0	0.0	0.0	0.0	0.0	79.206604	0.0	77.68869	0.0	0.0	79.005547	0.0	0.0	0.0	0.0	0.0	0.0	79.120255	79.03093	0.0	77.95639	0.0	77.792648	0.0	0.0	0.0	0.0	77.707687	77.831795	0.0	77.777527	0.0	79.010483	0.0	0.0	79.248947	0.0	0.0	0.0	0.0	79.201218	77.941818	0.0	77.824051	0.0	77.495964	0.0	0.0	0.0	0.0
80.471146	82.755936	78.905685	79.843849	78.164108	79.219193	78.755096	78.909027	79.017532	79.077698	0.0	100.0	78.798676	80.556854	87.166794	80.483978	80.477798	78.861069	79.047806	80.450317	80.392525	80.449837	84.732246	79.216393	80.459641	80.407318	78.851883	0.0	80.39859	80.684357	80.405579	94.789825	78.911484	79.175514	78.965668	87.222443	78.910782	79.531609	78.973434	0.0	78.850616	80.51413	80.183914	80.279686	80.35096	79.690674	80.463959	90.289047	79.405121	80.321182	78.396149	80.305611	78.91507	79.948654	79.010117	80.376167	80.661697	80.351273	80.613022	78.880264	78.957405	79.586655	80.508469	79.507988	78.837967	80.519379	80.649841	83.127396	79.050247	78.650154	82.838348	78.77652	80.45961	79.374496	78.901283	77.981155	80.657074	89.782722	79.636841	77.914642	78.756012	79.629181	80.476913	79.797531	77.96933	79.482246	77.74559	78.528252	79.120995	79.004211	82.97168	79.023605	80.378952	80.590729	80.476303	79.592049	83.2836	78.986008	79.86554	80.489037	88.066742	78.504837	79.660873	80.045303	78.638123	85.864868	80.339432	80.218742	80.485596	79.018639	78.981819	79.48996	78.811874	78.422485	80.52037	80.545624	80.302948	78.419121	80.559494
79.182938	78.630829	79.24025	78.851166	77.936333	80.130356	79.021233	79.106255	79.125153	79.415695	0.0	78.798676	100.0	79.39856	78.938599	79.24865	79.27272	78.447083	79.478012	79.217575	79.176842	79.217789	78.801208	79.210808	79.263092	79.231186	78.743843	0.0	79.058426	79.34491	79.33873	79.075523	79.019608	79.332748	79.088425	78.726883	78.760132	78.852608	79.333923	0.0	78.582008	79.125549	79.452354	79.07048	79.104431	78.693924	79.186699	78.8461	78.514832	79.177025	78.242867	79.056473	79.217529	79.754997	80.365685	79.221779	79.487564	79.194588	79.309563	80.046738	79.848328	78.669952	79.223785	78.72789	78.694008	79.35804	79.467545	78.887894	78.575066	83.702789	78.696243	78.982864	79.253372	78.474815	78.444046	78.874878	79.301567	78.739586	78.858566	77.756866	79.954666	78.836746	79.123306	78.867355	78.326851	78.83429	77.696701	78.485687	78.907089	80.141342	78.71727	79.083084	79.079025	79.39856	79.168365	79.002945	78.890198	79.22084	78.328522	79.043396	79.058716	78.349533	78.875183	79.08075	79.355469	78.912956	79.211319	79.23233	79.212212	78.780289	79.25042	78.74678	78.846832	78.472511	79.205238	79.162399	79.216286	78.621994	79.268143
88.94693	80.544724	79.25209	81.214325	78.296837	80.019615	79.224602	79.184204	79.441254	79.318176	77.586166	80.556854	79.39856	100.0	81.523994	88.819061	88.855614	79.382523	79.427734	88.728127	90.421875	88.906143	80.64695	79.914398	89.451645	87.625885	79.207947	0.0	88.813332	82.820847	88.900391	80.804337	79.434158	79.370087	79.671677	80.784332	79.742378	80.760979	79.531708	0.0	78.977455	88.810989	82.167221	90.323563	87.525848	80.997421	88.932121	80.510208	79.800919	88.742401	78.719437	88.663139	79.501144	80.787689	79.810295	88.850616	95.999664	88.816139	91.739182	79.212181	79.709404	80.939407	88.429245	80.986191	79.184677	89.07019	96.004593	81.124748	79.506165	79.025833	81.156723	79.460327	88.354416	79.923073	79.176849	77.925941	91.686401	80.618195	81.617996	77.931549	79.503998	81.131821	90.23671	81.14949	77.743164	82.168106	77.635887	78.894989	79.794525	79.628571	80.929565	79.291252	88.850929	89.358109	88.616898	81.603821	81.106094	79.408981	80.037125	83.053589	80.76458	78.553917	81.030167	87.015198	79.185066	81.24614	88.670975	87.131256	88.114838	79.32576	79.518097	81.511017	79.034271	78.767563	88.841614	87.966095	88.842644	78.988922	89.158722
80.898834	83.436539	79.160652	80.156937	78.269058	79.442642	78.941681	78.933105	79.109863	79.148499	0.0	87.166794	78.938599	81.523994	100.0	80.764404	80.849197	78.908333	79.147827	80.69194	80.846657	80.817657	85.64389	79.353134	81.082413	80.607697	79.018829	0.0	80.795105	81.010025	80.751953	88.447662	79.213104	79.424515	79.199142	86.86972	79.179016	79.674789	79.075851	0.0	78.56366	80.841125	80.659958	80.769424	80.729736	79.879944	80.772911	87.324188	79.634995	80.75499	78.433495	80.648544	79.115044	79.991905	79.322617	80.694176	81.065369	80.705887	81.183411	79.052055	79.130905	79.863251	80.785004	79.789856	78.998253	80.819092	81.10994	84.421585	79.271873	78.681534	85.244263	78.998276	80.623276	79.635727	78.866074	77.87085	81.20179	87.203506	80.090996	77.822441	79.074142	79.98407	80.885788	79.92691	77.777954	79.76149	77.687286	78.759033	79.231995	79.301926	83.634003	79.106827	80.806427	81.061874	80.834351	79.985168	83.940231	79.205551	80.246582	80.628281	90.034973	78.518333	79.923225	80.365463	78.856255	87.771278	80.806305	80.781799	80.765747	78.952705	79.09671	79.907585	78.827805	78.558914	80.753998	80.872131	80.825989	78.666382	81.211166
92.804306	80.301834	79.266335	81.040604	78.288635	79.867294	79.003387	78.984268	79.204613	79.253967	0.0	80.483978	79.24865	88.819061	80.764404	100.0	92.300385	79.139496	79.255646	98.165894	88.938835	93.234116	80.501122	79.615501	87.463028	87.169006	78.985245	0.0	93.20092	82.602936	94.387054	80.503281	79.222687	79.424469	79.43174	80.460907	79.775589	80.661934	79.250931	0.0	78.677589	92.822128	81.792572	89.247383	87.405785	81.065628	93.193161	80.357254	79.783264	97.922668	78.483398	92.263031	79.167992	80.474426	79.638748	92.750641	88.856079	93.546829	88.789108	78.939072	79.489319	80.744415	87.39695	80.812195	78.955933	91.438751	88.8508	80.779434	79.660782	78.935944	80.603897	79.281006	87.260399	79.791565	78.942123	78.120224	88.87915	80.385025	81.966141	77.779572	79.49588	81.191147	88.798828	80.97744	77.866837	81.324448	77.577332	78.677704	79.342804	79.558823	80.981934	79.076828	93.686859	88.044624	92.116936	81.91037	81.046021	79.3526	79.992081	83.016487	80.406509	78.370911	80.94545	86.865036	78.890228	80.699707	92.206902	86.823372	87.05484	79.035645	79.275497	81.782646	78.820511	78.5867	94.883896	87.762619	92.322601	78.695724	87.599686
94.450867	80.342468	79.194992	81.016571	78.271751	80.048584	79.103699	79.207016	79.322617	79.429092	77.628136	80.477798	79.27272	88.855614	80.849197	92.300385	100.0	79.233307	79.252274	92.320976	88.922401	92.971184	80.453445	79.654022	87.578094	87.448036	79.241127	0.0	92.954285	82.75444	92.911377	80.604172	79.335526	79.514984	79.472351	80.541702	79.726166	80.679138	79.328018	0.0	78.849449	94.248383	81.813232	89.327339	87.558151	80.88327	93.010712	80.462173	79.724754	92.285538	78.644119	92.597137	79.295563	80.512589	79.679428	93.485062	88.976814	93.320976	88.875153	78.940132	79.431747	80.798851	87.485672	80.843719	79.071442	90.84874	88.949455	80.892586	79.641602	79.033859	80.559738	79.405357	87.486938	79.676422	79.092079	78.121689	88.936378	80.497635	81.979889	77.816818	79.588058	81.16333	88.873161	80.923676	77.908661	81.461136	77.559723	78.825027	79.636398	79.493546	80.840378	79.256912	93.846771	88.085197	95.619049	81.713295	81.076569	79.423508	79.952011	83.07251	80.558159	78.515182	81.014488	87.021561	78.921692	80.851028	95.600929	86.950256	87.123734	79.164856	79.405991	81.846046	78.960007	78.936356	92.85144	87.671478	95.02018	78.794388	87.795364
79.352219	78.636414	78.790115	78.973862	78.363564	78.789902	79.564392	78.707619	78.924553	79.008926	0.0	78.861069	78.447083	79.382523	78.908333	79.139496	79.233307	100.0	79.116669	79.340073	79.322632	79.237747	78.976257	79.391464	79.1828	79.312973	78.722733	0.0	79.27681	79.481369	79.171654	79.031784	79.248428	78.896561	79.250259	78.9133	82.959274	78.638649	79.178802	0.0	78.573776	79.132202	79.360847	79.352051	79.126022	78.590988	79.033058	78.852112	78.649948	79.2481	78.449615	78.978745	79.015198	79.56601	78.744553	79.216034	79.324287	79.244034	79.425865	78.380768	78.725128	78.584137	79.102005	78.589211	78.700371	79.247581	79.321121	78.716858	87.047417	78.385117	78.843674	79.810257	79.31337	78.66217	78.63118	77.936111	79.48381	78.812012	78.611984	77.926682	78.367989	79.021072	79.267273	78.881805	77.629623	78.530838	77.893349	78.454346	83.059631	78.719566	79.057098	78.991776	79.234283	79.24749	79.169525	78.658646	78.994492	79.010155	78.438843	78.889847	79.057655	78.393295	78.73069	78.885704	78.735497	78.878098	79.418465	78.844475	79.063263	78.796623	79.238541	78.520645	78.854965	79.292534	79.211876	79.115341	79.357681	79.41806	79.056778
79.297104	78.689262	80.140007	79.286118	78.602028	79.398605	79.077011	80.176407	87.316254	86.732132	77.901245	79.047806	79.478012	79.427734	79.147827	79.255646	79.252274	79.116669	100.0	79.179749	79.231079	79.333488	78.96447	80.272514	79.331451	79.268265	79.105392	0.0	79.330406	79.851639	79.176605	79.252151	81.499352	80.374756	84.411743	79.16275	79.158806	79.079041	79.25853	0.0	79.018707	79.263306	79.833008	79.150452	79.302658	78.84996	79.319733	78.986031	78.8368	79.194946	79.053085	79.20639	87.271408	79.703407	79.236938	79.265884	79.461655	79.249084	79.330269	79.268967	80.564209	79.045189	79.236198	78.996017	79.009399	79.358818	79.435905	79.00061	79.30172	79.417274	79.022141	79.196396	79.250748	78.804337	79.059151	79.063644	79.406181	78.970535	78.999725	78.202057	78.994965	78.845261	79.403526	79.149467	78.711334	78.57959	78.029434	78.710068	79.303452	80.714798	78.979355	85.994492	79.301216	79.299728	79.255417	78.765152	79.222572	87.206772	78.620438	79.106689	79.051514	78.782867	79.382324	79.004227	79.00148	79.26297	79.243423	79.075119	79.112907	79.124992	82.069122	78.861404	82.878761	78.861877	79.210068	79.328888	79.255135	78.567345	79.343292
92.891914	80.248413	79.293434	81.004181	78.193741	79.748184	79.154724	78.951904	79.249435	79.193558	77.492645	80.450317	79.217575	88.728127	80.69194	98.165894	92.320976	79.340073	79.179749	100.0	88.957977	93.267204	80.519539	79.596939	87.435379	87.210579	78.959641	0.0	93.190781	82.604553	94.407227	80.532745	79.110596	79.422989	79.432518	80.454124	79.797119	80.633743	79.261353	0.0	78.702553	92.809174	81.773041	89.438339	87.431984	80.985237	93.299957	80.288589	79.693863	98.350693	78.500107	92.277161	79.324303	80.467453	79.636398	92.849434	88.814598	93.401901	88.756523	78.977417	79.446106	80.710678	87.328613	80.769646	79.017807	91.398834	88.803162	80.703949	79.85701	78.940659	80.616516	79.373901	87.303085	79.709137	78.890633	78.049179	88.860428	80.355072	81.884308	77.747437	79.433746	81.451935	88.777435	80.987694	77.864426	81.363945	77.727623	78.589035	79.403824	79.533264	80.846878	78.990433	93.489449	87.993225	92.129135	81.881691	80.968079	79.351852	80.003098	82.986115	80.353561	78.451553	80.842674	86.911743	78.912743	80.767479	92.227448	86.781784	87.042175	78.986565	79.27626	81.80719	78.931885	78.627151	94.884094	87.701599	92.293167	78.633377	87.554626
89.112427	80.41655	79.227493	81.049187	78.358429	79.945786	79.247498	79.184219	79.29245	79.330154	0.0	80.392525	79.176842	90.421875	80.846657	88.938835	88.922401	79.322632	79.231079	88.957977	100.0	89.070686	80.633202	79.69899	88.119438	87.705399	79.174438	0.0	89.092514	82.835823	89.173294	80.633125	79.42804	79.495117	79.475204	80.673157	79.805244	80.667404	79.302338	0.0	78.764969	89.090858	81.865685	90.0476	87.609192	80.940521	89.099365	80.471092	79.611778	89.015137	78.714111	88.862274	79.26825	80.613342	79.69899	88.900146	90.51799	89.088707	90.994186	79.269424	79.458954	80.942368	87.909363	80.97113	79.302483	89.099754	90.543076	80.828781	79.717819	78.839355	80.72702	79.329117	87.759453	79.59874	79.040764	77.905197	91.117531	80.471024	81.60392	77.939758	79.484329	81.047607	92.349884	81.024483	77.826302	81.201538	77.632271	78.772842	79.532768	79.436844	80.845863	79.119171	89.032524	88.427444	88.814499	81.490387	81.079987	79.409996	79.737274	83.093384	80.524063	78.62748	81.062355	86.954498	78.964951	80.760056	88.895828	87.312225	87.491959	79.201843	79.290596	81.618546	78.894547	78.704178	89.058868	87.716629	88.963928	78.882156	88.192932
93.681061	80.378174	79.443268	81.005142	78.169441	79.948013	79.067429	78.892807	79.283051	79.481339	0.0	80.449837	79.217789	88.906143	80.817657	93.234116	92.971184	79.237747	79.333488	93.267204	89.070686	100.0	80.505684	79.742966	87.538414	87.328705	79.060974	0.0	97.786858	82.659248	93.941574	80.601196	79.41066	79.583138	79.658096	80.569962	79.68132	80.672699	79.317749	0.0	78.687851	93.534042	81.767319	89.495712	87.707794	81.041336	97.894653	80.458939	79.722	93.161034	78.595116	94.012238	79.347755	80.584435	79.747139	93.446617	88.908798	93.592239	88.938393	79.016678	79.541481	80.780495	87.406891	80.81311	78.998322	91.213745	88.89077	80.682655	79.540504	79.142288	80.694321	79.373596	87.467178	79.721352	79.083099	78.055893	88.97052	80.455215	81.909706	77.856995	79.585495	81.419861	89.267853	80.845825	77.838326	81.361328	77.591583	78.674591	79.492065	79.598755	80.894447	79.282295	93.057449	88.021881	92.706497	82.185913	81.010971	79.224731	80.05394	83.058067	80.541901	78.560638	81.106033	86.854446	78.974426	80.739975	92.728821	86.895355	87.120224	79.061996	79.385048	81.780273	79.13681	78.751419	93.963135	87.753242	93.057121	78.666786	87.637802
80.625214	82.837868	79.079819	79.904274	78.452438	79.114136	78.692719	78.992569	78.97403	79.195724	0.0	84.732246	78.801208	80.64695	85.64389	80.501122	80.453445	78.976257	78.96447	80.519539	80.633202	80.505684	100.0	79.305222	80.476166	80.559959	79.075127	0.0	80.49881	80.790421	80.410744	84.947067	79.062531	79.153732	79.121033	85.279297	78.949356	79.523773	78.838142	0.0	78.756844	80.638641	80.291885	80.461212	80.429932	79.725342	80.406998	84.763649	79.590401	80.45285	78.47998	80.363235	79.151588	79.925674	79.152863	80.496307	80.674286	80.41954	80.65345	78.830048	79.043045	79.50885	80.39418	79.585762	78.844833	80.549286	80.686684	83.290627	79.071426	78.659882	83.040527	79.003235	80.566437	79.568298	78.908539	77.999878	80.758881	84.789948	79.702126	77.953972	78.812851	79.730652	80.624435	79.82016	77.971893	79.509903	77.720978	78.507599	79.201912	79.152184	83.687271	78.964554	80.43486	80.592758	80.492607	79.64798	83.926376	79.116089	79.94519	80.38739	85.019043	78.641968	79.85112	80.200989	78.769531	85.664734	80.648926	80.340797	80.338287	78.861816	79.052414	79.620132	78.913803	78.596504	80.510529	80.514099	80.573334	78.412491	80.581902
79.751968	78.961258	80.15802	79.191292	78.743713	79.629791	79.470428	80.512703	80.258545	80.241379	77.847183	79.216393	79.210808	79.914398	79.353134	79.615501	79.654022	79.391464	80.272514	79.596939	79.69899	79.742966	79.305222	100.0	79.749237	79.679001	79.161011	0.0	79.694	79.813988	79.670395	79.134888	80.832108	80.597748	80.656021	79.278412	79.459366	78.762978	79.227829	0.0	79.055557	79.686165	79.66777	79.703613	79.495491	78.644653	79.725487	79.297241	79.466293	79.595581	79.816193	79.58448	80.522583	80.29435	79.686615	79.684692	79.879745	79.942154	79.900543	79.085052	80.439362	78.813591	79.798904	78.760742	79.207947	79.749008	79.854782	79.271866	79.648544	78.956596	79.111069	79.431602	79.52829	79.467865	79.133095	78.292511	79.914413	79.206497	78.821777	78.284653	79.289635	78.848862	79.753998	79.039337	78.435638	78.566666	78.27478	78.905045	79.59491	79.974533	79.438377	79.981857	79.673798	79.879478	79.590607	78.876709	79.572418	80.298363	78.777924	79.26825	79.298111	78.734779	79.167175	79.330605	79.176147	79.187347	79.676727	79.397202	79.522324	79.244476	81.483826	78.75634	79.978592	79.02887	79.630875	79.486565	79.621414	78.735741	79.844254
87.635452	80.393341	79.295509	81.062286	78.366974	79.931091	79.133156	79.176178	79.312317	79.335777	0.0	80.459641	79.263092	89.451645	81.082413	87.463028	87.578094	79.1828	79.331451	87.435379	88.119438	87.538414	80.476166	79.749237	100.0	88.21003	79.214172	0.0	87.444305	82.728729	87.605209	80.842178	79.436844	79.430817	79.450455	80.676071	79.580559	80.797195	79.445602	0.0	78.82106	87.510506	81.890999	87.799568	88.060516	81.066711	87.543999	80.535828	79.78331	87.428345	78.665222	87.338287	79.39357	80.587585	79.747879	87.490547	89.920761	87.53286	88.480515	79.417694	79.532135	80.872955	90.298569	80.92939	79.098595	87.704361	89.89785	81.055161	79.675217	79.023605	80.803062	79.282761	91.951782	79.789536	79.103203	78.028519	88.692741	80.643021	81.538551	77.877167	79.477859	80.872757	87.976074	80.989182	77.796013	82.931076	77.619949	78.88269	79.579346	79.610245	81.01548	79.28334	87.494034	92.360031	87.428696	81.531982	81.092964	79.356651	79.779503	83.135796	80.714165	78.556381	81.074478	87.567719	78.967194	80.863663	87.358719	87.821693	90.302383	79.37957	79.461647	81.387741	78.98732	78.817604	87.589706	88.242249	87.624207	78.919785	92.214218
87.410049	80.292313	79.162201	80.874512	78.084976	79.887184	79.023376	79.021667	79.270439	79.335106	0.0	80.407318	79.231186	87.625885	80.607697	87.169006	87.448036	79.312973	79.268265	87.210579	87.705399	87.328705	80.559959	79.679001	88.21003	100.0	79.099579	0.0	87.617355	82.406509	87.467316	80.537682	79.199936	79.396706	79.341171	80.440521	79.522308	80.617577	79.403427	0.0	78.787361	87.489014	81.698303	87.302811	89.630188	80.928185	87.295639	80.319313	79.607819	87.238007	78.501923	87.215942	79.192093	80.303436	79.667694	87.096649	87.623596	87.224548	87.575378	79.045601	79.395439	80.771172	92.825104	80.812119	79.069229	87.482788	87.622238	80.671219	79.505516	78.875443	80.592384	79.214737	89.039963	79.589966	78.942596	77.91893	87.705009	80.367035	81.442444	77.635109	79.382019	80.8218	87.881111	80.992752	77.767471	81.148758	77.693459	78.640137	79.401054	79.422302	80.554688	79.078598	87.26152	88.483368	87.390053	81.615356	80.855309	79.143021	79.64415	82.978767	80.53334	78.490044	80.843964	90.064926	79.003113	80.782715	87.516022	92.373825	91.482666	79.177902	79.227386	81.433067	78.754242	78.594711	87.398071	87.432022	87.514961	78.734695	88.165543
79.109344	78.600784	79.194283	78.782806	80.422058	79.249573	78.598038	78.90921	79.039688	79.061806	79.21907	78.851883	78.743843	79.207947	79.018829	78.985245	79.241127	78.722733	79.105392	78.959641	79.174438	79.060974	79.075127	79.161011	79.214172	79.099579	100.0	0.0	79.093834	79.446518	79.005325	78.996811	79.287766	79.245399	79.307312	78.915237	78.680756	78.675995	78.677513	0.0	88.534355	79.167496	79.231415	79.040207	78.880493	78.634193	78.981415	78.878189	78.411095	78.973213	78.665894	79.081589	78.926247	79.472137	79.326782	79.099976	79.234497	79.006683	79.302673	78.830643	79.299271	78.34938	79.132782	78.492554	89.036697	79.210922	79.29882	78.939575	78.789116	78.632156	78.778198	78.595978	79.195679	78.420341	90.703865	78.330727	79.298569	78.772903	78.552536	79.690063	78.928177	78.496857	79.13031	78.71814	78.378098	78.323814	79.891579	87.855881	78.867905	79.58313	79.029869	78.888947	79.145844	79.353607	79.087456	78.599747	79.059273	79.028381	78.30014	79.17572	79.045631	80.566864	78.757202	78.870232	89.114044	79.009407	79.245544	79.078644	79.008774	89.717918	79.272331	78.491905	78.723984	78.357079	79.016037	79.083923	79.111649	78.246063	79.151398
0.0	0.0	0.0	0.0	0.0	0.0	0.0	0.0	0.0	0.0	0.0	0.0	0.0	0.0	0.0	0.0	0.0	0.0	0.0	0.0	0.0	0.0	0.0	0.0	0.0	0.0	0.0	100.0	0.0	0.0	0.0	0.0	0.0	0.0	0.0	0.0	0.0	0.0	0.0	0.0	0.0	0.0	0.0	0.0	0.0	0.0	0.0	0.0	0.0	0.0	0.0	0.0	0.0	0.0	0.0	0.0	0.0	0.0	0.0	0.0	0.0	0.0	0.0	0.0	0.0	0.0	0.0	0.0	0.0	0.0	0.0	0.0	0.0	0.0	0.0	0.0	0.0	0.0	0.0	0.0	0.0	0.0	0.0	0.0	0.0	0.0	0.0	0.0	0.0	0.0	0.0	0.0	0.0	0.0	0.0	0.0	0.0	0.0	0.0	0.0	0.0	0.0	0.0	0.0	0.0	0.0	0.0	0.0	0.0	0.0	0.0	0.0	0.0	0.0	0.0	0.0	0.0	0.0	0.0
93.677986	80.438217	79.217773	80.964905	78.124649	79.88382	79.127678	78.9972	79.258316	79.467636	77.464645	80.39859	79.058426	88.813332	80.795105	93.20092	92.954285	79.27681	79.330406	93.190781	89.092514	97.786858	80.49881	79.694	87.444305	87.617355	79.093834	0.0	100.0	82.661804	94.034508	80.527679	79.40847	79.497375	79.503586	80.479965	79.659538	80.574142	79.264297	0.0	78.684242	93.158432	81.724777	89.602676	87.716492	81.012459	98.003067	80.299896	79.773888	93.213303	78.666428	93.961533	79.288361	80.326439	79.692734	93.366837	88.846458	93.605988	88.857635	78.976334	79.522179	80.777069	87.375687	80.848495	78.979904	91.191956	88.841736	80.737503	79.692841	78.889725	80.633133	79.333786	87.490547	79.796188	79.071304	78.063133	88.980331	80.436867	81.873047	77.841858	79.562454	81.43869	88.955002	80.91777	77.953613	81.451134	77.624512	78.704193	79.540619	79.51722	80.871864	79.272835	93.040619	88.038757	92.633591	82.036514	81.009628	79.279129	79.958694	83.026962	80.554253	78.494278	81.07489	86.851654	79.073669	80.656151	92.884766	86.811737	87.005661	79.080475	79.469299	81.825058	78.960999	78.718758	93.970711	87.746712	93.019997	78.639023	87.630783
82.852692	80.410904	79.671692	82.023964	78.799759	80.045158	79.381195	79.494675	79.754181	79.623077	78.117363	80.684357	79.34491	82.820847	81.010025	82.602936	82.75444	79.481369	79.851639	82.604553	82.835823	82.659248	80.790421	79.813988	82.728729	82.406509	79.446518	0.0	82.661804	100.0	82.739868	80.877426	79.744583	79.880074	79.908737	80.975098	79.63205	81.501869	79.541161	0.0	79.231514	82.689911	83.123505	82.577293	82.533112	81.553146	82.67514	80.848953	79.997673	82.565262	78.740623	82.561844	79.763138	80.698181	79.799484	82.674896	82.877151	82.619553	82.793991	79.617683	79.605736	81.549011	82.661064	81.631325	79.359497	82.841148	82.917709	80.80954	79.730942	79.301117	80.703018	79.547546	82.490372	79.982727	79.325821	78.31646	82.902527	80.77002	82.728271	78.248856	79.462807	81.58374	82.573837	81.973167	78.363983	82.086929	78.092461	78.976486	79.900597	80.01445	81.030762	79.600464	82.717743	82.760391	82.603333	82.713989	81.242302	79.789993	80.177834	82.590561	80.913483	78.866081	82.005142	81.989929	79.310585	81.037079	82.654259	82.341614	82.407211	79.463501	79.733185	82.6073	79.223755	79.020721	82.638229	82.669281	82.821976	78.983994	82.669579
93.33416	80.351204	79.144188	81.115143	78.064758	79.88623	79.097244	79.110291	79.185715	79.37262	0.0	80.405579	79.33873	88.900391	80.751953	94.387054	92.911377	79.171654	79.176605	94.407227	89.173294	93.941574	80.410744	79.670395	87.605209	87.467316	79.005325	0.0	94.034508	82.739868	100.0	80.425751	79.196716	79.323761	79.453857	80.431656	79.640488	80.712639	79.28833	0.0	78.756622	93.357895	81.892159	89.814285	87.784782	80.992523	93.987221	80.254761	79.743042	94.470238	78.539398	92.713272	79.421219	80.557693	79.783386	93.478714	89.051117	94.147987	89.063248	79.132652	79.556427	80.72049	87.459816	80.903709	78.986755	91.50769	89.031433	80.74292	79.733383	78.949631	80.653214	79.269913	87.641373	79.752731	79.106834	77.998215	89.081268	80.394089	81.919708	77.701187	79.50676	81.21814	88.962158	80.881775	77.825607	81.269661	77.651207	78.654526	79.50824	79.50589	80.950325	79.13623	93.585129	88.195236	92.621712	81.949181	81.070404	79.345268	80.041687	83.095345	80.518921	78.270554	80.925827	86.89801	79.020752	80.662498	92.932541	86.902565	87.08847	79.061516	79.437813	81.810226	79.002556	78.635056	95.489532	87.82991	92.78389	78.726044	87.725418
80.690277	82.947266	79.184418	79.920776	78.390854	79.319366	78.714828	78.896225	79.010811	79.166191	0.0	94.789825	79.075523	80.804337	88.447662	80.503281	80.604172	79.031784	79.252151	80.532745	80.633125	80.601196	84.947067	79.134888	80.842178	80.537682	78.996811	0.0	80.527679	80.877426	80.425751	100.0	79.169586	79.306801	79.156036	87.442703	79.063393	79.604012	79.034523	0.0	78.839973	80.6586	80.370415	80.469559	80.462631	79.649879	80.529221	90.271759	79.467239	80.463203	78.512375	80.515511	79.021446	80.006096	79.31337	80.627113	80.797485	80.469185	80.670654	78.912399	79.070511	79.773453	80.700272	79.590027	78.982468	80.740875	80.773636	83.827492	79.165024	78.990616	85.474701	78.857162	80.594162	79.401375	79.022606	78.135605	80.777832	89.732925	80.028793	77.996796	78.976913	79.754013	80.619537	79.903824	78.050827	79.693008	77.721054	78.692879	79.21608	79.119057	83.095154	79.119644	80.506546	80.640167	80.537186	79.773254	83.418236	79.043091	79.959435	80.424873	88.212532	78.447678	79.932312	80.228592	78.745132	87.722107	80.577118	80.623116	80.583679	79.009827	79.052917	79.789124	78.746941	78.436432	80.503059	80.761002	80.603531	78.537125	80.778137
79.08667	78.781631	80.19455	79.101913	78.566277	79.414536	78.929825	80.049896	81.291267	81.311691	77.855316	78.911484	79.019608	79.434158	79.213104	79.222687	79.335526	79.248428	81.499352	79.110596	79.42804	79.41066	79.062531	80.832108	79.436844	79.199936	79.287766	0.0	79.40847	79.744583	79.196716	79.169586	100.0	80.332245	81.614365	78.926208	79.344017	78.793213	79.236801	0.0	78.974319	79.149231	79.245079	79.274155	79.16069	78.704765	79.229935	78.879227	78.850372	79.043762	79.385406	79.282875	81.474411	79.818611	79.05481	79.228004	79.290298	79.259041	79.431961	79.028633	80.338745	78.773048	79.307755	78.816925	79.001152	79.262527	79.379395	79.021751	79.495651	79.106781	78.922668	79.153305	79.221786	78.84391	79.128357	78.40535	79.404373	78.89151	78.625145	78.169952	78.827995	78.748718	79.240189	79.101006	78.494354	78.594223	78.069511	78.845612	79.400261	79.518509	79.236786	81.230118	79.190559	79.34343	79.257706	78.684677	79.33596	81.252747	78.646469	79.082275	78.845741	78.63781	79.206482	78.992256	79.094269	79.099274	79.257843	79.212296	79.015289	79.09758	87.377411	78.534882	80.996086	78.713928	79.250954	79.233322	79.237083	78.647346	79.380737
79.482353	78.95874	92.114929	79.363556	78.50975	79.594582	79.078735	79.862862	80.265137	80.435135	77.989136	79.175514	79.332748	79.370087	79.424515	79.424469	79.514984	78.896561	80.374756	79.422989	79.495117	79.583138	79.153732	80.597748	79.430817	79.396706	79.245399	0.0	79.497375	79.880074	79.323761	79.306801	80.332245	100.0	80.499481	79.080704	79.01712	79.048248	79.310219	0.0	79.054825	79.648384	79.541298	79.285065	79.312141	79.031403	79.59037	79.219482	78.548447	79.339935	79.03228	79.318069	80.138718	80.057999	79.433884	79.312355	79.507706	79.340164	79.426811	79.238228	87.483246	78.933487	79.494095	78.997139	79.170807	79.492828	79.488487	79.155937	79.205002	79.125671	79.159439	78.961639	79.341385	78.536636	79.073883	78.551758	79.403603	79.025688	78.839325	78.091888	79.125488	79.032837	79.462204	79.244965	78.378311	78.575813	77.93795	78.800674	79.305153	79.670395	79.220741	80.176468	79.434731	79.421089	79.459595	78.977753	79.391411	80.403305	78.535812	79.266251	79.332703	78.86972	79.331024	79.133804	78.943314	79.269852	79.536499	79.184738	79.454262	79.532936	80.479279	78.638832	79.895905	78.710449	79.460983	79.385956	79.4534	78.483307	79.444672
