1408.269	580459.3	2683680.3	1178537.6	1408.517	1408.91	2831519.3	561879.50	293387.105	293387.40	1408.472	293387.92	293387.278	293387.102	293387.30	2762327.3	1408.110	293387.291	293387.68	293387.281	1408.132	561879.307	1408.579	561879.11	561879.17	1408.568	1408.258	1408.135	315750.8	1408.260	1408.111	1408.387	1408.193	1408.523	561879.15	561879.16	561879.214	1408.522	2842458.3	561879.306	1178540.18	135461.250	1452.98	1452.36	1529886.3	260554.78	72361.11	1423.767	1423.737	1423.758	2762329.3	1239783.5	483913.181	1423.1323	1423.140	1390.607	659243.31	492670.1334	1648923.260	1402.264	766760.3	1664069.6	119858.6	72361.9	483913.182	1052585.4	655816.3	227866.22	1390.498	2809036.3	1423.865	1423.433	2487276.10	2715209.8	2026193.15	1396.3701	2846779.3	86662.17	1405.246	1428.335	2026188.66	1396.2857	1217984.3	1396.1126	2026189.16	1890302.151	2026190.16	2026191.6	1839798.3	1396.3128	580165.46	64104.126	1405.13	2760090.3	2884832.3	2884833.3	2589818.4	2682541.3	1476724.4	2884834.3	2709784.3	1510468.4	1581038.3	2666127.3	486398.3	1565991.4	98228.3	1441095.3	2728853.3	352858.3	1742359.7	1479.5	1547283.3	1705566.3	1679167.3	2799500.8	1783501.3	2011012.3	2014076.3	1455.14	2748178.3	1367477.3	1983719.3	796606.3	2587848.3	2672567.5
100.0	92.234802	89.609695	89.592789	99.102661	89.441109	89.478889	92.165375	89.451645	89.327103	98.499496	89.509583	89.465393	89.461945	89.587067	92.267899	89.634811	89.46273	89.313477	89.465446	89.391327	92.347534	92.343994	92.245346	92.21875	91.63253	93.526566	99.306351	94.506073	94.490524	95.043396	95.027466	95.589684	95.506912	92.220261	92.228256	92.275429	99.350197	92.266731	92.200439	91.563889	78.865234	79.103531	79.079788	79.028748	78.939667	78.840828	78.78463	0.0	0.0	0.0	0.0	0.0	0.0	0.0	0.0	0.0	0.0	0.0	0.0	0.0	0.0	0.0	78.692024	78.90506	78.92337	0.0	0.0	0.0	0.0	0.0	0.0	0.0	0.0	0.0	0.0	0.0	0.0	0.0	0.0	0.0	0.0	0.0	0.0	0.0	0.0	0.0	0.0	0.0	0.0	0.0	0.0	0.0	0.0	0.0	0.0	0.0	0.0	0.0	0.0	0.0	0.0	0.0	0.0	0.0	0.0	0.0	0.0	0.0	0.0	0.0	0.0	0.0	0.0	0.0	0.0	0.0	0.0	0.0	0.0	0.0	0.0	0.0	0.0	0.0	0
92.234802	100.0	89.366699	89.347023	92.052444	89.212372	89.21624	98.282402	89.316162	89.171951	92.246544	89.259079	89.306931	89.290131	89.214302	98.545578	89.381493	89.278824	89.137543	89.336487	89.23877	96.440628	96.467743	98.757965	97.217422	90.989532	91.062248	92.284729	90.957878	90.993469	91.35144	91.293098	91.581848	91.546265	96.137291	96.138184	98.481979	92.261734	98.514053	98.624832	94.99678	79.503937	78.688278	78.73687	78.779953	78.953415	0.0	0.0	0.0	0.0	79.088768	78.281746	0.0	0.0	0.0	0.0	0.0	0.0	0.0	0.0	0.0	0.0	0.0	0.0	0.0	0.0	0.0	0.0	0.0	0.0	0.0	0.0	0.0	0.0	0.0	0.0	0.0	0.0	0.0	0.0	0.0	0.0	0.0	0.0	0.0	0.0	0.0	0.0	0.0	0.0	0.0	0.0	0.0	0.0	0.0	0.0	0.0	0.0	0.0	0.0	0.0	0.0	0.0	0.0	0.0	0.0	0.0	0.0	0.0	0.0	0.0	0.0	0.0	0.0	0.0	0.0	0.0	0.0	0.0	0.0	0.0	0.0	0.0	0.0	0.0	0
89.609695	89.366699	100.0	99.242447	89.31736	91.516434	91.4832	89.336784	91.564011	91.441772	89.486572	91.523941	91.508484	91.557587	91.592407	89.362961	91.475372	91.517616	91.366531	91.5439	91.503036	89.461487	89.380234	89.363365	89.37883	90.9814	88.761826	89.551987	88.536133	88.643753	88.931061	89.017731	89.003922	89.043312	89.350677	89.393745	89.436249	89.498947	89.347244	89.391182	89.078323	79.325165	0.0	0.0	0.0	0.0	79.108398	78.885109	0.0	0.0	0.0	0.0	79.081444	78.981224	0.0	0.0	0.0	0.0	0.0	0.0	0.0	0.0	0.0	0.0	0.0	0.0	0.0	0.0	0.0	0.0	0.0	0.0	0.0	0.0	0.0	0.0	0.0	0.0	0.0	0.0	0.0	0.0	0.0	0.0	0.0	0.0	0.0	0.0	0.0	0.0	0.0	0.0	0.0	0.0	0.0	0.0	0.0	0.0	0.0	0.0	0.0	0.0	0.0	0.0	0.0	0.0	0.0	0.0	0.0	0.0	0.0	0.0	0.0	0.0	0.0	0.0	0.0	0.0	0.0	0.0	0.0	0.0	0.0	0.0	0.0	0
89.592789	89.347023	99.242447	100.0	89.323471	91.567474	91.433708	89.315414	91.577629	91.268707	89.559067	91.487625	91.436996	91.510895	91.574623	89.402557	91.506981	91.480713	91.344238	91.555939	91.482727	89.532806	89.430519	89.386192	89.341026	90.977158	88.822647	89.592422	88.604065	88.630722	88.93885	88.974869	89.066574	89.027618	89.406319	89.433113	89.422005	89.538399	89.418732	89.440353	89.089325	79.357147	0.0	0.0	0.0	0.0	0.0	79.025055	0.0	0.0	0.0	0.0	0.0	0.0	0.0	0.0	0.0	0.0	0.0	0.0	0.0	0.0	0.0	0.0	0.0	0.0	79.004944	0.0	0.0	0.0	0.0	0.0	0.0	0.0	0.0	0.0	0.0	0.0	0.0	0.0	0.0	0.0	0.0	0.0	0.0	0.0	0.0	0.0	0.0	0.0	0.0	0.0	0.0	0.0	0.0	0.0	0.0	0.0	0.0	0.0	0.0	0.0	0.0	0.0	0.0	0.0	0.0	0.0	0.0	0.0	0.0	0.0	0.0	0.0	0.0	0.0	0.0	0.0	0.0	0.0	0.0	0.0	0.0	0.0	0.0	0
99.102661	92.052444	89.31736	89.323471	100.0	89.29673	89.228256	91.996719	89.262131	89.210876	98.360489	89.271545	89.254021	89.302422	89.373138	92.03299	89.415306	89.224854	89.186966	89.276436	89.223816	92.106499	92.105148	91.99791	91.936485	91.482956	93.406746	99.048813	94.265648	94.250534	94.901978	94.795898	95.36834	95.292572	92.051239	92.058762	92.027466	99.051201	92.020821	92.064911	91.465492	78.798851	0.0	79.211662	0.0	0.0	0.0	0.0	0.0	0.0	0.0	0.0	0.0	0.0	0.0	0.0	0.0	0.0	0.0	0.0	0.0	0.0	0.0	0.0	0.0	0.0	0.0	78.368874	0.0	0.0	0.0	0.0	0.0	0.0	0.0	0.0	0.0	0.0	0.0	0.0	0.0	0.0	0.0	0.0	0.0	0.0	0.0	0.0	0.0	0.0	0.0	0.0	0.0	0.0	0.0	0.0	0.0	0.0	0.0	0.0	0.0	0.0	0.0	0.0	0.0	0.0	0.0	0.0	0.0	0.0	0.0	0.0	0.0	0.0	0.0	0.0	0.0	0.0	0.0	0.0	0.0	0.0	0.0	0.0	0.0	0
89.441109	89.212372	91.516434	91.567474	89.29673	100.0	98.560928	89.163422	98.428177	98.277199	89.461136	97.909302	98.555649	98.412125	97.940514	89.302437	97.913414	97.963638	98.444427	98.346046	98.322884	89.409218	89.394226	89.283386	89.101395	90.165482	88.898209	89.538933	88.855354	88.868042	89.217438	89.184448	89.224548	89.228882	89.193542	89.218605	89.288651	89.397316	89.235558	89.273209	88.776436	79.161148	78.651474	78.729134	0.0	0.0	0.0	0.0	0.0	0.0	0.0	0.0	78.647835	0.0	0.0	0.0	0.0	0.0	0.0	0.0	0.0	0.0	0.0	0.0	0.0	0.0	0.0	0.0	0.0	0.0	0.0	0.0	0.0	0.0	0.0	0.0	0.0	0.0	0.0	0.0	0.0	0.0	0.0	0.0	0.0	0.0	0.0	0.0	0.0	0.0	0.0	0.0	0.0	0.0	0.0	0.0	0.0	0.0	0.0	0.0	0.0	0.0	0.0	0.0	0.0	0.0	0.0	0.0	0.0	0.0	0.0	0.0	0.0	0.0	0.0	0.0	0.0	0.0	0.0	0.0	0.0	0.0	0.0	0.0	0.0	0
89.478889	89.21624	91.4832	91.433708	89.228256	98.560928	100.0	89.098633	98.403542	98.226318	89.422165	97.95105	98.515556	98.407089	98.035126	89.307457	97.878952	98.059639	98.332504	98.246841	98.188103	89.394119	89.414581	89.271294	89.146317	90.161224	88.966827	89.482727	88.808075	88.890274	89.287369	89.272217	89.210335	89.20359	89.173973	89.194412	89.286362	89.432922	89.217438	89.23278	88.850403	79.227829	0.0	78.642258	0.0	0.0	0.0	0.0	0.0	0.0	0.0	0.0	0.0	0.0	0.0	0.0	0.0	0.0	0.0	0.0	0.0	0.0	0.0	0.0	0.0	0.0	0.0	0.0	0.0	0.0	0.0	0.0	0.0	0.0	0.0	0.0	0.0	0.0	0.0	0.0	0.0	0.0	0.0	0.0	0.0	0.0	0.0	0.0	0.0	0.0	0.0	0.0	0.0	0.0	0.0	0.0	0.0	0.0	0.0	0.0	0.0	0.0	0.0	0.0	0.0	0.0	0.0	0.0	0.0	0.0	0.0	0.0	0.0	0.0	0.0	0.0	0.0	0.0	0.0	0.0	0.0	0.0	0.0	0.0	0.0	0
92.165375	98.282402	89.336784	89.315414	91.996719	89.163422	89.098633	100.0	89.14756	89.089081	92.116501	89.143265	89.124863	89.150475	89.093842	98.491318	89.213379	89.152374	89.068832	89.132736	89.10836	96.331589	96.454979	98.304657	97.279449	90.87587	90.909088	92.141586	90.807999	90.827423	91.173737	91.140564	91.526489	91.501595	96.141243	96.131073	98.508392	92.111023	98.459053	98.296066	95.015656	78.626343	78.047523	78.139282	0.0	0.0	0.0	0.0	0.0	0.0	0.0	0.0	0.0	0.0	0.0	0.0	0.0	0.0	0.0	0.0	0.0	0.0	0.0	0.0	0.0	0.0	0.0	0.0	0.0	0.0	0.0	0.0	0.0	0.0	0.0	0.0	0.0	0.0	0.0	0.0	0.0	0.0	0.0	0.0	0.0	0.0	0.0	0.0	0.0	0.0	0.0	0.0	0.0	0.0	0.0	0.0	0.0	0.0	0.0	0.0	0.0	0.0	0.0	0.0	0.0	0.0	0.0	0.0	0.0	0.0	0.0	0.0	0.0	0.0	0.0	0.0	0.0	0.0	0.0	0.0	0.0	0.0	0.0	0.0	0.0	0
89.451645	89.316162	91.564011	91.577629	89.262131	98.428177	98.403542	89.14756	100.0	98.31012	89.486099	97.914413	98.416862	98.546326	97.967438	89.273102	97.902695	98.015137	98.399002	98.410263	98.409698	89.391296	89.325699	89.26181	89.167831	90.237183	88.997833	89.560852	88.840729	88.893433	89.347435	89.29097	89.208076	89.177094	89.213547	89.187088	89.264877	89.429848	89.247925	89.190247	88.780388	79.241585	78.710052	78.844711	0.0	0.0	0.0	0.0	0.0	0.0	0.0	0.0	0.0	0.0	0.0	0.0	0.0	0.0	0.0	0.0	0.0	0.0	0.0	0.0	0.0	0.0	0.0	0.0	0.0	0.0	0.0	0.0	0.0	0.0	0.0	0.0	0.0	0.0	0.0	0.0	0.0	0.0	0.0	0.0	0.0	0.0	0.0	0.0	0.0	0.0	0.0	0.0	0.0	0.0	0.0	0.0	0.0	0.0	0.0	0.0	0.0	0.0	0.0	0.0	0.0	0.0	0.0	0.0	0.0	0.0	0.0	0.0	0.0	0.0	0.0	0.0	0.0	0.0	0.0	0.0	0.0	0.0	0.0	0.0	0.0	0
89.327103	89.171951	91.441772	91.268707	89.210876	98.277199	98.226318	89.089081	98.31012	100.0	89.33419	97.98999	98.237259	98.257874	97.891617	89.173363	97.847359	97.9338	98.038635	98.247856	98.345932	89.283905	89.302528	89.131302	88.978592	90.041946	88.76178	89.412697	88.756546	88.745544	89.138535	89.143158	89.001785	89.041779	89.134354	89.174072	89.137421	89.386658	89.140755	89.099731	88.615997	78.663635	78.169083	78.21978	0.0	0.0	0.0	0.0	0.0	0.0	0.0	0.0	0.0	0.0	0.0	0.0	0.0	0.0	0.0	0.0	0.0	0.0	0.0	0.0	0.0	0.0	0.0	0.0	0.0	0.0	0.0	0.0	0.0	0.0	0.0	0.0	0.0	0.0	0.0	0.0	0.0	0.0	0.0	0.0	0.0	0.0	0.0	0.0	0.0	0.0	0.0	0.0	0.0	0.0	0.0	0.0	0.0	0.0	0.0	0.0	0.0	0.0	0.0	0.0	0.0	0.0	0.0	0.0	0.0	0.0	0.0	0.0	0.0	0.0	0.0	0.0	0.0	0.0	0.0	0.0	0.0	0.0	0.0	0.0	0.0	0
98.499496	92.246544	89.486572	89.559067	98.360489	89.461136	89.422165	92.116501	89.486099	89.33419	100.0	89.496353	89.468506	89.438408	89.542938	92.220764	89.586334	89.512161	89.283226	89.491806	89.356987	92.26651	92.333939	92.182106	92.074539	91.628601	93.505966	98.573303	94.389603	94.35939	94.949524	94.880997	95.454895	95.424728	92.173103	92.171539	92.2173	98.466125	92.22728	92.178459	91.682205	79.235153	79.077057	0.0	0.0	78.891777	0.0	0.0	0.0	0.0	0.0	0.0	0.0	0.0	0.0	0.0	0.0	0.0	0.0	0.0	0.0	0.0	0.0	0.0	0.0	0.0	0.0	0.0	0.0	0.0	0.0	0.0	0.0	0.0	0.0	0.0	0.0	0.0	0.0	0.0	0.0	0.0	0.0	0.0	0.0	0.0	0.0	0.0	0.0	0.0	0.0	0.0	0.0	0.0	0.0	0.0	0.0	0.0	0.0	0.0	0.0	0.0	0.0	0.0	0.0	0.0	0.0	0.0	0.0	0.0	0.0	0.0	0.0	0.0	0.0	0.0	0.0	0.0	0.0	0.0	0.0	0.0	0.0	0.0	0.0	0
89.509583	89.259079	91.523941	91.487625	89.271545	97.909302	97.95105	89.143265	97.914413	97.98999	89.496353	100.0	97.957718	97.950729	98.478027	89.201462	98.881813	98.534332	97.900345	97.811478	97.908005	89.342575	89.288712	89.260269	89.166969	90.095215	89.005417	89.513885	88.934494	88.979355	89.354523	89.384697	89.253693	89.261658	89.184105	89.182083	89.264145	89.496521	89.217789	89.293266	88.712105	79.289368	78.869766	0.0	0.0	0.0	0.0	0.0	0.0	0.0	0.0	0.0	0.0	0.0	0.0	0.0	0.0	0.0	0.0	0.0	0.0	0.0	0.0	0.0	0.0	0.0	0.0	0.0	0.0	0.0	0.0	0.0	0.0	0.0	0.0	0.0	0.0	0.0	0.0	0.0	0.0	0.0	0.0	0.0	0.0	0.0	0.0	0.0	0.0	0.0	0.0	0.0	0.0	0.0	0.0	0.0	0.0	0.0	0.0	0.0	0.0	0.0	0.0	0.0	0.0	0.0	0.0	0.0	0.0	0.0	0.0	0.0	0.0	0.0	0.0	0.0	0.0	0.0	0.0	0.0	0.0	0.0	0.0	0.0	0.0	0
89.465393	89.306931	91.508484	91.436996	89.254021	98.555649	98.515556	89.124863	98.416862	98.237259	89.468506	97.957718	100.0	98.398407	98.006439	89.273178	97.867455	97.983246	98.430206	98.3274	98.310959	89.474968	89.376495	89.307053	89.12471	90.127663	88.893944	89.460587	88.813766	88.814667	89.30883	89.196121	89.19278	89.192513	89.214912	89.21756	89.322952	89.487518	89.296051	89.232315	88.696808	79.185135	78.607246	0.0	0.0	0.0	0.0	0.0	0.0	0.0	0.0	0.0	0.0	0.0	0.0	0.0	0.0	0.0	0.0	0.0	0.0	0.0	0.0	0.0	0.0	0.0	0.0	0.0	0.0	0.0	0.0	0.0	0.0	0.0	0.0	0.0	0.0	0.0	0.0	0.0	0.0	0.0	0.0	0.0	0.0	0.0	0.0	0.0	0.0	0.0	0.0	0.0	0.0	0.0	0.0	0.0	0.0	0.0	0.0	0.0	0.0	0.0	0.0	0.0	0.0	0.0	0.0	0.0	0.0	0.0	0.0	0.0	0.0	0.0	0.0	0.0	0.0	0.0	0.0	0.0	0.0	0.0	0.0	0.0	0.0	0
89.461945	89.290131	91.557587	91.510895	89.302422	98.412125	98.407089	89.150475	98.546326	98.257874	89.438408	97.950729	98.398407	100.0	97.874924	89.269897	97.885986	98.00219	98.287041	98.394974	98.370361	89.359261	89.398087	89.239662	89.108093	90.140358	88.95816	89.50528	88.796783	88.864868	89.345451	89.34787	89.237885	89.270508	89.25061	89.264847	89.247849	89.483528	89.222252	89.261887	88.788155	79.480728	78.508392	0.0	0.0	0.0	0.0	0.0	0.0	0.0	0.0	0.0	0.0	0.0	0.0	0.0	0.0	0.0	0.0	0.0	0.0	0.0	0.0	0.0	0.0	0.0	0.0	0.0	0.0	0.0	0.0	0.0	0.0	0.0	0.0	0.0	0.0	0.0	0.0	0.0	0.0	0.0	0.0	0.0	0.0	0.0	0.0	0.0	0.0	0.0	0.0	0.0	0.0	0.0	0.0	0.0	0.0	0.0	0.0	0.0	0.0	0.0	0.0	0.0	0.0	0.0	0.0	0.0	0.0	0.0	0.0	0.0	0.0	0.0	0.0	0.0	0.0	0.0	0.0	0.0	0.0	0.0	0.0	0.0	0.0	0
89.587067	89.214302	91.592407	91.574623	89.373138	97.940514	98.035126	89.093842	97.967438	97.891617	89.542938	98.478027	98.006439	97.874924	100.0	89.143074	98.385628	98.60202	97.856979	97.819229	97.869133	89.360748	89.279411	89.252899	89.263023	90.086624	88.973755	89.535835	88.85376	89.028595	89.436005	89.421448	89.313179	89.311493	89.147675	89.207832	89.256279	89.525978	89.214355	89.21077	88.918968	79.414726	0.0	0.0	0.0	0.0	78.72155	0.0	0.0	0.0	0.0	0.0	0.0	0.0	0.0	0.0	0.0	0.0	0.0	0.0	0.0	0.0	0.0	0.0	0.0	0.0	0.0	0.0	0.0	0.0	0.0	0.0	0.0	0.0	0.0	0.0	0.0	0.0	0.0	0.0	0.0	0.0	0.0	0.0	0.0	0.0	0.0	0.0	0.0	0.0	0.0	0.0	0.0	0.0	0.0	0.0	0.0	0.0	0.0	0.0	0.0	0.0	0.0	0.0	0.0	0.0	0.0	0.0	0.0	0.0	0.0	0.0	0.0	0.0	0.0	0.0	0.0	0.0	0.0	0.0	0.0	0.0	0.0	0.0	0.0	0
92.267899	98.545578	89.362961	89.402557	92.03299	89.302437	89.307457	98.491318	89.273102	89.173363	92.220764	89.201462	89.273178	89.269897	89.143074	100.0	89.323654	89.263786	89.123413	89.218399	89.171608	96.448555	96.507156	98.581192	97.265663	90.974709	91.000427	92.068588	90.90992	90.925964	91.315826	91.163078	91.463074	91.53006	96.262512	96.260712	99.277	92.224335	99.362061	98.609192	94.985397	79.327469	0.0	0.0	0.0	0.0	0.0	0.0	0.0	79.023293	0.0	0.0	0.0	0.0	0.0	0.0	0.0	0.0	0.0	0.0	0.0	0.0	0.0	0.0	0.0	0.0	0.0	0.0	0.0	0.0	0.0	0.0	0.0	0.0	0.0	0.0	0.0	0.0	0.0	0.0	0.0	0.0	0.0	0.0	0.0	0.0	0.0	0.0	0.0	0.0	0.0	0.0	0.0	0.0	0.0	0.0	0.0	0.0	0.0	0.0	0.0	0.0	0.0	0.0	0.0	0.0	0.0	0.0	0.0	0.0	0.0	0.0	0.0	0.0	0.0	0.0	0.0	0.0	0.0	0.0	0.0	0.0	0.0	0.0	0.0	0
89.634811	89.381493	91.475372	91.506981	89.415306	97.913414	97.878952	89.213379	97.902695	97.847359	89.586334	98.881813	97.867455	97.885986	98.385628	89.323654	100.0	98.38829	97.710297	97.846375	97.855995	89.345932	89.326088	89.370285	89.230423	90.161087	89.071564	89.646355	88.954437	89.0084	89.413071	89.480927	89.313843	89.353699	89.214203	89.190247	89.331078	89.612564	89.387222	89.380753	88.813568	79.243248	0.0	0.0	0.0	0.0	0.0	0.0	0.0	0.0	0.0	0.0	0.0	0.0	0.0	0.0	0.0	0.0	0.0	0.0	0.0	0.0	0.0	0.0	0.0	0.0	0.0	0.0	0.0	0.0	0.0	0.0	0.0	0.0	0.0	0.0	0.0	0.0	0.0	0.0	0.0	0.0	0.0	0.0	0.0	0.0	0.0	0.0	0.0	0.0	0.0	0.0	0.0	0.0	0.0	0.0	0.0	0.0	0.0	0.0	0.0	0.0	0.0	0.0	0.0	0.0	0.0	0.0	0.0	0.0	0.0	0.0	0.0	0.0	0.0	0.0	0.0	0.0	0.0	0.0	0.0	0.0	0.0	0.0	0.0	0
89.46273	89.278824	91.517616	91.480713	89.224854	97.963638	98.059639	89.152374	98.015137	97.9338	89.512161	98.534332	97.983246	98.00219	98.60202	89.263786	98.38829	100.0	97.865158	97.943298	97.954163	89.404137	89.393105	89.228531	89.091171	90.106049	88.881378	89.542244	88.869041	88.88134	89.392242	89.325287	89.274887	89.264267	89.16626	89.114731	89.269501	89.426338	89.190376	89.248688	88.769165	79.112976	0.0	0.0	0.0	0.0	0.0	0.0	0.0	0.0	0.0	0.0	0.0	0.0	0.0	0.0	0.0	0.0	0.0	0.0	0.0	0.0	0.0	0.0	0.0	0.0	0.0	0.0	0.0	0.0	0.0	0.0	0.0	0.0	0.0	0.0	0.0	0.0	0.0	0.0	0.0	0.0	0.0	0.0	0.0	0.0	0.0	0.0	0.0	0.0	0.0	0.0	0.0	0.0	0.0	0.0	0.0	0.0	0.0	0.0	0.0	0.0	0.0	0.0	0.0	0.0	0.0	0.0	0.0	0.0	0.0	0.0	0.0	0.0	0.0	0.0	0.0	0.0	0.0	0.0	0.0	0.0	0.0	0.0	0.0	0
89.313477	89.137543	91.366531	91.344238	89.186966	98.444427	98.332504	89.068832	98.399002	98.038635	89.283226	97.900345	98.430206	98.287041	97.856979	89.123413	97.710297	97.865158	100.0	98.2547	98.295273	89.230003	89.228371	89.199158	89.026627	89.993973	88.886734	89.351959	88.751144	88.783722	89.121307	89.12291	89.107674	89.063622	89.066818	89.095734	89.148422	89.371025	89.162933	89.100708	88.622604	78.63343	0.0	0.0	0.0	0.0	0.0	0.0	0.0	0.0	0.0	0.0	0.0	0.0	0.0	0.0	0.0	0.0	0.0	0.0	0.0	0.0	0.0	0.0	0.0	0.0	0.0	0.0	0.0	0.0	0.0	0.0	0.0	0.0	0.0	0.0	0.0	0.0	0.0	0.0	0.0	0.0	0.0	0.0	0.0	0.0	0.0	0.0	0.0	0.0	0.0	0.0	0.0	0.0	0.0	0.0	0.0	0.0	0.0	0.0	0.0	0.0	0.0	0.0	0.0	0.0	0.0	0.0	0.0	0.0	0.0	0.0	0.0	0.0	0.0	0.0	0.0	0.0	0.0	0.0	0.0	0.0	0.0	0.0	0.0	0
89.465446	89.336487	91.5439	91.555939	89.276436	98.346046	98.246841	89.132736	98.410263	98.247856	89.491806	97.811478	98.3274	98.394974	97.819229	89.218399	97.846375	97.943298	98.2547	100.0	98.705643	89.430878	89.351135	89.303833	89.198349	90.158592	88.863525	89.489403	88.810455	88.793335	89.264854	89.272232	89.191483	89.167496	89.281021	89.287674	89.284668	89.482857	89.274445	89.279259	88.760368	79.372154	0.0	0.0	0.0	0.0	0.0	0.0	0.0	0.0	0.0	0.0	0.0	0.0	0.0	0.0	0.0	0.0	0.0	0.0	0.0	0.0	0.0	0.0	0.0	0.0	0.0	0.0	0.0	0.0	0.0	0.0	0.0	0.0	0.0	0.0	0.0	0.0	0.0	0.0	0.0	0.0	0.0	0.0	0.0	0.0	0.0	0.0	0.0	0.0	0.0	0.0	0.0	0.0	0.0	0.0	0.0	0.0	0.0	0.0	0.0	0.0	0.0	0.0	0.0	0.0	0.0	0.0	0.0	0.0	0.0	0.0	0.0	0.0	0.0	0.0	0.0	0.0	0.0	0.0	0.0	0.0	0.0	0.0	0.0	0
89.391327	89.23877	91.503036	91.482727	89.223816	98.322884	98.188103	89.10836	98.409698	98.345932	89.356987	97.908005	98.310959	98.370361	97.869133	89.171608	97.855995	97.954163	98.295273	98.705643	100.0	89.340134	89.283005	89.146713	89.146103	90.076553	88.782677	89.42688	88.722321	88.784935	89.231743	89.227287	89.094231	89.100479	89.168564	89.179184	89.173203	89.37899	89.174614	89.174049	88.764664	78.621536	0.0	0.0	0.0	0.0	0.0	0.0	0.0	0.0	0.0	0.0	0.0	0.0	0.0	0.0	0.0	0.0	0.0	0.0	0.0	0.0	0.0	0.0	0.0	0.0	0.0	0.0	0.0	0.0	0.0	0.0	0.0	0.0	0.0	0.0	0.0	0.0	0.0	0.0	0.0	0.0	0.0	0.0	0.0	0.0	0.0	0.0	0.0	0.0	0.0	0.0	0.0	0.0	0.0	0.0	0.0	0.0	0.0	0.0	0.0	0.0	0.0	0.0	0.0	0.0	0.0	0.0	0.0	0.0	0.0	0.0	0.0	0.0	0.0	0.0	0.0	0.0	0.0	0.0	0.0	0.0	0.0	0.0	0.0	0
92.347534	96.440628	89.461487	89.532806	92.106499	89.409218	89.394119	96.331589	89.391296	89.283905	92.26651	89.342575	89.474968	89.359261	89.360748	96.448555	89.345932	89.404137	89.230003	89.430878	89.340134	100.0	98.937683	96.432205	96.136681	91.014549	91.159576	92.320419	91.167442	91.165024	91.459015	91.400856	91.742989	91.726166	95.852325	95.802521	96.459167	92.270752	96.435638	96.457558	94.815979	79.174767	0.0	0.0	0.0	0.0	0.0	0.0	0.0	0.0	0.0	0.0	0.0	0.0	0.0	0.0	0.0	0.0	0.0	0.0	0.0	0.0	0.0	0.0	0.0	0.0	0.0	0.0	0.0	0.0	0.0	0.0	0.0	0.0	0.0	0.0	0.0	0.0	0.0	0.0	0.0	0.0	0.0	0.0	0.0	0.0	0.0	0.0	0.0	0.0	0.0	0.0	0.0	0.0	0.0	0.0	0.0	0.0	0.0	0.0	0.0	0.0	0.0	0.0	0.0	0.0	0.0	0.0	0.0	0.0	0.0	0.0	0.0	0.0	0.0	0.0	0.0	0.0	0.0	0.0	0.0	0.0	0.0	0.0	0.0	0
92.343994	96.467743	89.380234	89.430519	92.105148	89.394226	89.414581	96.454979	89.325699	89.302528	92.333939	89.288712	89.376495	89.398087	89.279411	96.507156	89.326088	89.393105	89.228371	89.351135	89.283005	98.937683	100.0	96.315292	96.252548	91.042511	91.054199	92.328156	91.172012	91.1782	91.5009	91.393982	91.747574	91.723267	95.878632	95.837303	96.521591	92.333618	96.520302	96.474442	94.820084	79.153732	0.0	0.0	0.0	0.0	0.0	0.0	0.0	0.0	0.0	0.0	0.0	0.0	0.0	0.0	0.0	0.0	0.0	0.0	0.0	0.0	0.0	0.0	0.0	0.0	0.0	0.0	0.0	0.0	0.0	0.0	0.0	0.0	0.0	0.0	0.0	0.0	0.0	0.0	0.0	0.0	0.0	0.0	0.0	0.0	0.0	0.0	0.0	0.0	0.0	0.0	0.0	0.0	0.0	0.0	0.0	0.0	0.0	0.0	0.0	0.0	0.0	0.0	0.0	0.0	0.0	0.0	0.0	0.0	0.0	0.0	0.0	0.0	0.0	0.0	0.0	0.0	0.0	0.0	0.0	0.0	0.0	0.0	0.0	0
92.245346	98.757965	89.363365	89.386192	91.99791	89.283386	89.271294	98.304657	89.26181	89.131302	92.182106	89.260269	89.307053	89.239662	89.252899	98.581192	89.370285	89.228531	89.199158	89.303833	89.146713	96.432205	96.315292	100.0	97.097168	90.957733	90.948227	92.195129	90.903793	90.938965	91.304688	91.257156	91.568314	91.500946	96.173256	96.191681	98.570641	92.193489	98.355408	98.661888	94.984299	79.260803	0.0	0.0	0.0	0.0	0.0	0.0	0.0	0.0	0.0	0.0	0.0	0.0	0.0	0.0	0.0	0.0	0.0	0.0	0.0	0.0	0.0	0.0	0.0	0.0	0.0	0.0	0.0	0.0	0.0	0.0	0.0	0.0	0.0	0.0	0.0	0.0	0.0	0.0	0.0	0.0	0.0	0.0	0.0	0.0	0.0	0.0	0.0	0.0	0.0	0.0	0.0	0.0	0.0	0.0	0.0	0.0	0.0	0.0	0.0	0.0	0.0	0.0	0.0	0.0	0.0	0.0	0.0	0.0	0.0	0.0	0.0	0.0	0.0	0.0	0.0	0.0	0.0	0.0	0.0	0.0	0.0	0.0	0.0	0
92.21875	97.217422	89.37883	89.341026	91.936485	89.101395	89.146317	97.279449	89.167831	88.978592	92.074539	89.166969	89.12471	89.108093	89.263023	97.265663	89.230423	89.091171	89.026627	89.198349	89.146103	96.136681	96.252548	97.097168	100.0	90.861649	91.02317	92.081863	90.964203	90.954834	91.136353	91.205307	91.396698	91.459122	96.023575	95.995193	97.260574	92.154785	97.141922	97.273865	94.844925	79.282471	0.0	0.0	0.0	0.0	0.0	0.0	0.0	0.0	0.0	0.0	0.0	0.0	0.0	0.0	0.0	0.0	0.0	0.0	0.0	0.0	0.0	0.0	0.0	0.0	0.0	0.0	0.0	0.0	0.0	0.0	0.0	0.0	0.0	0.0	0.0	0.0	0.0	0.0	0.0	0.0	0.0	0.0	0.0	0.0	0.0	0.0	0.0	0.0	0.0	0.0	0.0	0.0	0.0	0.0	0.0	0.0	0.0	0.0	0.0	0.0	0.0	0.0	0.0	0.0	0.0	0.0	0.0	0.0	0.0	0.0	0.0	0.0	0.0	0.0	0.0	0.0	0.0	0.0	0.0	0.0	0.0	0.0	0.0	0
91.63253	90.989532	90.9814	90.977158	91.482956	90.165482	90.161224	90.87587	90.237183	90.041946	91.628601	90.095215	90.127663	90.140358	90.086624	90.974709	90.161087	90.106049	89.993973	90.158592	90.076553	91.014549	91.042511	90.957733	90.861649	100.0	90.528946	91.719345	90.147842	90.223969	90.595871	90.604385	90.90152	90.899887	91.035095	91.0317	90.931747	91.687103	90.948021	90.934708	90.483673	79.115555	0.0	0.0	0.0	0.0	0.0	0.0	0.0	0.0	0.0	0.0	0.0	0.0	0.0	0.0	0.0	0.0	0.0	0.0	0.0	0.0	0.0	0.0	0.0	0.0	0.0	0.0	0.0	0.0	0.0	0.0	0.0	0.0	0.0	0.0	0.0	0.0	0.0	0.0	0.0	0.0	0.0	0.0	0.0	0.0	0.0	0.0	0.0	0.0	0.0	0.0	0.0	0.0	0.0	0.0	0.0	0.0	0.0	0.0	0.0	0.0	0.0	0.0	0.0	0.0	0.0	0.0	0.0	0.0	0.0	0.0	0.0	0.0	0.0	0.0	0.0	0.0	0.0	0.0	0.0	0.0	0.0	0.0	0.0	0
93.526566	91.062248	88.761826	88.822647	93.406746	88.898209	88.966827	90.909088	88.997833	88.76178	93.505966	89.005417	88.893944	88.95816	88.973755	91.000427	89.071564	88.881378	88.886734	88.863525	88.782677	91.159576	91.054199	90.948227	91.02317	90.528946	100.0	93.617752	92.404434	92.438141	92.825378	92.82074	93.04332	93.025223	91.071213	91.020493	91.02179	93.619904	91.00473	91.036377	90.564919	78.946838	0.0	0.0	0.0	0.0	0.0	0.0	0.0	0.0	0.0	0.0	0.0	0.0	0.0	0.0	0.0	0.0	0.0	0.0	0.0	0.0	0.0	0.0	0.0	0.0	0.0	0.0	0.0	0.0	0.0	0.0	0.0	0.0	0.0	0.0	0.0	0.0	0.0	0.0	0.0	0.0	0.0	0.0	0.0	0.0	0.0	0.0	0.0	0.0	0.0	0.0	0.0	0.0	0.0	0.0	0.0	0.0	0.0	0.0	0.0	0.0	0.0	0.0	0.0	0.0	0.0	0.0	0.0	0.0	0.0	0.0	0.0	0.0	0.0	0.0	0.0	0.0	0.0	0.0	0.0	0.0	0.0	0.0	0.0	0
99.306351	92.284729	89.551987	89.592422	99.048813	89.538933	89.482727	92.141586	89.560852	89.412697	98.573303	89.513885	89.460587	89.50528	89.535835	92.068588	89.646355	89.542244	89.351959	89.489403	89.42688	92.320419	92.328156	92.195129	92.081863	91.719345	93.617752	100.0	94.488861	94.512161	95.013718	94.865402	95.381744	95.47673	92.215485	92.242325	92.211716	99.340027	92.208229	92.222061	91.639175	79.253021	0.0	0.0	0.0	0.0	0.0	0.0	0.0	0.0	0.0	0.0	0.0	0.0	0.0	0.0	0.0	0.0	0.0	0.0	0.0	0.0	0.0	0.0	0.0	0.0	0.0	0.0	0.0	0.0	0.0	0.0	0.0	0.0	0.0	0.0	0.0	0.0	0.0	0.0	0.0	0.0	0.0	0.0	0.0	0.0	0.0	0.0	0.0	0.0	0.0	0.0	0.0	0.0	0.0	0.0	0.0	0.0	0.0	0.0	0.0	0.0	0.0	0.0	0.0	0.0	0.0	0.0	0.0	0.0	0.0	0.0	0.0	0.0	0.0	0.0	0.0	0.0	0.0	0.0	0.0	0.0	0.0	0.0	0.0	0
94.506073	90.957878	88.536133	88.604065	94.265648	88.855354	88.808075	90.807999	88.840729	88.756546	94.389603	88.934494	88.813766	88.796783	88.85376	90.90992	88.954437	88.869041	88.751144	88.810455	88.722321	91.167442	91.172012	90.903793	90.964203	90.147842	92.404434	94.488861	100.0	99.092194	95.436325	95.490631	95.422729	95.383087	90.840347	90.828949	90.936104	94.482979	90.87426	90.883621	90.237183	79.120575	0.0	0.0	0.0	0.0	0.0	0.0	0.0	0.0	0.0	0.0	0.0	0.0	0.0	0.0	0.0	0.0	0.0	0.0	0.0	0.0	0.0	0.0	0.0	0.0	0.0	0.0	0.0	0.0	0.0	0.0	0.0	0.0	0.0	0.0	0.0	0.0	0.0	0.0	0.0	0.0	0.0	0.0	0.0	0.0	0.0	0.0	0.0	0.0	0.0	0.0	0.0	0.0	0.0	0.0	0.0	0.0	0.0	0.0	0.0	0.0	0.0	0.0	0.0	0.0	0.0	0.0	0.0	0.0	0.0	0.0	0.0	0.0	0.0	0.0	0.0	0.0	0.0	0.0	0.0	0.0	0.0	0.0	0.0	0
94.490524	90.993469	88.643753	88.630722	94.250534	88.868042	88.890274	90.827423	88.893433	88.745544	94.35939	88.979355	88.814667	88.864868	89.028595	90.925964	89.0084	88.88134	88.783722	88.793335	88.784935	91.165024	91.1782	90.938965	90.954834	90.223969	92.438141	94.512161	99.092194	100.0	95.536575	95.515663	95.375008	95.419495	90.843964	90.865173	90.961449	94.523216	90.950233	90.975418	90.371834	79.111115	0.0	0.0	0.0	0.0	0.0	0.0	0.0	0.0	0.0	0.0	0.0	0.0	0.0	0.0	0.0	0.0	0.0	0.0	0.0	0.0	0.0	0.0	0.0	0.0	0.0	0.0	0.0	0.0	0.0	0.0	0.0	0.0	0.0	0.0	0.0	0.0	0.0	0.0	0.0	0.0	0.0	0.0	0.0	0.0	0.0	0.0	0.0	0.0	0.0	0.0	0.0	0.0	0.0	0.0	0.0	0.0	0.0	0.0	0.0	0.0	0.0	0.0	0.0	0.0	0.0	0.0	0.0	0.0	0.0	0.0	0.0	0.0	0.0	0.0	0.0	0.0	0.0	0.0	0.0	0.0	0.0	0.0	0.0	0
95.043396	91.35144	88.931061	88.93885	94.901978	89.217438	89.287369	91.173737	89.347435	89.138535	94.949524	89.354523	89.30883	89.345451	89.436005	91.315826	89.413071	89.392242	89.121307	89.264854	89.231743	91.459015	91.5009	91.304688	91.136353	90.595871	92.825378	95.013718	95.436325	95.536575	100.0	98.722076	96.07254	96.136963	91.183533	91.175575	91.260643	95.075348	91.244415	91.284355	90.636124	79.340164	0.0	0.0	0.0	0.0	0.0	0.0	0.0	0.0	0.0	0.0	0.0	0.0	0.0	0.0	0.0	0.0	0.0	0.0	0.0	0.0	0.0	0.0	0.0	0.0	0.0	0.0	0.0	0.0	0.0	0.0	0.0	0.0	0.0	0.0	0.0	0.0	0.0	0.0	0.0	0.0	0.0	0.0	0.0	0.0	0.0	0.0	0.0	0.0	0.0	0.0	0.0	0.0	0.0	0.0	0.0	0.0	0.0	0.0	0.0	0.0	0.0	0.0	0.0	0.0	0.0	0.0	0.0	0.0	0.0	0.0	0.0	0.0	0.0	0.0	0.0	0.0	0.0	0.0	0.0	0.0	0.0	0.0	0.0	0
95.027466	91.293098	89.017731	88.974869	94.795898	89.184448	89.272217	91.140564	89.29097	89.143158	94.880997	89.384697	89.196121	89.34787	89.421448	91.163078	89.480927	89.325287	89.12291	89.272232	89.227287	91.400856	91.393982	91.257156	91.205307	90.604385	92.82074	94.865402	95.490631	95.515663	98.722076	100.0	95.919785	96.119751	91.229286	91.228065	91.272141	94.978836	91.215942	91.272469	90.710022	79.263206	0.0	0.0	0.0	0.0	0.0	0.0	0.0	0.0	0.0	0.0	0.0	0.0	0.0	0.0	0.0	0.0	0.0	0.0	0.0	0.0	0.0	0.0	0.0	0.0	0.0	0.0	0.0	0.0	0.0	0.0	0.0	0.0	0.0	0.0	0.0	0.0	0.0	0.0	0.0	0.0	0.0	0.0	0.0	0.0	0.0	0.0	0.0	0.0	0.0	0.0	0.0	0.0	0.0	0.0	0.0	0.0	0.0	0.0	0.0	0.0	0.0	0.0	0.0	0.0	0.0	0.0	0.0	0.0	0.0	0.0	0.0	0.0	0.0	0.0	0.0	0.0	0.0	0.0	0.0	0.0	0.0	0.0	0.0	0
95.589684	91.581848	89.003922	89.066574	95.36834	89.224548	89.210335	91.526489	89.208076	89.001785	95.454895	89.253693	89.19278	89.237885	89.313179	91.463074	89.313843	89.274887	89.107674	89.191483	89.094231	91.742989	91.747574	91.568314	91.396698	90.90152	93.04332	95.381744	95.422729	95.375008	96.07254	95.919785	100.0	98.586136	91.547882	91.522369	91.606514	95.522789	91.538742	91.568954	90.894073	79.190231	0.0	0.0	0.0	0.0	0.0	0.0	0.0	0.0	0.0	0.0	0.0	0.0	0.0	0.0	0.0	0.0	0.0	0.0	0.0	0.0	0.0	0.0	0.0	0.0	0.0	0.0	0.0	0.0	0.0	0.0	0.0	0.0	0.0	0.0	0.0	0.0	0.0	0.0	0.0	0.0	0.0	0.0	0.0	0.0	0.0	0.0	0.0	0.0	0.0	0.0	0.0	0.0	0.0	0.0	0.0	0.0	0.0	0.0	0.0	0.0	0.0	0.0	0.0	0.0	0.0	0.0	0.0	0.0	0.0	0.0	0.0	0.0	0.0	0.0	0.0	0.0	0.0	0.0	0.0	0.0	0.0	0.0	0.0	0
95.506912	91.546265	89.043312	89.027618	95.292572	89.228882	89.20359	91.501595	89.177094	89.041779	95.424728	89.261658	89.192513	89.270508	89.311493	91.53006	89.353699	89.264267	89.063622	89.167496	89.100479	91.726166	91.723267	91.500946	91.459122	90.899887	93.025223	95.47673	95.383087	95.419495	96.136963	96.119751	98.586136	100.0	91.536926	91.495483	91.526314	95.505142	91.554604	91.502396	90.916214	79.39814	0.0	0.0	0.0	0.0	0.0	0.0	0.0	0.0	0.0	0.0	0.0	0.0	0.0	0.0	0.0	0.0	0.0	0.0	0.0	0.0	0.0	0.0	0.0	0.0	0.0	0.0	0.0	0.0	0.0	0.0	0.0	0.0	0.0	0.0	0.0	0.0	0.0	0.0	0.0	0.0	0.0	0.0	0.0	0.0	0.0	0.0	0.0	0.0	0.0	0.0	0.0	0.0	0.0	0.0	0.0	0.0	0.0	0.0	0.0	0.0	0.0	0.0	0.0	0.0	0.0	0.0	0.0	0.0	0.0	0.0	0.0	0.0	0.0	0.0	0.0	0.0	0.0	0.0	0.0	0.0	0.0	0.0	0.0	0
92.220261	96.137291	89.350677	89.406319	92.051239	89.193542	89.173973	96.141243	89.213547	89.134354	92.173103	89.184105	89.214912	89.25061	89.147675	96.262512	89.214203	89.16626	89.066818	89.281021	89.168564	95.852325	95.878632	96.173256	96.023575	91.035095	91.071213	92.215485	90.840347	90.843964	91.183533	91.229286	91.547882	91.536926	100.0	99.999649	96.216835	92.227623	96.189194	96.130516	94.878387	79.320312	0.0	0.0	78.730026	0.0	0.0	0.0	78.743225	0.0	0.0	0.0	0.0	0.0	0.0	0.0	0.0	0.0	0.0	0.0	0.0	0.0	0.0	0.0	0.0	0.0	0.0	0.0	0.0	0.0	0.0	0.0	0.0	0.0	0.0	0.0	0.0	0.0	0.0	0.0	0.0	0.0	0.0	0.0	0.0	0.0	0.0	0.0	0.0	0.0	0.0	0.0	0.0	0.0	0.0	0.0	0.0	0.0	0.0	0.0	0.0	0.0	0.0	0.0	0.0	0.0	0.0	0.0	0.0	0.0	0.0	0.0	0.0	0.0	0.0	0.0	0.0	0.0	0.0	0.0	0.0	0.0	0.0	0.0	0.0	0
92.228256	96.138184	89.393745	89.433113	92.058762	89.218605	89.194412	96.131073	89.187088	89.174072	92.171539	89.182083	89.21756	89.264847	89.207832	96.260712	89.190247	89.114731	89.095734	89.287674	89.179184	95.802521	95.837303	96.191681	95.995193	91.0317	91.020493	92.242325	90.828949	90.865173	91.175575	91.228065	91.522369	91.495483	99.999649	100.0	96.212212	92.22934	96.190437	96.107117	94.834229	79.097656	0.0	0.0	78.648247	0.0	0.0	0.0	78.826462	0.0	0.0	0.0	0.0	0.0	0.0	0.0	0.0	0.0	0.0	0.0	0.0	0.0	0.0	0.0	0.0	0.0	0.0	0.0	0.0	0.0	0.0	0.0	0.0	0.0	0.0	0.0	0.0	0.0	0.0	0.0	0.0	0.0	0.0	0.0	0.0	0.0	0.0	0.0	0.0	0.0	0.0	0.0	0.0	0.0	0.0	0.0	0.0	0.0	0.0	0.0	0.0	0.0	0.0	0.0	0.0	0.0	0.0	0.0	0.0	0.0	0.0	0.0	0.0	0.0	0.0	0.0	0.0	0.0	0.0	0.0	0.0	0.0	0.0	0.0	0.0	0
92.275429	98.481979	89.436249	89.422005	92.027466	89.288651	89.286362	98.508392	89.264877	89.137421	92.2173	89.264145	89.322952	89.247849	89.256279	99.277	89.331078	89.269501	89.148422	89.284668	89.173203	96.459167	96.521591	98.570641	97.260574	90.931747	91.02179	92.211716	90.936104	90.961449	91.260643	91.272141	91.606514	91.526314	96.216835	96.212212	100.0	92.212128	99.197098	98.573303	95.047485	79.371887	78.687828	0.0	78.725288	0.0	0.0	0.0	0.0	78.829155	0.0	78.430382	0.0	0.0	0.0	0.0	0.0	0.0	0.0	0.0	0.0	0.0	0.0	0.0	0.0	0.0	0.0	0.0	0.0	0.0	0.0	0.0	0.0	0.0	0.0	0.0	0.0	0.0	0.0	0.0	0.0	0.0	0.0	0.0	0.0	0.0	0.0	0.0	0.0	0.0	0.0	0.0	0.0	0.0	0.0	0.0	0.0	0.0	0.0	0.0	0.0	0.0	0.0	0.0	0.0	0.0	0.0	0.0	0.0	0.0	0.0	0.0	0.0	0.0	0.0	0.0	0.0	0.0	0.0	0.0	0.0	0.0	0.0	0.0	0.0	0
99.350197	92.261734	89.498947	89.538399	99.051201	89.397316	89.432922	92.111023	89.429848	89.386658	98.466125	89.496521	89.487518	89.483528	89.525978	92.224335	89.612564	89.426338	89.371025	89.482857	89.37899	92.270752	92.333618	92.193489	92.154785	91.687103	93.619904	99.340027	94.482979	94.523216	95.075348	94.978836	95.522789	95.505142	92.227623	92.22934	92.212128	100.0	92.238319	92.188225	91.621689	78.876366	79.16433	0.0	78.962868	0.0	0.0	0.0	0.0	0.0	0.0	0.0	0.0	0.0	0.0	0.0	0.0	0.0	0.0	0.0	0.0	0.0	0.0	0.0	0.0	0.0	0.0	0.0	0.0	0.0	0.0	0.0	0.0	0.0	0.0	0.0	0.0	0.0	0.0	0.0	0.0	0.0	0.0	0.0	0.0	0.0	0.0	0.0	0.0	0.0	0.0	0.0	0.0	0.0	0.0	0.0	0.0	0.0	0.0	0.0	0.0	0.0	0.0	0.0	0.0	0.0	0.0	0.0	0.0	0.0	0.0	0.0	0.0	0.0	0.0	0.0	0.0	0.0	0.0	0.0	0.0	0.0	0.0	0.0	0.0	0
92.266731	98.514053	89.347244	89.418732	92.020821	89.235558	89.217438	98.459053	89.247925	89.140755	92.22728	89.217789	89.296051	89.222252	89.214355	99.362061	89.387222	89.190376	89.162933	89.274445	89.174614	96.435638	96.520302	98.355408	97.141922	90.948021	91.00473	92.208229	90.87426	90.950233	91.244415	91.215942	91.538742	91.554604	96.189194	96.190437	99.197098	92.238319	100.0	98.556007	94.967949	79.394653	78.917419	0.0	78.905312	0.0	0.0	0.0	0.0	0.0	0.0	0.0	0.0	0.0	0.0	0.0	0.0	0.0	0.0	0.0	0.0	0.0	0.0	0.0	0.0	0.0	0.0	0.0	0.0	0.0	0.0	0.0	0.0	0.0	0.0	0.0	0.0	0.0	0.0	0.0	0.0	0.0	0.0	0.0	0.0	0.0	0.0	0.0	0.0	0.0	0.0	0.0	0.0	0.0	0.0	0.0	0.0	0.0	0.0	0.0	0.0	0.0	0.0	0.0	0.0	0.0	0.0	0.0	0.0	0.0	0.0	0.0	0.0	0.0	0.0	0.0	0.0	0.0	0.0	0.0	0.0	0.0	0.0	0.0	0.0	0
92.200439	98.624832	89.391182	89.440353	92.064911	89.273209	89.23278	98.296066	89.190247	89.099731	92.178459	89.293266	89.232315	89.261887	89.21077	98.609192	89.380753	89.248688	89.100708	89.279259	89.174049	96.457558	96.474442	98.661888	97.273865	90.934708	91.036377	92.222061	90.883621	90.975418	91.284355	91.272469	91.568954	91.502396	96.130516	96.107117	98.573303	92.188225	98.556007	100.0	94.982567	79.50959	78.716423	0.0	78.879341	0.0	0.0	0.0	0.0	0.0	0.0	0.0	0.0	0.0	0.0	0.0	0.0	0.0	0.0	0.0	0.0	0.0	0.0	0.0	0.0	0.0	0.0	0.0	0.0	0.0	0.0	0.0	0.0	0.0	0.0	0.0	0.0	0.0	0.0	0.0	0.0	0.0	0.0	0.0	0.0	0.0	0.0	0.0	0.0	0.0	0.0	0.0	0.0	0.0	0.0	0.0	0.0	0.0	0.0	0.0	0.0	0.0	0.0	0.0	0.0	0.0	0.0	0.0	0.0	0.0	0.0	0.0	0.0	0.0	0.0	0.0	0.0	0.0	0.0	0.0	0.0	0.0	0.0	0.0	0.0	0
91.563889	94.99678	89.078323	89.089325	91.465492	88.776436	88.850403	95.015656	88.780388	88.615997	91.682205	88.712105	88.696808	88.788155	88.918968	94.985397	88.813568	88.769165	88.622604	88.760368	88.764664	94.815979	94.820084	94.984299	94.844925	90.483673	90.564919	91.639175	90.237183	90.371834	90.636124	90.710022	90.894073	90.916214	94.878387	94.834229	95.047485	91.621689	94.967949	94.982567	100.0	79.29023	78.71286	78.934494	78.92289	0.0	78.711716	79.061661	79.040329	79.269302	79.071411	78.188927	79.067505	79.26545	0.0	0.0	0.0	0.0	0.0	0.0	0.0	0.0	0.0	0.0	79.14772	79.127068	79.14782	79.196304	78.686913	79.204689	79.463608	78.881454	79.26339	79.271202	0.0	0.0	0.0	0.0	0.0	0.0	0.0	0.0	0.0	0.0	0.0	0.0	0.0	0.0	0.0	0.0	0.0	0.0	0.0	0.0	0.0	0.0	0.0	0.0	0.0	0.0	0.0	0.0	0.0	0.0	0.0	0.0	0.0	0.0	0.0	0.0	0.0	0.0	0.0	0.0	0.0	0.0	0.0	0.0	0.0	0.0	0.0	0.0	0.0	0.0	0.0	0
78.865234	79.503937	79.325165	79.357147	78.798851	79.161148	79.227829	78.626343	79.241585	78.663635	79.235153	79.289368	79.185135	79.480728	79.414726	79.327469	79.243248	79.112976	78.63343	79.372154	78.621536	79.174767	79.153732	79.260803	79.282471	79.115555	78.946838	79.253021	79.120575	79.111115	79.340164	79.263206	79.190231	79.39814	79.320312	79.097656	79.371887	78.876366	79.394653	79.50959	79.29023	100.0	82.134079	82.2229	82.177879	88.072136	91.230942	93.034912	98.770782	98.798386	88.057068	81.989685	93.215538	88.097305	99.820465	81.167458	81.359734	81.339149	79.379417	79.478584	79.453079	79.003326	78.954536	91.254227	93.253479	93.401985	93.017006	91.944397	81.281296	95.631882	98.397713	93.19838	92.773026	93.010056	0.0	0.0	0.0	0.0	0.0	0.0	0.0	0.0	0.0	0.0	0.0	0.0	0.0	0.0	0.0	0.0	0.0	0.0	0.0	0.0	0.0	0.0	0.0	0.0	0.0	0.0	0.0	0.0	0.0	0.0	0.0	0.0	0.0	0.0	0.0	0.0	0.0	0.0	0.0	0.0	0.0	0.0	0.0	0.0	0.0	0.0	0.0	0.0	0.0	0.0	0.0	0
79.103531	78.688278	0.0	0.0	0.0	78.651474	0.0	78.047523	78.710052	78.169083	79.077057	78.869766	78.607246	78.508392	0.0	0.0	0.0	0.0	0.0	0.0	0.0	0.0	0.0	0.0	0.0	0.0	0.0	0.0	0.0	0.0	0.0	0.0	0.0	0.0	0.0	0.0	78.687828	79.16433	78.917419	78.716423	78.71286	82.134079	100.0	98.557472	98.407013	82.645416	81.68013	82.031105	81.704834	81.64344	82.461334	99.09758	82.284027	82.514282	81.534691	80.765289	80.70665	80.759888	79.038826	79.016396	78.993179	78.850342	78.80835	81.631668	82.246429	82.125114	82.072922	81.789886	80.775291	81.606232	81.599129	82.071777	81.991371	82.068039	0.0	0.0	0.0	0.0	0.0	0.0	0.0	0.0	0.0	0.0	0.0	0.0	0.0	0.0	0.0	0.0	0.0	0.0	0.0	0.0	0.0	0.0	0.0	0.0	0.0	0.0	0.0	0.0	0.0	0.0	0.0	0.0	0.0	0.0	0.0	0.0	0.0	0.0	0.0	0.0	0.0	0.0	0.0	0.0	0.0	0.0	0.0	0.0	0.0	0.0	0.0	0
79.079788	78.73687	0.0	0.0	79.211662	78.729134	78.642258	78.139282	78.844711	78.21978	0.0	0.0	0.0	0.0	0.0	0.0	0.0	0.0	0.0	0.0	0.0	0.0	0.0	0.0	0.0	0.0	0.0	0.0	0.0	0.0	0.0	0.0	0.0	0.0	0.0	0.0	0.0	0.0	0.0	0.0	78.934494	82.2229	98.557472	100.0	98.280365	82.637787	81.826202	82.057838	81.776749	81.694763	82.50119	98.494385	82.284058	82.459496	81.771896	80.819504	80.79155	80.758545	79.222069	79.125763	79.332016	78.680069	78.905334	81.775818	82.339172	82.247688	82.051392	81.929886	80.862633	81.758286	81.738899	82.233582	82.021851	81.954063	0.0	0.0	0.0	0.0	0.0	0.0	0.0	0.0	0.0	0.0	0.0	0.0	0.0	0.0	0.0	0.0	0.0	0.0	0.0	0.0	0.0	0.0	0.0	0.0	0.0	0.0	0.0	0.0	0.0	0.0	0.0	0.0	0.0	0.0	0.0	0.0	0.0	0.0	0.0	0.0	0.0	0.0	0.0	0.0	0.0	0.0	0.0	0.0	0.0	0.0	0.0	0
79.028748	78.779953	0.0	0.0	0.0	0.0	0.0	0.0	0.0	0.0	0.0	0.0	0.0	0.0	0.0	0.0	0.0	0.0	0.0	0.0	0.0	0.0	0.0	0.0	0.0	0.0	0.0	0.0	0.0	0.0	0.0	0.0	0.0	0.0	78.730026	78.648247	78.725288	78.962868	78.905312	78.879341	78.92289	82.177879	98.407013	98.280365	100.0	82.587547	81.80983	81.917122	81.637169	81.685608	82.553139	98.391586	82.251099	82.410477	81.777397	80.910004	80.842278	80.79435	79.085388	79.03476	78.886673	78.809784	78.899727	81.777466	82.228043	82.012749	81.956711	81.89061	80.822495	81.803978	81.649475	82.138733	81.91008	82.000046	0.0	0.0	0.0	0.0	0.0	0.0	0.0	0.0	0.0	0.0	0.0	0.0	0.0	0.0	0.0	0.0	0.0	0.0	0.0	0.0	0.0	0.0	0.0	0.0	0.0	0.0	0.0	0.0	0.0	0.0	0.0	0.0	0.0	0.0	0.0	0.0	0.0	0.0	0.0	0.0	0.0	0.0	0.0	0.0	0.0	0.0	0.0	0.0	0.0	0.0	0.0	0
78.939667	78.953415	0.0	0.0	0.0	0.0	0.0	0.0	0.0	0.0	78.891777	0.0	0.0	0.0	0.0	0.0	0.0	0.0	0.0	0.0	0.0	0.0	0.0	0.0	0.0	0.0	0.0	0.0	0.0	0.0	0.0	0.0	0.0	0.0	0.0	0.0	0.0	0.0	0.0	0.0	0.0	88.072136	82.645416	82.637787	82.587547	100.0	87.198853	88.241829	87.422661	87.493835	98.750267	82.631439	88.567947	99.331833	87.490067	80.93689	81.011612	81.040985	79.05426	78.917793	79.183441	78.801842	78.80574	87.107361	88.599876	88.373039	88.279877	87.402039	81.017487	87.28405	87.479752	88.439674	87.890465	88.12236	0.0	0.0	0.0	0.0	0.0	0.0	0.0	0.0	0.0	0.0	0.0	0.0	0.0	0.0	0.0	0.0	0.0	0.0	0.0	0.0	0.0	0.0	0.0	0.0	0.0	0.0	0.0	0.0	0.0	0.0	0.0	0.0	0.0	0.0	0.0	0.0	0.0	0.0	0.0	0.0	0.0	0.0	0.0	0.0	0.0	0.0	0.0	0.0	0.0	0.0	0.0	0
78.840828	0.0	79.108398	0.0	0.0	0.0	0.0	0.0	0.0	0.0	0.0	0.0	0.0	0.0	78.72155	0.0	0.0	0.0	0.0	0.0	0.0	0.0	0.0	0.0	0.0	0.0	0.0	0.0	0.0	0.0	0.0	0.0	0.0	0.0	0.0	0.0	0.0	0.0	0.0	0.0	78.711716	91.230942	81.68013	81.826202	81.80983	87.198853	100.0	92.210175	90.685806	90.626083	87.043953	81.620796	91.984901	87.17955	90.63974	80.759415	81.0942	81.089012	79.211456	79.016861	79.143265	78.941147	78.94133	98.998108	92.042091	92.419807	92.181915	90.473999	80.631012	90.497299	90.517265	92.051758	91.592865	91.971802	0.0	0.0	0.0	0.0	0.0	0.0	0.0	0.0	0.0	0.0	0.0	0.0	0.0	0.0	0.0	0.0	0.0	0.0	0.0	0.0	0.0	0.0	0.0	0.0	0.0	0.0	0.0	0.0	0.0	0.0	0.0	0.0	0.0	0.0	0.0	0.0	0.0	0.0	0.0	0.0	0.0	0.0	0.0	0.0	0.0	0.0	0.0	0.0	0.0	0.0	0.0	0
78.78463	0.0	78.885109	79.025055	0.0	0.0	0.0	0.0	0.0	0.0	0.0	0.0	0.0	0.0	0.0	0.0	0.0	0.0	0.0	0.0	0.0	0.0	0.0	0.0	0.0	0.0	0.0	0.0	0.0	0.0	0.0	0.0	0.0	0.0	0.0	0.0	0.0	0.0	0.0	0.0	79.061661	93.034912	82.031105	82.057838	81.917122	88.241829	92.210175	100.0	92.546051	92.478912	88.288162	81.853409	93.969772	88.25058	92.651672	80.973961	81.201721	81.168221	79.109314	78.850204	79.195908	78.861084	78.928192	92.25943	93.995964	96.581451	99.994431	91.963982	81.00116	92.203232	92.430214	93.935196	93.289703	94.837425	0.0	0.0	0.0	0.0	0.0	0.0	0.0	0.0	0.0	0.0	0.0	0.0	0.0	0.0	0.0	0.0	0.0	0.0	0.0	0.0	0.0	0.0	0.0	0.0	0.0	0.0	0.0	0.0	0.0	0.0	0.0	0.0	0.0	0.0	0.0	0.0	0.0	0.0	0.0	0.0	0.0	0.0	0.0	0.0	0.0	0.0	0.0	0.0	0.0	0.0	0.0	0
0.0	0.0	0.0	0.0	0.0	0.0	0.0	0.0	0.0	0.0	0.0	0.0	0.0	0.0	0.0	0.0	0.0	0.0	0.0	0.0	0.0	0.0	0.0	0.0	0.0	0.0	0.0	0.0	0.0	0.0	0.0	0.0	0.0	0.0	78.743225	78.826462	0.0	0.0	0.0	0.0	79.040329	98.770782	81.704834	81.776749	81.637169	87.422661	90.685806	92.546051	100.0	99.648712	87.465965	81.637543	92.753952	87.625732	98.418762	80.914154	81.178711	81.116592	79.179611	79.086243	79.01973	78.870514	79.017189	90.706833	92.814217	92.876572	92.552155	91.328285	80.894211	95.177101	97.961365	92.756271	92.226242	92.446976	0.0	0.0	0.0	0.0	0.0	0.0	0.0	0.0	0.0	0.0	0.0	0.0	0.0	0.0	0.0	0.0	0.0	0.0	0.0	0.0	0.0	0.0	0.0	0.0	0.0	0.0	0.0	0.0	0.0	0.0	0.0	0.0	0.0	0.0	0.0	0.0	0.0	0.0	0.0	0.0	0.0	0.0	0.0	0.0	0.0	0.0	0.0	0.0	0.0	0.0	0.0	0
0.0	0.0	0.0	0.0	0.0	0.0	0.0	0.0	0.0	0.0	0.0	0.0	0.0	0.0	0.0	79.023293	0.0	0.0	0.0	0.0	0.0	0.0	0.0	0.0	0.0	0.0	0.0	0.0	0.0	0.0	0.0	0.0	0.0	0.0	0.0	0.0	78.829155	0.0	0.0	0.0	79.269302	98.798386	81.64344	81.694763	81.685608	87.493835	90.626083	92.478912	99.648712	100.0	87.339775	81.636429	92.697304	87.370804	98.550812	80.98597	81.248123	81.164597	79.252609	78.915939	78.88797	78.813049	79.084251	90.657837	92.770416	92.794083	92.511475	91.416748	80.990692	95.231903	98.084198	92.779015	92.183807	92.455597	0.0	0.0	0.0	0.0	0.0	0.0	0.0	0.0	0.0	0.0	0.0	0.0	0.0	0.0	0.0	0.0	0.0	0.0	0.0	0.0	0.0	0.0	0.0	0.0	0.0	0.0	0.0	0.0	0.0	0.0	0.0	0.0	0.0	0.0	0.0	0.0	0.0	0.0	0.0	0.0	0.0	0.0	0.0	0.0	0.0	0.0	0.0	0.0	0.0	0.0	0.0	0
0.0	79.088768	0.0	0.0	0.0	0.0	0.0	0.0	0.0	0.0	0.0	0.0	0.0	0.0	0.0	0.0	0.0	0.0	0.0	0.0	0.0	0.0	0.0	0.0	0.0	0.0	0.0	0.0	0.0	0.0	0.0	0.0	0.0	0.0	0.0	0.0	0.0	0.0	0.0	0.0	79.071411	88.057068	82.461334	82.50119	82.553139	98.750267	87.043953	88.288162	87.465965	87.339775	100.0	82.478302	88.490112	98.730644	87.385788	80.981323	81.016129	81.125175	79.011642	78.774628	79.088791	78.912811	78.935234	87.08477	88.565063	88.269913	88.234146	87.377045	81.024086	87.249458	87.489197	88.418266	87.897995	87.99147	0.0	0.0	0.0	0.0	0.0	0.0	0.0	0.0	0.0	0.0	0.0	0.0	0.0	0.0	0.0	0.0	0.0	0.0	0.0	0.0	0.0	0.0	0.0	0.0	0.0	0.0	0.0	0.0	0.0	0.0	0.0	0.0	0.0	0.0	0.0	0.0	0.0	0.0	0.0	0.0	0.0	0.0	0.0	0.0	0.0	0.0	0.0	0.0	0.0	0.0	0.0	0
