1736473.3	386.162	386.163	386.182	2583231.6	754521.3	1869170.4	1736577.3	1378077.3	2817706.3	1752526.3	2267833.3	1736548.3	1735675.3	984260.6	1736312.3	1368417.4	2613770.3	29449.42	1523420.3	1986026.4	2919917.3	2067451.4	1368430.4	1907413.3	1523429.3	2726076.3	2806346.3	2845820.10	240521.3	1571470.3	1736428.3	2182425.3	379684.3	2171756.3	2937795.4	2819996.3	484088.4	1184720.7	386.180	384.1009	384.94	384.1004	216596.11	754523.3	936136.8	384.21	384.18	1825933.3	395491.3	386.7	387.283	384.393	2081791.3	1703971.3	754764.3	395492.8	2731096.3	754762.3	1033991.3	1703962.3	29449.24	2731112.3	1981173.3	1138194.8	1138189.6	1223565.8	1138190.4	396.14	2035449.3	385.8	451876.4	293958.16	1144306.3	1312183.9	2048897.3	1041147.3	1841653.4	363754.4	398.4	2364271.4	398.16	1566260.3	698761.4	2028343.3	2795216.3	50338.5	538025.6	56730.16	1079460.3	2849093.3	2587071.3	990285.3	1500304.3	1764276.3	348824.51	1841654.4	1736592.3	1120045.9	2819997.3	2603277.3	1736358.3	1566263.3	391.9	2183981.3	1736380.3	1500301.3	2895568.3	887144.4	2813827.3	1435607.3	1335060.3	1120688.3	1532558.3	1907415.3	908946.3	2726075.3	398.14	1335060.80
100.0	77.743164	77.747673	77.866837	77.93924	77.83847	78.445564	78.543999	78.358337	78.378098	78.240601	78.226677	78.109741	78.443024	77.758476	78.266129	77.909889	78.363983	78.007675	78.153618	78.41571	78.530716	78.711334	78.690552	78.43837	78.420242	78.435638	78.494354	78.456322	78.557121	78.378311	77.629623	78.34967	80.090469	78.212898	78.431122	0.0	0.0	78.031891	77.864426	77.757263	77.825607	77.792191	77.93132	77.811264	77.851898	77.907799	77.794113	78.042404	78.105148	77.950546	77.929779	77.838326	77.953613	77.863235	77.816162	77.748581	77.897171	77.826302	77.858612	77.838211	77.755768	77.767471	77.747444	77.763313	77.698837	77.940582	78.001083	77.900955	77.963821	77.916458	98.880714	77.829132	78.027245	77.624947	78.049896	77.809586	77.971893	77.900322	77.839905	77.777954	77.85099	77.96933	78.050827	77.816483	77.986687	77.816101	77.549278	77.554367	77.587196	78.050613	77.700172	77.58979	77.879906	78.252014	77.967224	78.01709	77.877441	77.890213	77.655037	78.512985	77.442009	77.80455	78.01339	77.700333	78.030304	77.698135	77.747139	78.239578	78.512054	78.239029	78.326851	78.66745	78.084991	78.367325	78.021782	0.0	0.0	0.0
77.743164	100.0	95.930092	88.819061	88.810989	88.932121	79.003281	79.185066	79.32576	79.207947	79.176849	79.184677	78.894989	78.553787	77.635887	78.296837	77.931549	82.820847	82.167221	79.034271	79.671677	79.291252	79.427734	79.318176	79.441254	79.408981	79.914398	79.434158	79.518097	79.25209	79.370087	79.382523	80.787689	79.628571	80.019615	79.212181	79.923073	80.037125	89.07019	88.728127	88.742401	88.900391	88.841614	88.912682	88.815201	88.842644	88.675659	88.670975	88.850929	88.850616	88.816139	88.52594	88.906143	88.813332	96.004593	91.739182	91.686401	90.323563	90.421875	90.240471	88.373138	87.878906	87.625885	87.131256	87.525848	87.015198	87.966095	88.354416	89.474319	89.358109	89.158722	77.925941	80.929565	81.106094	80.544724	81.124748	81.156723	80.64695	81.24614	80.784332	81.523994	80.76458	80.556854	80.804337	80.510208	80.690292	81.60939	82.168106	81.617996	81.511017	83.053589	80.892029	80.939407	80.760979	80.997421	81.131821	81.214325	81.14949	81.020142	79.885925	79.501144	78.949326	78.767563	79.224602	79.460327	79.794525	79.742378	79.506165	78.719437	79.709404	79.080017	79.39856	79.810295	79.503998	79.184204	79.531708	77.663857	0.0	0.0
77.747673	95.930092	100.0	88.879509	88.998871	88.995193	78.844849	78.996872	79.367477	79.280685	79.177322	79.126999	78.826202	78.565384	77.617744	78.340805	77.887428	82.864784	82.094391	79.091187	79.712906	79.355331	79.491806	79.395676	79.355171	79.403793	79.955002	79.36171	79.49762	79.312027	79.488815	79.419662	80.800858	79.65062	80.021011	79.315277	79.867638	80.089813	89.140152	88.788559	88.820816	89.027061	88.9478	89.04464	88.81723	88.929382	88.75824	88.760651	88.901382	88.884094	88.901443	88.63205	88.903008	88.902588	96.780914	91.744438	91.838257	90.430313	90.561523	90.424973	88.253387	88.036598	87.711349	87.347549	87.594238	86.999619	87.961174	88.416534	89.438858	89.310043	89.061157	77.926598	81.009735	81.13269	80.524323	81.11705	81.289986	80.676979	81.351807	80.879395	81.534195	80.774429	80.675507	81.081772	80.594223	80.680115	81.715317	81.856812	81.843246	81.69812	83.169922	80.966873	80.968056	80.686401	81.089737	81.211227	81.191483	81.061562	81.044868	79.884491	79.381439	78.975266	78.812836	79.27784	79.512161	79.739716	79.783875	79.68605	78.665771	79.739075	79.026939	79.38559	79.896454	79.550858	79.260681	79.563141	77.516205	0.0	0.0
77.866837	88.819061	88.879509	100.0	92.822128	93.193161	78.799179	78.890228	79.035645	78.985245	78.942123	78.955933	78.677704	78.364502	77.577332	78.288635	77.779572	82.602936	81.792572	78.820511	79.43174	79.076828	79.255646	79.253967	79.204613	79.3526	79.615501	79.222687	79.275497	79.266335	79.424469	79.139496	80.474426	79.558823	79.867294	78.939072	79.791565	79.992081	91.438751	98.165894	97.922668	94.387054	94.883896	92.691223	92.366547	92.322601	92.201599	92.206902	93.686859	92.750641	93.546829	92.193802	93.234116	93.20092	88.8508	88.789108	88.87915	89.247383	88.938835	88.856262	87.38195	87.074448	87.169006	86.823372	87.405785	86.865036	87.762619	87.260399	87.530365	88.044624	87.599686	78.120224	80.981934	81.046021	80.301834	80.779434	80.603897	80.501122	80.699707	80.460907	80.764404	80.406509	80.483978	80.503281	80.357254	80.445114	82.053497	81.324448	81.966141	81.782646	83.016487	80.852753	80.744415	80.661934	81.065628	81.191147	81.040604	80.97744	80.903183	79.739807	79.167992	78.792542	78.5867	79.003387	79.281006	79.342804	79.775589	79.660782	78.483398	79.489319	78.998901	79.24865	79.638748	79.49588	78.984268	79.250931	77.65847	0.0	0.0
77.93924	88.810989	88.998871	92.822128	100.0	93.112549	78.892685	78.955811	79.067154	79.167496	79.068985	79.077805	78.814522	78.642578	77.617523	78.127274	77.908478	82.689911	81.945747	79.034058	79.535873	79.245026	79.263306	79.401001	79.417625	79.380585	79.686165	79.149231	79.452148	79.295975	79.648384	79.132202	80.519936	79.630051	80.045319	79.126801	79.682571	79.937927	91.168869	92.809174	92.773071	93.357895	93.167343	94.581245	93.988548	94.065376	94.105377	94.154121	94.286819	94.038574	93.866669	92.379936	93.534042	93.158432	88.856232	88.939255	88.988052	89.542526	89.090858	88.934387	87.455338	87.174477	87.489014	86.994759	87.779495	86.962189	87.800385	87.654129	87.609344	88.151779	87.690018	78.200485	80.852859	81.065315	80.338203	80.793785	80.629669	80.638641	80.743034	80.605019	80.841125	80.473167	80.51413	80.6586	80.317917	80.469543	82.110687	81.391418	81.958168	81.887939	83.040695	80.995918	80.882675	80.75528	80.87764	81.151009	81.091393	80.845116	80.965408	79.662537	79.30748	78.826889	78.744751	79.044128	79.315666	79.373703	79.847374	79.696777	78.547913	79.50351	78.968613	79.125549	79.762108	79.453217	79.089104	79.471481	77.618553	0.0	0.0
77.83847	88.932121	88.995193	93.193161	93.112549	100.0	78.742828	78.842743	79.033997	78.981415	79.009491	78.92524	78.654022	78.558167	77.535072	78.169205	77.848488	82.67514	81.785522	78.895996	79.586578	79.128654	79.319733	79.478989	79.294586	79.25058	79.725487	79.229935	79.455513	79.214729	79.59037	79.033058	80.445145	79.461563	79.838478	79.082649	79.689636	79.970512	91.210312	93.299957	93.2295	93.987221	94.00177	93.6259	92.917328	93.052231	92.91774	92.807869	93.15126	93.496574	93.705788	93.907661	97.894653	98.003067	88.99205	88.943069	89.012268	89.472771	89.099365	88.922585	87.422501	87.120033	87.295639	86.909225	87.466118	87.015762	87.789192	87.406876	87.626205	88.060837	87.671188	77.946915	80.772293	81.00502	80.434189	80.749893	80.627464	80.406998	80.679405	80.501724	80.772911	80.483521	80.463959	80.529221	80.327942	80.392403	82.143997	81.36319	81.920654	81.808868	83.053696	80.862747	80.848785	80.632645	81.10994	81.349777	80.962601	81.053314	80.93084	79.690704	79.319008	78.750351	78.712395	79.0746	79.352715	79.360947	79.749229	79.439697	78.614655	79.472382	78.960571	79.186699	79.691513	79.562881	79.007507	79.398621	77.350525	0.0	0.0
78.445564	79.003281	78.844849	78.799179	78.892685	78.742828	100.0	87.217094	88.008545	88.514923	88.326859	87.003616	85.757553	80.238708	79.440025	80.30162	79.602142	79.253677	79.409073	78.574677	79.096489	78.885048	79.508141	79.600487	78.730316	78.860291	79.053223	79.112091	79.660316	79.040413	79.125175	78.513458	79.432709	79.696548	78.866257	78.633804	78.282623	78.032326	78.905319	78.772842	78.730652	78.747246	78.703003	78.933258	78.690948	78.764236	78.773178	78.819946	78.758812	78.751213	78.782883	78.759659	78.736877	78.71077	78.924301	78.846321	78.917725	78.668961	78.832886	78.874176	78.883392	78.882156	78.750732	78.687805	78.708488	78.450218	78.841278	78.911644	78.856339	78.874031	78.821732	78.958969	78.810043	78.909409	78.539848	78.675987	78.925232	78.719864	78.725304	78.705002	78.700699	78.807587	78.845001	78.967163	78.774475	78.90979	78.173615	78.535393	78.508659	78.118881	78.83432	78.501877	78.426498	78.460487	78.516754	78.624008	78.632812	78.399139	78.754913	78.290817	79.050514	78.251663	78.209808	78.88076	78.580551	78.744705	78.379944	78.403511	78.375008	79.399216	78.675491	79.206055	79.208664	78.63826	78.721977	78.632057	79.048706	0.0	0.0
78.543999	79.185066	78.996872	78.890228	78.955811	78.842743	87.217094	100.0	91.369797	89.114044	88.51442	88.893921	87.489075	80.326889	79.681671	80.402496	79.541176	79.310585	79.162567	78.768204	79.124008	78.815216	79.00148	79.174896	78.888489	78.991119	79.176147	79.094269	79.187912	79.050591	78.943314	78.735497	79.465736	79.280365	79.014404	78.776192	78.203339	78.104095	78.984207	78.912743	78.734787	79.020752	78.908783	78.955185	78.836525	79.093933	78.996086	79.143196	78.812347	79.091408	78.72374	78.824097	78.974426	79.073669	79.11235	79.031921	78.99086	78.98748	78.964951	79.042206	79.007744	78.820923	79.003113	78.798485	78.858444	78.77919	79.012108	78.956963	78.972305	79.044258	78.9841	78.451263	78.838257	78.801102	78.614838	78.641945	78.623917	78.769531	78.818573	78.754242	78.856255	78.677292	78.638123	78.745132	78.687332	78.85463	78.425339	78.286263	78.426086	78.351852	78.924225	78.43428	78.336311	78.478485	78.657494	78.638062	78.737457	78.712677	78.815582	78.14904	78.826935	78.290237	78.415207	78.562325	78.635544	78.867218	78.58699	78.651123	78.600853	79.322418	78.615967	79.355469	79.251923	78.802727	78.658646	79.343872	79.284378	0.0	0.0
78.358337	79.32576	79.367477	79.035645	79.067154	79.033997	88.008545	91.369797	100.0	89.717918	89.251877	88.96106	87.553314	80.445404	79.840515	80.588097	79.928589	79.463501	79.357407	78.694176	79.242249	78.939377	79.124992	79.146553	78.94413	79.219757	79.244476	79.09758	79.193542	79.071075	79.532936	78.796623	79.685577	79.606949	79.219177	78.979279	78.235657	78.413132	79.145493	78.986565	78.962372	79.061516	78.993286	79.138557	78.976234	79.049118	79.159546	79.104645	79.046844	79.134018	78.919189	78.980835	79.061996	79.080475	79.204788	79.36055	79.384064	79.158951	79.201843	79.112656	79.25351	79.136963	79.177902	78.984192	79.094879	78.879883	79.224487	79.080154	79.318192	79.296951	79.304825	78.392899	78.936989	79.073311	78.820839	78.934967	78.779327	78.861816	78.945435	78.848755	78.952705	78.985329	79.018639	79.009827	78.906265	78.879997	78.544006	78.413971	78.609695	78.533287	79.030594	78.653587	78.651337	78.461304	78.633911	78.596497	79.012245	78.822601	78.981125	78.217667	79.057892	78.220901	78.422287	78.654869	78.839081	78.942291	78.723137	78.664101	78.723709	79.256233	78.501495	78.780289	79.424698	78.930222	78.948669	78.608147	79.300011	0.0	0.0
78.378098	79.207947	79.280685	78.985245	79.167496	78.981415	88.514923	89.114044	89.717918	100.0	90.703865	89.036697	87.855881	80.615265	79.891579	80.422058	79.690063	79.446518	79.231415	78.723984	79.307312	78.888947	79.105392	79.061806	79.039688	79.028381	79.161011	79.287766	79.272331	79.194283	79.245399	78.722733	79.472137	79.58313	79.249573	78.830643	78.420341	78.30014	79.210922	78.959641	78.973213	79.005325	79.016037	79.207291	79.190262	79.111649	79.220139	79.245544	79.145844	79.099976	79.006683	79.105232	79.060974	79.093834	79.29882	79.302673	79.298569	79.040207	79.174438	79.105942	79.108246	79.039993	79.099579	79.078644	78.880493	78.870232	79.083923	79.195679	79.126961	79.353607	79.151398	78.330727	79.029869	79.059273	78.600784	78.939575	78.778198	79.075127	79.009407	78.915237	79.018829	79.045631	78.851883	78.996811	78.878189	79.07811	78.617371	78.323814	78.552536	78.491905	79.17572	78.507141	78.34938	78.675995	78.634193	78.496857	78.782806	78.71814	78.768158	78.402069	78.926247	78.200806	78.357079	78.598038	78.595978	78.867905	78.680756	78.789116	78.665894	79.299271	78.679932	78.743843	79.326782	78.928177	78.90921	78.677513	79.251503	0.0	0.0
78.240601	79.176849	79.177322	78.942123	79.068985	79.009491	88.326859	88.51442	89.251877	90.703865	100.0	88.122513	86.97348	80.354797	79.669128	80.479195	79.794365	79.325821	79.106232	78.814209	79.129517	78.867157	79.059151	79.034073	78.850136	78.993469	79.133095	79.128357	79.081116	78.879761	79.073883	78.63118	79.371994	79.377838	79.1353	78.756882	78.16066	78.134026	79.023834	78.890633	78.909729	79.106834	78.924416	79.203873	78.986008	78.984436	79.097946	79.120956	79.069916	78.908646	78.974625	78.957321	79.083099	79.071304	79.184875	79.118332	79.047577	78.854103	79.040764	78.996353	78.984604	78.961014	78.942596	78.901451	78.913483	78.689636	78.979752	78.98613	79.007019	79.183258	79.086456	78.380203	78.907402	78.994232	78.516907	78.815552	78.718582	78.908539	78.792931	78.865738	78.866074	78.756226	78.901283	79.022606	78.702637	78.864395	78.473045	78.350456	78.432678	78.374084	79.033447	78.491455	78.435944	78.49028	78.553894	78.553131	78.839882	78.702126	78.694702	78.183029	78.914093	78.340759	78.312973	78.489906	78.617584	78.980209	78.650757	78.635971	78.834915	79.133789	78.523827	78.444046	79.139099	78.855331	78.771515	78.583557	79.15123	0.0	0.0
78.226677	79.184677	79.126999	78.955933	79.077805	78.92524	87.003616	88.893921	88.96106	89.036697	88.122513	100.0	89.220383	80.451706	79.73233	80.554932	79.73304	79.359497	79.239159	78.6745	79.11277	78.87925	79.009399	79.380676	78.838173	79.050247	79.207947	79.001152	79.198616	79.040268	79.170807	78.700371	79.472397	79.536018	79.069267	78.867798	78.377563	78.216331	79.056702	79.017807	78.896133	78.986755	78.980408	79.099052	79.034409	79.065994	79.107376	79.197586	78.920822	78.9534	78.998657	78.919136	78.998322	78.979904	79.156883	79.178978	79.097885	79.046646	79.302483	79.095123	79.092896	78.909729	79.069229	78.912445	78.895844	78.651123	79.170532	79.195374	79.115601	79.134048	79.176208	78.296844	78.888039	79.037437	78.632568	79.016853	78.801926	78.844833	79.083778	78.957962	78.998253	79.01107	78.837967	78.982468	78.908096	79.080963	78.552551	78.542526	78.624466	78.464874	78.98597	78.486786	78.575684	78.647598	78.407455	78.68721	78.767532	78.816864	78.90313	78.376572	79.056885	78.320412	78.279312	79.091003	78.643188	78.951202	78.641022	78.566795	78.506989	79.293198	78.550461	78.694008	79.286026	78.754715	78.870026	79.57637	79.138077	0.0	0.0
78.109741	78.894989	78.826202	78.677704	78.814522	78.654022	85.757553	87.489075	87.553314	87.855881	86.97348	89.220383	100.0	80.12133	79.610641	80.306061	79.620697	78.976486	78.750153	78.388016	78.866333	78.649536	78.710068	78.859665	78.771332	78.876366	78.905045	78.845612	78.813026	78.862869	78.800674	78.454346	79.147888	79.136124	78.904182	78.526184	78.37059	78.041214	78.802299	78.589035	78.618988	78.654526	78.745026	78.809692	78.619324	78.882889	78.854645	78.753418	78.841156	78.728271	78.643547	78.745735	78.674591	78.704193	78.897156	78.773018	78.799118	78.718094	78.772842	78.754807	78.740021	78.669815	78.640137	78.656235	78.591927	78.442955	78.75238	78.86702	78.780045	78.771408	78.773331	78.274399	78.517288	78.626892	78.194443	78.469704	78.49408	78.507599	78.605209	78.577263	78.759033	78.688454	78.528252	78.692879	78.440392	78.697914	78.282814	78.080811	78.244934	78.131264	78.737488	78.415085	78.478806	78.315353	78.4869	78.546631	78.493134	78.550507	78.392258	78.341125	78.627754	78.29277	78.31974	78.383377	78.559601	78.657227	78.333839	78.286819	78.445099	78.980652	78.135544	78.485687	78.786621	78.493484	78.713669	78.218735	79.079697	0.0	0.0
78.443024	78.553787	78.565384	78.364502	78.642578	78.558167	80.238708	80.326889	80.445404	80.615265	80.354797	80.451706	80.12133	100.0	80.060211	80.752441	80.028908	78.886475	78.714882	78.627777	78.729507	78.518707	78.747498	78.808983	78.894638	78.733124	78.687546	78.610107	78.552917	78.803833	78.879364	78.402168	78.73159	78.982971	78.477081	78.77404	78.144257	78.185333	78.418861	78.455048	78.383499	78.323219	78.332993	78.525757	78.383492	78.499405	78.497375	78.532349	78.691177	78.62883	78.497787	78.420654	78.617569	78.505798	78.627731	78.628998	78.593452	78.426994	78.64534	78.613136	78.531494	78.42572	78.487373	78.34462	78.341148	78.276337	78.622467	78.455605	78.572922	78.654701	78.653	78.44693	78.366486	78.552048	78.273132	78.41925	78.46431	78.642395	78.558014	78.471176	78.458115	78.54837	78.498627	78.465576	78.424408	78.439545	78.196533	78.120796	78.347183	78.154724	78.630356	78.531433	78.356628	78.460449	78.361404	78.303055	78.72963	78.644325	78.646805	78.137146	78.41967	78.13472	78.220207	78.15239	78.252792	78.539284	78.340294	78.451401	78.333389	78.677933	78.367142	78.383179	78.724106	78.412018	78.562927	78.154816	78.88327	0.0	0.0
77.758476	77.635887	77.617744	77.577332	77.617523	77.535072	79.440025	79.681671	79.840515	79.891579	79.669128	79.73233	79.610641	80.060211	100.0	82.874001	82.721283	78.092461	78.070641	77.743752	78.054749	77.720749	78.029434	77.994873	77.863831	77.911301	78.27478	78.069511	77.909004	77.890465	77.93795	77.893349	77.783432	78.062225	77.785995	77.837036	77.67205	77.539345	77.70015	77.727623	77.642624	77.651207	77.688553	77.686668	77.625191	77.710793	77.669418	77.652374	77.707855	77.761322	77.814621	77.522018	77.591583	77.624512	77.788933	77.615219	77.540268	77.636993	77.632271	77.713585	77.533356	77.667068	77.693459	77.525848	77.613045	77.386612	77.661209	77.768852	77.661728	77.603195	77.532936	77.969376	77.744247	77.939903	77.519882	77.738144	77.749573	77.720978	77.703583	77.656448	77.687286	77.873413	77.74559	77.721054	77.556656	77.773842	77.328667	77.461227	77.549774	77.487045	77.692856	77.701248	77.707413	77.680878	77.783958	77.826248	77.889587	77.775177	77.88858	77.669617	77.794769	77.432991	77.828026	77.655403	77.653336	77.71553	77.564972	77.891266	77.835693	77.78653	77.542404	77.696701	77.874161	77.495567	77.883026	77.388588	79.140793	0.0	0.0
78.266129	78.296837	78.340805	78.288635	78.127274	78.169205	80.30162	80.402496	80.588097	80.422058	80.479195	80.554932	80.306061	80.752441	82.874001	100.0	83.252129	78.799759	78.651291	78.278412	78.578094	78.441238	78.602028	78.527	78.471237	78.481438	78.743713	78.566277	78.574173	78.377625	78.50975	78.363564	78.497177	78.665764	78.304108	78.457932	78.024384	77.903938	78.143738	78.193741	78.142838	78.064758	78.001175	78.087952	78.128326	78.21328	78.224052	78.112091	78.197845	78.290733	77.970352	77.993607	78.169441	78.124649	78.358704	78.25634	78.291893	78.23703	78.358429	78.14257	78.199249	78.179184	78.084976	78.06752	78.025139	77.888107	78.142685	78.187256	78.233971	78.178101	78.203438	78.347603	78.192963	78.468277	78.072449	78.108856	78.190109	78.452438	78.217751	78.170639	78.269058	78.19516	78.164108	78.390854	78.125847	78.305496	77.839775	77.888763	78.027069	77.739532	78.386414	78.1418	77.959435	78.083069	78.081535	78.182968	78.449959	78.353394	78.468681	78.081528	78.398598	78.160202	78.230156	78.338013	78.134903	78.275703	78.033165	78.339302	78.340073	78.398605	78.179871	77.936333	78.343964	78.054245	78.182755	77.700325	79.296242	0.0	0.0
77.909889	77.931549	77.887428	77.779572	77.908478	77.848488	79.602142	79.541176	79.928589	79.690063	79.794365	79.73304	79.620697	80.028908	82.721283	83.252129	100.0	78.248856	78.082642	78.016319	77.983475	77.958488	78.202057	77.980087	78.04203	78.085938	78.284653	78.169952	78.142181	78.022308	78.091888	77.926682	78.073639	78.129143	77.958313	77.854782	77.859406	77.641693	77.874542	77.747437	77.711258	77.701187	77.712479	77.700554	77.660645	77.78096	77.76799	77.793335	77.832184	77.810165	77.905106	77.858864	77.856995	77.841858	77.992035	77.826172	77.917389	77.769623	77.939758	77.839478	77.816132	77.836151	77.635109	77.63884	77.772842	77.780365	77.773422	77.803421	77.797562	77.79557	77.754295	77.969681	77.984406	77.939529	77.736908	77.875961	77.812012	77.953972	77.855225	77.801956	77.822441	77.912598	77.914642	77.996796	77.819855	77.977592	77.62854	77.572784	77.609436	77.510628	77.777679	77.988937	77.773674	78.024765	77.778381	77.759338	78.087265	78.04715	78.092461	77.92614	78.07074	77.836411	77.865494	77.714066	77.810837	77.739792	77.647354	77.893753	77.972931	77.906769	77.828712	77.756866	77.945663	77.758148	77.886108	77.679733	78.989838	0.0	0.0
78.363983	82.820847	82.864784	82.602936	82.689911	82.67514	79.253677	79.310585	79.463501	79.446518	79.325821	79.359497	78.976486	78.886475	78.092461	78.799759	78.248856	100.0	83.123505	79.223755	79.908737	79.600464	79.851639	79.623077	79.754181	79.789993	79.813988	79.744583	79.733185	79.671692	79.880074	79.481369	80.698181	80.01445	80.045158	79.617683	79.982727	80.177834	82.841148	82.604553	82.565262	82.739868	82.638229	82.866287	82.656815	82.821976	82.587982	82.654259	82.717743	82.674896	82.619553	82.547844	82.659248	82.661804	82.917709	82.793991	82.902527	82.577293	82.835823	82.683792	82.606079	82.435402	82.406509	82.341614	82.533112	81.989929	82.669281	82.490372	82.679413	82.760391	82.669579	78.31646	81.030762	81.242302	80.410904	80.80954	80.703018	80.790421	81.037079	80.975098	81.010025	80.913483	80.684357	80.877426	80.848953	80.809174	82.648094	82.086929	82.728271	82.6073	82.590561	81.558212	81.549011	81.501869	81.553146	81.58374	82.023964	81.973167	82.004822	80.056679	79.763138	78.95813	79.020721	79.381195	79.547546	79.900597	79.63205	79.730942	78.740623	79.605736	79.272179	79.34491	79.799484	79.462807	79.494675	79.541161	77.984253	0.0	0.0
78.007675	82.167221	82.094391	81.792572	81.945747	81.785522	79.409073	79.162567	79.357407	79.231415	79.106232	79.239159	78.750153	78.714882	78.070641	78.651291	78.082642	83.123505	100.0	79.181175	79.76326	79.480347	79.833008	79.873947	79.564011	79.67627	79.66777	79.245079	79.749359	79.453949	79.541298	79.360847	80.3703	79.710052	79.76268	79.621307	79.735519	79.855316	81.936523	81.773041	81.673622	81.892159	81.841537	81.988586	81.846115	81.862213	81.944214	81.845169	81.827026	81.74987	81.892601	81.766792	81.767319	81.724777	82.071396	82.100723	82.052521	81.817184	81.865685	81.787689	81.747284	81.632339	81.698303	81.446014	81.621689	81.263527	81.754944	81.688461	81.915222	81.832291	81.875305	78.543701	80.513397	80.80127	80.003433	80.391068	80.210342	80.291885	80.600807	80.484566	80.659958	80.378754	80.183914	80.370415	80.268738	80.242065	81.038376	80.707718	81.097214	81.024826	81.488419	82.126358	82.214233	81.938309	81.919495	81.861031	83.597267	83.069641	83.003647	79.699738	79.668243	78.915649	78.955513	79.246803	79.489594	79.587357	79.479012	79.391724	78.720451	79.689133	78.96032	79.452354	79.717041	79.215836	79.242386	79.580307	77.947617	0.0	0.0
78.153618	79.034271	79.091187	78.820511	79.034058	78.895996	78.574677	78.768204	78.694176	78.723984	78.814209	78.6745	78.388016	78.627777	77.743752	78.278412	78.016319	79.223755	79.181175	100.0	82.62709	82.18605	82.878761	82.35215	82.552643	82.58461	79.978592	80.996086	81.208511	79.672226	79.895905	78.854965	79.396515	80.020828	79.124939	78.914581	78.521072	78.321442	78.990952	78.931885	78.947685	79.002556	78.936813	78.965134	78.941429	78.896576	78.954849	79.018066	78.870255	78.857071	78.877342	78.78421	79.13681	78.960999	79.005257	79.04364	79.112427	79.031998	78.894547	78.850906	78.810837	78.761429	78.754242	78.643005	78.81073	78.574326	78.961441	78.902443	78.971909	78.879311	79.019234	78.27034	78.785599	78.870842	78.477791	78.662384	78.547485	78.913803	78.711754	78.871902	78.827805	78.744301	78.811874	78.746941	78.754456	78.714638	78.486542	78.271896	78.601898	78.429581	78.793137	78.500076	78.524902	78.635635	78.471222	78.424026	78.889984	78.953903	78.839432	78.54483	82.439125	78.37738	78.411278	78.790733	78.897514	78.925156	78.835236	78.893005	79.105301	79.794205	78.754913	78.846832	78.903336	78.715706	79.706398	78.763489	77.794586	0.0	0.0
78.41571	79.671677	79.712906	79.43174	79.535873	79.586578	79.096489	79.124008	79.242249	79.307312	79.129517	79.11277	78.866333	78.729507	78.054749	78.578094	77.983475	79.908737	79.76326	82.62709	100.0	83.396721	84.411743	83.868248	83.940376	83.945526	80.656021	81.614365	82.005661	80.187088	80.499481	79.250259	79.973587	80.364639	79.552658	79.249893	78.986908	78.650772	79.6241	79.432518	79.458641	79.453857	79.435081	79.47612	79.53019	79.51001	79.450775	79.412514	79.545593	79.536423	79.450424	79.349739	79.658096	79.503586	79.70459	79.494781	79.575394	79.293411	79.475204	79.443893	79.397141	79.300919	79.341171	79.254425	79.192009	79.179245	79.319397	79.40062	79.592781	79.612175	79.670967	78.409149	79.095001	79.396294	78.79567	79.108475	78.884827	79.121033	79.053818	79.121651	79.199142	78.987976	78.965668	79.156036	79.145187	79.069778	78.761208	78.659775	78.964142	78.825348	79.156219	78.882095	78.792877	78.916023	78.93824	78.788261	79.269371	79.030357	79.070114	78.983154	83.973305	78.782257	78.789925	78.979271	79.113144	79.52301	79.346909	79.292793	79.323288	80.320557	78.983658	79.088425	79.257019	79.001892	80.30925	79.325813	77.876663	0.0	0.0
78.530716	79.291252	79.355331	79.076828	79.245026	79.128654	78.885048	78.815216	78.939377	78.888947	78.867157	78.87925	78.649536	78.518707	77.720749	78.441238	77.958488	79.600464	79.480347	82.18605	83.396721	100.0	85.994492	84.977638	85.041771	85.092216	79.981857	81.230118	81.505173	79.863319	80.176468	78.991776	79.634323	79.731186	79.298416	78.934883	78.669991	78.502167	79.221016	78.990433	79.052025	79.13623	79.120399	79.316071	79.210938	79.297272	79.199265	79.242767	79.192139	79.314407	79.068031	79.083588	79.282295	79.272835	79.333092	79.343903	79.486565	79.153397	79.119171	79.117142	79.250221	79.130966	79.078598	78.913071	79.262383	78.962692	79.18985	79.201416	79.289215	79.181274	79.244545	78.606354	78.976257	79.104675	78.729996	78.901871	78.952423	78.964554	78.993591	78.964882	79.106827	79.154594	79.023605	79.119644	79.086258	79.111725	78.756348	78.701157	78.625961	78.566437	78.89711	78.874367	78.842506	78.811798	78.888184	78.780403	79.084137	78.954483	79.082146	78.738861	87.721222	78.513618	78.665314	78.733383	78.950211	79.329048	79.066391	79.207169	79.112671	79.990311	78.975471	79.083084	79.174515	79.08371	79.930473	79.068069	77.875504	0.0	0.0
78.711334	79.427734	79.491806	79.255646	79.263306	79.319733	79.508141	79.00148	79.124992	79.105392	79.059151	79.009399	78.710068	78.747498	78.029434	78.602028	78.202057	79.851639	79.833008	82.878761	84.411743	85.994492	100.0	86.732132	87.316254	87.206772	80.272514	81.499352	82.069122	80.140007	80.374756	79.116669	79.703407	80.714798	79.398605	79.268967	78.804337	78.620438	79.358818	79.179749	79.194946	79.176605	79.210068	79.330078	79.188263	79.255135	79.146515	79.243423	79.301216	79.265884	79.249084	79.277031	79.333488	79.330406	79.435905	79.330269	79.406181	79.150452	79.231079	79.264999	79.308517	79.142509	79.268265	79.075119	79.302658	79.004227	79.328888	79.250748	79.40004	79.299728	79.343292	79.063644	78.979355	79.222572	78.689262	79.00061	79.022141	78.96447	79.26297	79.16275	79.147827	79.051514	79.047806	79.252151	78.986031	79.033913	78.784882	78.57959	78.999725	78.861404	79.106689	79.031265	79.045189	79.079041	78.84996	78.845261	79.286118	79.149467	79.383057	78.782898	87.271408	78.623199	78.861877	79.077011	79.196396	79.303452	79.158806	79.30172	79.053085	80.564209	79.063721	79.478012	79.236938	78.994965	80.176407	79.25853	77.71479	0.0	0.0
78.690552	79.318176	79.395676	79.253967	79.401001	79.478989	79.600487	79.174896	79.146553	79.061806	79.034073	79.380676	78.859665	78.808983	77.994873	78.527	77.980087	79.623077	79.873947	82.35215	83.868248	84.977638	86.732132	100.0	91.369171	91.745842	80.241379	81.311691	81.830154	80.14621	80.435135	79.008926	79.728165	80.356659	79.281242	79.25148	78.72863	78.601135	79.259453	79.193558	79.317375	79.37262	79.311554	79.436707	79.277184	79.341255	79.268066	79.341019	79.326355	79.379288	79.143959	79.338982	79.481339	79.467636	79.459251	79.388718	79.53862	79.182526	79.330154	79.250046	79.383698	79.258156	79.335106	79.174789	79.113892	79.031586	79.300781	79.197754	79.404945	79.29335	79.453331	78.911316	78.961487	79.083748	78.7491	79.05835	79.077309	79.195724	79.081665	79.136597	79.148499	79.108757	79.077698	79.166191	79.06192	79.154709	78.795258	78.704346	78.784798	78.689438	79.103455	78.918808	78.931305	79.081223	78.974091	78.922325	79.217178	79.052338	79.243195	78.812164	85.986153	78.867157	78.807419	79.178101	79.180939	79.249359	78.886002	79.101425	79.381668	80.651176	79.091591	79.415695	79.510895	78.943878	80.12796	79.206696	77.825638	0.0	0.0
78.43837	79.441254	79.355171	79.204613	79.417625	79.294586	78.730316	78.888489	78.94413	79.039688	78.850136	78.838173	78.771332	78.894638	77.863831	78.471237	78.04203	79.754181	79.564011	82.552643	83.940376	85.041771	87.316254	91.369171	100.0	93.165924	80.258545	81.291267	81.570251	80.068619	80.265137	78.924553	79.525375	80.1707	79.125443	79.186127	78.585625	78.487518	79.336922	79.249435	79.268845	79.185715	79.272301	79.267731	79.236176	79.243752	79.278183	79.231415	79.231247	79.269577	79.216606	79.294212	79.283051	79.258316	79.383865	79.424271	79.437088	79.16687	79.29245	79.220383	79.311722	79.083084	79.270439	78.97406	79.171288	78.930252	79.133392	79.154678	79.406631	79.092278	79.216843	78.400452	78.987701	79.043335	78.711868	78.91449	78.891838	78.97403	79.031555	78.93222	79.109863	78.990944	79.017532	79.010811	78.946152	78.957825	78.675247	78.363144	78.710266	78.614288	79.128021	78.855026	78.964142	78.805862	78.816681	78.824539	79.205299	79.041725	79.111282	78.573364	86.346069	78.614822	78.623932	78.702454	78.791046	79.292809	78.944855	79.169914	79.037674	80.232521	78.714752	79.125153	79.158218	78.846466	79.949173	78.989449	78.055084	0.0	0.0
78.420242	79.408981	79.403793	79.3526	79.380585	79.25058	78.860291	78.991119	79.219757	79.028381	78.993469	79.050247	78.876366	78.733124	77.911301	78.481438	78.085938	79.789993	79.67627	82.58461	83.945526	85.092216	87.206772	91.745842	93.165924	100.0	80.298363	81.252747	81.711693	80.221283	80.403305	79.010155	79.687668	80.299026	79.18544	79.272682	78.680656	78.482803	79.460464	79.351852	79.3311	79.345268	79.289032	79.350388	79.365944	79.284561	79.3172	79.267464	79.334686	79.353302	79.273476	79.297104	79.224731	79.279129	79.3983	79.366882	79.423111	79.213943	79.409996	79.264793	79.355614	79.284538	79.143021	79.031174	79.273552	79.02597	79.299362	79.29985	79.371841	79.454559	79.41925	78.475555	79.088554	79.160927	78.836411	79.034821	78.940338	79.116089	79.104172	79.213562	79.205551	79.091339	78.986008	79.043091	78.96196	78.983208	78.915382	78.65181	78.794922	78.710526	79.156891	79.050156	79.016678	78.947861	78.86853	78.888184	79.288223	79.116043	79.256561	78.644943	86.234612	78.47477	78.702393	78.79393	79.008743	79.308182	79.054306	79.208939	79.301636	80.182686	79.012894	79.22084	79.317612	78.961075	80.130722	79.221405	78.130798	0.0	0.0
78.435638	79.914398	79.955002	79.615501	79.686165	79.725487	79.053223	79.176147	79.244476	79.161011	79.133095	79.207947	78.905045	78.687546	78.27478	78.743713	78.284653	79.813988	79.66777	79.978592	80.656021	79.981857	80.272514	80.241379	80.258545	80.298363	100.0	80.832108	81.483826	80.15802	80.597748	79.391464	80.29435	79.974533	79.629791	79.085052	79.467865	78.777924	79.749008	79.596939	79.595581	79.670395	79.630875	79.736221	79.722214	79.621414	79.67215	79.676727	79.673798	79.684692	79.942154	79.504097	79.742966	79.694	79.854782	79.900543	79.914413	79.703613	79.69899	79.816856	79.736618	79.535797	79.679001	79.397202	79.495491	79.330605	79.486565	79.52829	79.809624	79.879478	79.844254	78.292511	79.438377	79.572418	78.961258	79.271866	79.111069	79.305222	79.187347	79.278412	79.353134	79.298111	79.216393	79.134888	79.297241	79.210464	78.96685	78.566666	78.821777	78.75634	79.26825	78.850731	78.813591	78.762978	78.644653	78.848862	79.191292	79.039337	79.14566	79.455673	80.522583	78.773254	79.02887	79.470428	79.431602	79.59491	79.459366	79.648544	79.816193	80.439362	78.919434	79.210808	79.686615	79.289635	80.512703	79.227829	77.701241	0.0	0.0
78.494354	79.434158	79.36171	79.222687	79.149231	79.229935	79.112091	79.094269	79.09758	79.287766	79.128357	79.001152	78.845612	78.610107	78.069511	78.566277	78.169952	79.744583	79.245079	80.996086	81.614365	81.230118	81.499352	81.311691	81.291267	81.252747	80.832108	100.0	87.377411	80.19455	80.332245	79.248428	79.818611	79.518509	79.414536	79.028633	78.84391	78.646469	79.262527	79.110596	79.043762	79.196716	79.250954	79.118851	79.172379	79.237083	79.262207	79.257843	79.190559	79.228004	79.259041	79.233185	79.41066	79.40847	79.379395	79.431961	79.404373	79.274155	79.42804	79.374466	79.320885	79.17614	79.199936	79.212296	79.16069	78.992256	79.233322	79.221786	79.429108	79.34343	79.380737	78.40535	79.236786	79.33596	78.781631	79.021751	78.922668	79.062531	79.099274	78.926208	79.213104	78.845741	78.911484	79.169586	78.879227	78.90683	78.724197	78.594223	78.625145	78.534882	79.082275	78.836853	78.773048	78.793213	78.704765	78.748718	79.101913	79.101006	79.184021	78.828773	81.474411	78.636078	78.713928	78.929825	79.153305	79.400261	79.344017	79.495651	79.385406	80.338745	78.929276	79.019608	79.05481	78.827995	80.049896	79.236801	77.937057	0.0	0.0
78.456322	79.518097	79.49762	79.275497	79.452148	79.455513	79.660316	79.187912	79.193542	79.272331	79.081116	79.198616	78.813026	78.552917	77.909004	78.574173	78.142181	79.733185	79.749359	81.208511	82.005661	81.505173	82.069122	81.830154	81.570251	81.711693	81.483826	87.377411	100.0	80.279114	80.479279	79.238541	79.812897	80.06308	79.194946	79.022171	78.971939	78.54866	79.435059	79.27626	79.287277	79.437813	79.352142	79.453842	79.507782	79.475861	79.512573	79.450439	79.430672	79.432388	79.361916	79.310135	79.385048	79.469299	79.48851	79.464661	79.510498	79.250687	79.290596	79.364174	79.300407	79.303421	79.227386	78.98188	79.162628	78.90377	79.301987	79.240204	79.445351	79.498947	79.356758	79.018677	79.214424	79.3825	78.847237	79.17308	79.073792	79.052414	79.171303	79.018234	79.09671	79.030746	78.981819	79.052917	79.010406	79.013916	78.736115	78.503891	78.747925	78.582932	79.246063	78.977982	78.901566	78.924927	78.919716	78.751503	79.12088	79.132492	79.135483	78.929871	82.028961	78.748863	78.802032	79.199051	79.069519	79.572418	79.167824	79.481285	79.506912	80.894363	78.942551	79.25042	79.125732	78.96727	80.144135	79.091415	77.999352	0.0	0.0
78.557121	79.25209	79.312027	79.266335	79.295975	79.214729	79.040413	79.050591	79.071075	79.194283	78.879761	79.040268	78.862869	78.803833	77.890465	78.377625	78.022308	79.671692	79.453949	79.672226	80.187088	79.863319	80.140007	80.14621	80.068619	80.221283	80.15802	80.19455	80.279114	100.0	92.114929	78.790115	79.770462	79.640427	79.332397	79.057175	78.575226	78.485474	79.276321	79.293434	79.264801	79.144188	79.362411	79.222244	79.292053	79.245239	79.338623	79.148636	79.146233	79.295021	79.07225	79.227859	79.443268	79.217773	79.361526	79.271759	79.338455	79.153824	79.227493	79.207169	79.297272	79.140289	79.162201	79.188263	79.220352	78.994102	79.340134	79.282806	79.252472	79.221931	79.296593	78.490097	79.142746	79.299545	78.852234	79.148178	78.993942	79.079819	79.101532	79.140427	79.160652	79.252869	78.905685	79.184418	79.074127	78.973892	78.776169	78.507339	78.813019	78.612366	79.304138	78.844742	78.938622	78.901939	78.826584	79.043381	79.118637	79.123001	79.104889	78.567719	80.032585	78.386093	78.587616	78.827873	78.780334	79.142738	78.963913	79.013596	78.860184	87.009636	78.829674	79.24025	79.381912	79.120552	79.65715	79.253502	77.995506	0.0	0.0
78.378311	79.370087	79.488815	79.424469	79.648384	79.59037	79.125175	78.943314	79.532936	79.245399	79.073883	79.170807	78.800674	78.879364	77.93795	78.50975	78.091888	79.880074	79.541298	79.895905	80.499481	80.176468	80.374756	80.435135	80.265137	80.403305	80.597748	80.332245	80.479279	92.114929	100.0	78.896561	80.057999	79.670395	79.594582	79.238228	78.536636	78.535812	79.492828	79.422989	79.339935	79.323761	79.460983	79.520523	79.383148	79.4534	79.602417	79.536499	79.434731	79.312355	79.340164	79.345581	79.583138	79.497375	79.488487	79.426811	79.403603	79.285065	79.495117	79.430183	79.474014	79.421349	79.396706	79.184738	79.312141	79.133804	79.385956	79.341385	79.499084	79.421089	79.444672	78.551758	79.220741	79.391411	78.95874	79.155937	79.159439	79.153732	79.269852	79.080704	79.424515	79.332703	79.175514	79.306801	79.219482	79.152298	78.924454	78.575813	78.839325	78.638832	79.266251	78.874405	78.933487	79.048248	79.031403	79.032837	79.363556	79.244965	79.31588	78.629326	80.138718	78.5382	78.710449	79.078735	78.961639	79.305153	79.01712	79.205002	79.03228	87.483246	79.120735	79.332748	79.433884	79.125488	79.862862	79.310219	77.999817	0.0	0.0
77.629623	79.382523	79.419662	79.139496	79.132202	79.033058	78.513458	78.735497	78.796623	78.722733	78.63118	78.700371	78.454346	78.402168	77.893349	78.363564	77.926682	79.481369	79.360847	78.854965	79.250259	78.991776	79.116669	79.008926	78.924553	79.010155	79.391464	79.248428	79.238541	78.790115	78.896561	100.0	79.56601	78.719566	78.789902	78.380768	78.66217	78.438843	79.247581	79.340073	79.2481	79.171654	79.211876	79.366669	79.18586	79.357681	79.368629	79.418465	79.234283	79.216034	79.244034	78.966263	79.237747	79.27681	79.321121	79.425865	79.48381	79.352051	79.322632	79.19281	79.072372	79.084755	79.312973	78.844475	79.126022	78.885704	79.115341	79.31337	79.245178	79.24749	79.056778	77.936111	79.057098	78.994492	78.636414	78.716858	78.843674	78.976257	78.878098	78.9133	78.908333	79.057655	78.861069	79.031784	78.852112	78.828522	78.594711	78.530838	78.611984	78.520645	78.889847	78.644394	78.584137	78.638649	78.590988	79.021072	78.973862	78.881805	78.715485	78.624588	79.015198	79.414764	79.292534	79.564392	79.810257	83.059631	82.959274	87.047417	78.449615	78.725128	78.477013	78.447083	78.744553	78.367989	78.707619	79.178802	77.726494	0.0	0.0
78.34967	80.787689	80.800858	80.474426	80.519936	80.445145	79.432709	79.465736	79.685577	79.472137	79.371994	79.472397	79.147888	78.73159	77.783432	78.497177	78.073639	80.698181	80.3703	79.396515	79.973587	79.634323	79.703407	79.728165	79.525375	79.687668	80.29435	79.818611	79.812897	79.770462	80.057999	79.56601	100.0	80.224663	80.304016	79.699524	79.447792	79.279686	81.001846	80.467453	80.483147	80.557693	80.58165	80.602234	80.55761	80.503426	80.536217	80.443924	80.55278	80.447571	80.329315	80.378021	80.584435	80.326439	80.817749	80.585251	80.638824	80.405029	80.613342	80.371628	80.428909	80.400009	80.303436	80.214203	80.306778	80.050064	80.385452	80.484268	80.64949	80.736092	80.52282	78.321037	79.974106	80.15358	79.689995	80.265846	80.016953	79.925674	80.033691	79.951065	79.991905	80.070694	79.948654	80.006096	79.880997	79.790939	79.487091	79.33876	79.670471	79.400833	80.138367	79.381187	79.448608	79.50827	79.496201	79.392136	79.814865	79.634941	79.636078	79.4552	79.655281	79.022461	79.194412	79.344727	79.566223	80.052322	80.002472	79.884201	78.904831	79.912743	79.150101	79.754997	79.935959	79.806755	79.599854	80.009392	78.184578	0.0	0.0
