132474.56	2676871.3	2898276.3	1054862.11	1169025.9	54571.45	1961713.3	284034.3	1940.3	53451.4	40318.3	2717324.3	2726118.3	1901.28	2801031.3	2582831.3	2730915.3	1642299.6	1306175.6	2684468.3	2662065.3	1343740.29	1333528.4	1690221.3	1648182.5	2653200.3	1887.6	67294.3	1907.4	1984801.3	54571.47	1950.16	2305221.3	1546107.4	2772433.3	953739.44	83656.9	2594460.3	2721244.3	59299.27	2684469.3	1854574.8	66871.3	1038929.12	1303692.3	2203205.3	2072505.3	2282738.3	234612.4	68214.14	73044.12	2005885.3	193462.5	2742136.3	403935.6	1413221.3	45398.9	2496836.3	2710756.3	1888.31	2099584.3	264445.3	114686.5	164348.7	1885.4	1751294.3	1812480.3	1725411.3	1077946.3	1920.4	1882757.3	68203.13	249586.4	1160718.9	42881.4	54571.46	1932.7	1905.9	2705439.3	54571.11	2692234.3	1893.7	2781734.3	116188.4	47716.12	2420135.5	2801030.3	1109743.5	67258.4	51201.9	67367.6	1214101.3	2293571.4	54571.44	1912.5	2825844.3	2306165.3	1079985.11	35621.24	73044.9	68270.4	67267.5	2083284.3	2174846.3	1616117.8	47763.27	67345.6	39478.4	862751.12	2721243.3	146923.5	2838015.3	2750025.3	47760.6	2801029.3	48665.5	1886.152	2495589.3	646637.3	553510.3	749414.3	285570.6	2135430.3	2585716.3	2742130.3	477245.3	1827580.3	83656.11	2750011.3	465541.12	1855352.4	2714844.4	1967.6	2768068.3	1661694.4	67260.4	2855836.3	67263.32	2721173.3	316280.3	1535768.3	665577.7	2742137.3	2563602.3	2136401.3	278992.5	2782004.3	455632.4	1442032.3	28894.3	33900.17	2305220.3	2751189.3	2721245.3	2609807.3	2865673.3	38300.11	2175864.3	2049881.3	2840373.3	227882.62	1888.43	67304.8	2184053.3	36818.16	1434306.3	424188.3	75293.3	54571.48	2203204.3	1926.3	1403539.3	33899.19	2692233.3	68209.3	2607753.3	362257.4	2662397.3	2599401.3	1214242.5	66425.3	2797636.3	202862.4	1912.57	2797167.3	436397.4	319947.4	66374.6	2695266.3	1972846.3	444103.5	68232.3	2768066.3	2809700.4	371608.7	132473.7	1783515.3	58340.34	67296.3	2768069.3	2768067.3	54571.43	1902.64	1355015.12	80860.3	1977088.4	173860.4	1616117.3	1890.28	67351.12	2866715.3	1223523.8	2838850.3	2686304.3	2738410.3	1915.8	285578.11	1176198.4	1849967.7	1664033.3
100.0	80.913757	80.896935	80.392845	80.476227	80.917694	83.889908	82.024109	81.962891	80.801834	80.446503	80.645676	81.034515	80.324165	80.750778	80.780396	80.715668	81.034859	94.317451	81.179237	80.726593	80.978439	80.385208	80.645866	80.672401	80.367424	80.96582	81.015549	81.09465	79.790054	81.010002	80.968109	80.9422	83.748405	81.199066	80.986336	79.992645	80.401909	80.533897	81.060478	80.499512	81.160301	80.818024	80.989799	81.131668	81.233627	80.907135	80.710648	80.862854	80.671059	81.0056	81.140594	80.668518	80.62175	81.179688	80.610657	80.730972	80.492973	80.036301	80.590042	80.363281	80.670547	80.647354	80.699265	80.921661	80.931465	80.886261	80.662292	81.151794	83.865417	80.535309	81.117538	80.34108	83.739861	80.906616	81.056442	80.953964	81.334824	80.653854	80.739624	83.866669	80.846375	80.514893	80.712288	80.705795	80.654449	80.258698	78.900757	81.086441	81.957336	80.913986	80.647827	83.922546	80.800446	80.942062	80.766434	80.402489	80.817322	81.363785	81.196808	80.911713	80.880737	81.058868	80.905907	81.217072	83.699577	80.619034	80.923836	80.851318	80.297234	80.975052	80.87455	81.069992	80.451569	80.258514	79.135956	81.057404	80.552353	80.661636	83.689026	81.110298	81.026138	80.295609	80.70871	81.052811	80.883621	80.930283	80.161697	81.420937	80.738686	78.633011	81.023071	80.882591	80.659683	81.053734	81.285828	81.062119	81.204819	80.951454	80.962723	81.12854	81.05719	81.254883	80.845993	80.667953	80.799118	79.639847	81.001999	80.760452	80.776505	80.787926	80.689926	80.968765	83.512222	80.53804	80.24263	80.989273	80.081329	80.918427	81.075928	80.854607	80.320457	80.53035	80.493622	80.684662	83.411247	80.458763	81.052353	80.81665	80.647789	80.792374	83.753143	80.773643	80.948174	80.673271	80.713089	80.985611	80.574402	80.251358	80.947136	81.76416	80.359985	81.179077	83.724426	79.604897	81.090485	80.667679	80.738365	80.713051	80.668472	79.638489	80.913719	79.857056	80.270744	81.003082	81.184067	80.707169	80.635712	80.811722	80.86554	80.572189	80.810028	80.964096	80.336517	80.979912	81.451859	81.688721	81.025665	80.798187	81.060165	83.424767	81.508362	80.972916	80.654358	83.536148	80.617203	84.07576	79.556747	81.080482	81.201118
80.913757	100.0	82.291916	81.213394	81.937576	81.731316	81.042343	81.340599	81.146164	81.17231	81.008789	81.979996	81.511559	81.717651	81.749985	81.202301	81.43222	81.698708	80.87262	83.038742	81.555885	80.288681	82.058228	82.268661	81.530533	81.158958	81.802391	82.336121	81.684921	80.17028	81.812248	87.926468	81.660385	81.027466	82.416458	82.722664	80.573395	81.35199	81.46981	81.641449	80.22084	81.843964	81.466736	80.877655	82.430496	81.803543	81.464333	81.861076	81.617149	81.319138	81.505981	82.44545	82.192726	80.824745	80.494308	81.382248	81.251831	81.106964	79.748169	80.878654	81.307526	81.298363	81.422966	81.305466	81.557388	81.587753	81.655525	81.373596	82.174133	81.070244	81.256348	81.828476	81.133347	80.930252	81.609863	81.821442	81.605316	83.352966	82.182861	82.551445	81.054626	82.333878	81.260834	81.431747	81.23481	82.136795	81.076859	78.735405	82.449982	81.166702	82.672058	81.504593	80.970589	81.743355	80.335274	81.355988	81.286781	81.424126	80.568108	81.555664	81.409592	81.433746	81.702553	82.690491	83.296982	80.864136	81.279419	82.174683	82.334343	81.287888	81.639786	81.361816	82.56604	81.300705	81.139732	79.121796	81.5056	81.332306	81.271606	80.932343	80.386368	81.716232	81.07795	81.941612	80.329361	81.499832	81.698029	81.662384	80.575363	81.548103	78.574524	81.673965	81.617874	83.978882	82.540344	82.673759	82.583466	82.464081	81.282501	88.204529	84.205544	81.820198	80.708809	81.646866	81.2995	81.47229	79.290375	82.486099	81.157013	82.027298	81.258133	81.438095	81.327797	80.778015	81.127472	81.074387	93.273804	79.554604	81.599716	82.401237	81.61293	79.697662	81.15303	81.376717	81.751907	80.865768	81.261414	80.404091	82.557449	81.417023	81.287155	80.939499	81.315605	81.324867	81.612785	81.618797	82.57811	81.468155	81.633568	81.640961	81.060303	81.304489	82.526794	81.036438	80.112534	82.152985	81.525307	81.62175	81.409515	81.64328	79.437691	81.656166	80.439636	80.917435	80.095306	81.814514	81.38829	81.562027	82.375969	81.757584	81.257141	81.683792	81.597305	80.788803	81.481499	83.291672	81.153137	81.692215	81.461548	82.293861	80.915298	80.628403	81.750946	81.121872	80.820145	81.195694	81.095734	79.266663	81.431381	82.482323
80.896935	82.291916	100.0	81.251068	81.476952	81.590355	80.897614	81.397087	81.263107	81.336716	81.237999	81.82914	81.806549	81.432983	81.473434	81.564758	81.606827	81.732307	80.984352	82.820404	81.665268	80.36496	81.362755	82.099724	81.644989	81.135231	82.030029	82.830101	81.945587	80.403641	81.538712	82.231033	81.782303	80.812439	82.086121	82.630692	80.38739	81.111099	81.126755	82.028778	80.784859	81.915535	81.414902	80.881241	82.044441	81.746445	81.754242	81.481094	81.700256	81.397385	81.791672	82.25782	81.550095	80.896713	81.108337	81.270935	81.378983	81.165985	79.702881	81.073532	81.146759	81.620628	81.401054	81.492455	81.988571	81.960266	81.617081	81.540955	81.925156	81.038162	81.340179	81.963821	81.154633	80.874771	81.767982	81.73204	81.86586	83.036636	81.581116	82.620895	80.933678	81.717804	81.162598	81.2995	81.562454	81.711685	81.036758	79.146362	82.190666	81.413666	82.836121	81.555969	80.641609	81.616402	80.196793	81.55867	81.199921	81.464417	81.021637	81.812141	81.486343	81.434952	81.625702	82.511017	82.759911	80.673569	81.495445	82.63298	81.9636	81.24913	81.702682	81.41304	82.084557	81.180527	81.058578	79.379501	81.817184	81.248215	81.257263	80.92894	80.494064	81.934738	81.081818	84.507767	80.429886	82.062805	81.854195	81.433594	80.694016	81.664299	78.749802	82.199005	81.269058	82.232849	82.156799	83.396698	82.004517	82.055161	81.541328	82.260834	82.017288	82.053497	80.616379	81.94046	81.178619	81.70108	79.542358	82.176102	81.620407	81.747971	81.326828	81.661522	81.675629	80.584915	81.334702	81.181702	82.269669	79.579819	81.460014	82.222794	81.345779	80.002159	81.229027	81.282036	81.750137	80.765968	81.399414	80.469193	82.597641	81.609718	81.677246	80.743561	81.517014	81.613495	81.994942	81.606941	82.800507	81.178787	81.241821	81.758423	81.396118	81.029839	82.200714	80.726151	80.372818	92.113785	81.183273	81.43763	81.611076	81.501427	79.880859	81.730225	80.878433	80.782234	80.32251	81.81929	81.594955	81.806885	81.733231	81.623596	81.21965	81.452103	81.708755	80.904205	81.708252	84.005096	81.349319	81.348915	81.707504	82.202957	81.040817	81.233315	81.687241	81.266846	80.91394	81.218994	80.961472	79.607895	81.657646	82.154709
80.392845	81.213394	81.251068	100.0	80.647614	82.121201	80.630333	80.814651	80.70665	80.965431	82.936028	80.915649	83.43895	80.603226	80.779617	82.919662	84.016037	82.091728	80.411423	81.53775	83.336945	80.03157	80.547836	80.905121	80.782211	90.334869	83.342499	81.410645	83.727753	80.110718	82.290176	81.19207	83.603157	80.491722	81.148705	81.563385	80.394577	83.854408	83.672989	83.516495	79.805542	82.290726	81.926651	80.248566	81.281693	82.316788	84.295219	80.805618	81.010162	83.372864	83.17543	81.254776	80.816132	81.184807	80.247528	84.112907	83.253998	84.020233	79.269485	81.298676	80.410553	83.260834	83.926445	83.243416	83.830635	83.343765	80.941734	83.881409	81.527695	80.595306	84.077225	83.963684	83.960274	80.481735	84.001495	82.174728	83.389572	81.688828	80.770706	81.348442	80.619537	80.88427	84.049278	84.049454	83.242905	81.026062	89.82798	78.376663	81.337761	80.601151	81.485565	84.057106	80.499146	81.111862	80.047226	83.381882	84.124268	84.188675	80.294876	82.997894	81.960678	81.916603	83.423233	81.145813	81.508286	80.386734	83.174942	81.266083	81.004173	83.885513	83.539581	84.188904	81.267487	83.89122	89.877029	78.792526	81.207497	84.154175	83.68985	80.578445	80.088745	83.562363	83.575157	80.91922	79.877045	83.550644	83.798004	80.606445	80.388138	80.884964	78.332855	83.974876	82.064789	81.180443	81.373169	81.660828	81.373459	81.311157	83.060196	81.19873	81.433014	83.856903	80.222626	83.653656	81.768196	83.41684	79.078583	81.188965	83.173447	81.00296	82.746033	80.847725	82.909241	80.387154	92.468155	90.172668	81.30925	79.169373	83.982956	81.289001	84.18914	79.378838	83.994415	83.473389	80.925613	80.371162	90.200409	80.039093	81.422348	83.394844	83.300064	80.53228	84.110092	82.928879	80.758339	80.802505	81.368042	83.67337	80.411011	83.455353	80.576462	83.935097	81.279236	80.472275	80.666534	81.389862	82.066948	80.748871	87.631348	80.848984	79.171486	83.966286	82.456963	83.584389	79.762711	82.279465	83.954483	80.815262	81.02047	82.435524	83.846603	80.817856	83.438286	82.364639	83.392288	81.692337	80.55584	82.094444	83.901932	81.065308	80.48867	80.363914	82.247192	83.052292	80.417908	84.213257	80.659569	79.088531	83.035492	81.344879
80.476227	81.937576	81.476952	80.647614	100.0	81.149506	80.623138	81.069595	80.777664	81.029228	80.393654	81.776245	80.921875	80.830307	81.129166	80.768051	80.717072	81.238258	80.473938	82.164749	81.050278	79.953354	81.310204	81.269272	81.044266	80.433624	81.063751	81.759247	81.072906	79.923973	81.236763	82.038971	81.153725	80.66922	84.675407	81.848648	80.493385	80.997238	81.049744	81.108192	79.791275	81.418701	80.972931	80.46611	84.753433	81.442062	80.967361	81.503693	81.187714	80.554276	81.031067	84.464958	81.739044	80.354996	80.172043	80.689514	80.832474	80.673058	79.242615	80.609879	80.821945	80.634819	80.765808	80.566208	81.059738	81.01519	81.015854	80.839622	81.861328	80.677155	80.648041	81.362625	80.766556	80.636024	80.927383	81.368729	81.101402	82.171646	81.851852	82.011635	80.577805	84.252701	80.778145	80.79776	80.932861	89.91996	80.609283	78.531265	84.353874	80.757141	81.887634	80.859802	80.588165	81.212952	79.795563	80.721329	80.75943	80.859772	80.368126	81.019516	80.931915	80.879654	81.160889	81.593506	82.204453	80.522324	80.94339	81.511124	86.764519	80.960304	81.203049	80.856407	84.635284	80.964691	80.467575	78.798355	81.26004	80.831619	80.851181	80.537094	79.954514	81.017715	80.627258	81.267303	80.074471	80.923248	81.168137	80.685928	80.263641	81.110947	78.432869	81.060226	81.320671	81.861534	84.340881	81.950867	84.666801	84.596741	80.820511	81.948639	82.376244	81.139008	80.127022	81.120575	80.795654	80.995575	79.041534	84.328598	80.815781	85.821274	80.630966	81.153099	80.713943	80.598251	80.591026	80.556732	81.998299	79.091095	81.198364	84.316635	81.167633	79.431824	80.901352	80.850563	81.221672	80.351143	80.704987	79.960831	81.794472	80.784859	80.83223	80.565819	80.949112	80.782455	80.963226	81.080093	82.073471	81.076416	80.651871	80.913605	80.666512	80.786568	84.249451	80.872429	79.657753	81.465263	81.319	81.118561	80.764221	81.086914	79.123138	80.984039	80.041023	80.6297	80.020119	81.407654	80.867264	81.110054	84.995277	81.179306	80.712448	81.178253	81.113632	80.346664	80.776527	82.162895	80.770699	81.265289	80.854218	84.153755	80.576172	80.380569	81.31501	80.629005	80.456696	80.737961	80.950516	79.060425	80.942543	84.549446
80.917694	81.731316	81.590355	82.121201	81.149506	100.0	81.027084	81.330482	81.165497	81.415215	81.655624	81.330055	82.123314	80.61554	81.209106	81.884033	82.19516	87.024513	80.894699	82.185966	82.400208	80.300278	80.942932	81.15229	81.262878	82.06662	82.256454	81.875908	82.241119	80.609093	93.599762	81.660614	82.454865	80.782753	81.957619	82.069733	81.196899	82.732155	82.679688	82.297256	79.697868	87.577438	84.608353	80.372566	81.961044	87.871689	82.550674	81.117508	81.356667	82.006187	82.15712	81.974213	81.361656	81.35273	80.152786	82.336166	82.108612	82.190811	79.38179	81.517654	81.087952	81.926468	82.184525	81.928299	82.399513	82.187317	81.401825	82.34053	82.254807	80.935043	82.166969	82.525513	82.00425	80.769455	82.392975	94.072861	82.115463	82.344627	81.253937	81.963333	80.925674	81.600845	82.274292	82.275658	82.178444	81.487381	81.905792	78.500671	81.667694	81.087555	82.025528	82.293915	80.874275	81.273056	80.092377	82.049904	82.27298	82.419846	80.628204	81.995781	84.244041	84.49736	82.397713	81.366592	82.169754	80.765991	81.899826	81.627922	81.588806	82.688721	82.489883	82.425415	82.026901	82.667816	81.965897	78.708923	81.799484	82.471573	82.358116	80.988373	80.180832	82.31546	81.778587	81.363663	80.264008	82.216835	82.549942	80.517494	80.513512	81.311142	78.306641	82.507751	87.70726	81.406265	81.943771	82.142906	81.927704	81.814087	81.923149	81.640282	82.08757	82.319649	80.244202	82.314911	84.141983	82.320183	79.06839	81.833664	81.772537	81.186462	81.776718	81.339119	81.855545	80.748871	82.019791	81.87941	81.750557	79.383881	82.877777	81.88063	82.856323	79.801712	82.122528	82.02948	81.339149	80.696442	82.124176	80.22422	82.065292	81.926918	82.000366	80.905403	82.328064	81.914322	81.332611	81.240677	81.943871	82.64904	80.431366	82.234665	80.926453	82.638062	81.89267	80.875534	80.138168	81.605698	85.557655	81.098831	82.252907	81.273132	79.429977	82.248215	81.076538	82.167839	79.995239	87.819611	82.277878	81.323463	81.655319	83.245438	82.324905	81.260841	82.25264	81.218307	82.082764	82.276138	81.08345	87.782982	82.173859	81.703133	80.943611	80.701218	87.668259	81.765182	80.754807	82.158218	81.126312	78.995438	82.101379	81.941864
83.889908	81.042343	80.897614	80.630333	80.623138	81.027084	100.0	82.031387	81.720505	80.759399	80.692291	80.647369	81.126984	80.468987	80.951218	81.220985	80.794052	81.096085	83.863571	81.269684	81.006927	81.225288	80.650101	80.839874	80.872986	80.737328	81.208603	81.252121	81.245789	79.770706	81.043114	81.115921	81.221611	87.994308	81.245293	81.325409	80.098869	80.844727	80.743103	81.188278	80.584389	81.320908	80.980972	81.229576	81.370193	81.282661	81.023575	80.675598	80.858162	80.975464	81.266998	81.426865	80.825699	80.63517	81.084595	80.807762	80.952866	80.760345	79.875168	80.934364	80.637817	80.801147	80.732254	81.007713	81.24501	81.125984	80.88649	80.969284	81.378799	88.368858	80.969948	81.292633	80.658325	88.00853	81.079361	81.125397	81.277039	81.489395	80.787567	80.953995	86.363464	81.116653	80.780319	80.907043	80.970291	81.013306	80.372391	78.939423	81.231796	81.966324	81.130653	80.766823	88.713638	81.073921	81.111626	81.086441	80.822144	81.006348	81.289902	81.21611	80.926239	80.902664	81.064835	81.052399	81.415619	88.035408	80.869751	81.007126	81.175011	80.880623	81.185425	81.070786	81.32045	80.629036	80.413101	79.33223	81.24118	80.77343	81.070206	86.254425	81.272797	81.104034	80.617661	80.790398	80.933472	81.164703	81.173439	80.336647	81.59111	80.914108	78.689987	81.210129	81.020615	80.993469	81.397171	81.38427	81.327507	81.349838	81.09214	81.110626	81.40844	81.215652	81.576599	81.253006	80.766136	80.941109	79.544327	81.369125	80.937393	80.911438	80.965988	81.027252	81.081924	87.788315	80.607346	80.505455	81.147675	80.032181	80.966354	81.331108	80.927567	80.153542	81.050949	80.854416	81.016586	85.577209	80.710846	81.141953	80.974419	80.821594	81.000107	86.524017	80.940895	81.058472	80.895149	80.915459	81.154617	80.839851	80.315903	81.202934	81.800346	80.576553	81.406471	88.220337	79.684052	81.050278	80.957184	80.797806	80.864235	80.837151	79.75631	81.135628	80.004143	80.590332	80.858643	81.256775	81.038574	80.865173	80.999252	81.070404	80.847168	80.930969	81.038025	80.495224	81.198669	81.627518	81.793045	80.98172	80.950897	81.171265	85.816162	81.400711	81.075111	80.875206	85.705856	80.7892	88.154831	79.617355	81.220444	81.462303
82.024109	81.340599	81.397087	80.814651	81.069595	81.330482	82.031387	100.0	86.789062	81.198441	80.73819	81.071251	81.217133	80.79747	81.192566	81.033829	80.816109	81.435913	81.950806	81.525452	81.097763	81.707863	80.841202	81.037247	81.320381	80.689377	81.181091	81.546715	81.236908	80.076096	81.297272	81.339111	81.197693	81.763588	81.590157	81.412369	80.293335	80.873901	80.918243	81.237503	80.566589	81.639374	81.196426	81.461243	81.593384	81.458344	81.084587	81.062775	81.322762	80.936287	81.488716	81.637917	80.968445	80.677109	81.276154	80.895081	80.968292	80.713928	80.078819	80.800781	80.858032	80.870865	81.016296	80.793533	81.318573	81.168388	81.31572	80.953552	81.529022	81.806625	80.826981	81.39122	80.652222	81.853088	81.136917	81.448853	81.192276	81.697052	80.835999	81.295639	81.918518	81.119713	80.689713	80.930702	80.951324	81.119019	80.588898	79.08342	81.52623	84.984566	81.434113	80.93779	81.914536	81.295593	81.511505	80.983818	80.677643	80.992805	83.669479	81.523293	81.180367	81.107841	81.272171	81.218552	81.588516	81.715088	80.849342	81.173218	81.29525	80.749916	81.14682	81.005905	81.50177	80.892639	80.647346	79.377609	81.193375	80.842064	80.88649	82.028	81.534447	81.170502	80.687683	81.195023	81.369247	81.188995	81.090836	80.674072	81.984558	81.359871	78.941376	81.331879	81.146408	81.316879	81.466187	81.6577	81.462845	81.630783	80.904938	81.334427	81.491211	81.236923	81.765442	81.240005	81.038788	81.021317	79.570129	81.475861	81.104622	81.27829	80.934402	81.455719	80.963058	81.714279	80.756989	80.652405	81.492355	79.986984	80.9907	81.485298	81.040573	80.183937	80.993546	80.846573	81.392982	81.807434	80.657173	81.67601	81.29921	81.056816	80.944794	82.054161	81.031639	81.15802	81.303642	81.178429	81.473923	81.02359	80.549896	81.090347	84.752106	80.871384	81.612976	81.95253	79.7575	81.51152	81.086868	81.227753	80.880592	81.239532	79.866806	81.034515	80.075897	80.644119	81.167984	81.668152	80.947205	81.255692	81.174385	81.073822	80.788109	81.231522	81.241776	80.475761	81.076965	81.852264	85.790283	81.227554	81.143814	81.414398	81.86454	83.626801	81.317001	80.742226	82.001083	80.761414	82.100967	79.760643	81.19902	81.567947
81.962891	81.146164	81.263107	80.70665	80.777664	81.165497	81.720505	86.789062	100.0	80.949585	80.62989	80.958939	81.083282	80.541901	81.274498	81.002556	80.814835	81.23941	82.114746	81.498688	80.947838	81.272842	80.733635	80.71254	81.253632	80.420258	80.990021	81.50779	81.105377	79.973221	81.12326	81.260864	81.066071	81.61055	81.50383	81.578781	80.021126	80.727219	80.772026	81.264511	80.570282	81.37487	80.935654	81.323822	81.46299	81.367004	80.95723	80.857201	81.200729	80.739647	81.31562	81.471642	80.761398	80.532623	81.113312	80.640991	80.904099	80.585014	79.794754	80.750504	80.845474	80.779831	80.813828	80.781166	81.141701	81.129227	81.276283	80.747147	81.523193	81.766312	80.740837	81.229462	80.541382	81.76091	81.007324	81.185806	81.002426	81.76638	80.686775	81.285538	81.897018	81.018799	80.66124	80.854713	80.865067	81.13369	80.438324	78.879654	81.47998	85.091843	81.462082	80.723785	81.734924	81.188866	81.155342	80.920258	80.726715	80.924278	83.507324	81.310425	81.046463	80.921547	81.093262	81.122482	81.584457	81.621628	80.75473	81.155106	81.241241	80.616188	81.092178	80.931168	81.295563	80.590179	80.501541	79.317001	81.215515	80.753082	80.731453	81.925354	81.305695	81.076248	80.613045	80.962425	81.167068	81.103523	81.158279	80.512146	81.676941	81.157608	78.924225	81.270302	81.053902	81.035057	81.450592	81.609314	81.371452	81.583214	81.097809	81.243729	81.478882	81.22718	81.733765	81.155357	80.931091	81.013977	79.627075	81.364746	80.810425	81.075706	80.910904	81.215149	80.9319	81.533821	80.640228	80.404816	81.112473	79.804733	80.898895	81.309799	80.832436	79.975868	80.928894	80.71048	81.295273	81.541611	80.729156	81.388947	81.340591	80.841461	80.877289	81.875885	81.019035	80.982864	81.338852	81.063072	81.404335	80.800087	80.374901	80.957718	84.820435	80.56324	81.471085	81.708626	79.619247	81.250618	80.899948	81.218033	80.878937	81.142868	79.71312	81.008301	79.929504	80.533501	81.039429	81.412033	80.837723	81.326019	81.116135	81.1073	80.712189	81.077705	80.96524	80.253754	81.004959	81.641418	86.219238	80.982285	81.052719	81.271698	81.777328	83.543098	81.338043	80.741631	81.766403	80.669647	81.975067	79.696892	81.069878	81.441025
80.801834	81.17231	81.336716	80.965431	81.029228	81.415215	80.759399	81.198441	80.949585	100.0	80.844452	80.810577	81.464539	80.692047	80.788696	81.246376	81.031944	81.550171	80.845123	81.434464	81.820374	80.059029	80.477142	80.901031	80.791229	80.882339	81.849213	81.792709	81.702843	80.876663	81.396088	81.1772	81.699326	80.608932	81.74678	81.436371	81.017563	80.892036	80.804153	81.678406	80.475861	81.716324	81.217201	80.822861	81.670372	81.681175	81.364563	80.677948	80.868355	80.987228	81.712204	81.784935	81.004364	80.972321	80.701355	80.979202	81.561462	80.757614	79.416718	81.482002	80.516159	81.24823	81.130325	81.034943	81.550476	81.808289	80.89621	81.232346	81.338486	80.880936	81.079239	81.877197	80.852722	80.856956	81.494049	81.476433	81.762848	81.507126	80.907623	81.230026	80.765556	81.117859	80.881744	81.023697	81.514999	81.188316	80.807236	78.938126	81.781372	80.918243	81.397751	81.149269	80.493965	80.968567	80.020477	81.213196	80.853233	81.147636	80.579483	81.73407	81.180313	81.152618	81.762589	81.103378	81.345329	80.533417	81.501389	81.327316	81.562187	80.762985	81.708923	81.190842	81.671326	80.98201	80.69532	79.080811	91.962265	81.081116	81.283661	80.674126	79.952713	81.753601	80.794067	81.188126	80.306702	81.622406	81.462677	80.58773	80.344254	80.851929	78.688995	81.690323	81.260529	81.37326	81.837982	81.901596	81.769547	81.859375	81.139084	81.068527	80.797287	81.780563	80.316193	81.962799	81.05722	81.595741	79.48877	81.729309	81.198601	81.51445	81.200035	80.975998	81.276505	80.58075	80.886276	80.852852	81.2258	79.714203	81.144623	81.731323	81.129654	79.928047	81.056854	80.987305	81.044754	80.677933	80.99662	80.065079	81.246399	81.371864	81.129509	80.529755	81.271416	81.334343	81.019875	80.844711	81.425301	81.028519	80.501953	81.467567	80.836365	80.787186	81.639603	80.663177	80.212753	81.583191	80.982803	80.622482	81.368973	80.861984	79.47142	81.457527	80.370499	80.788635	80.191666	81.531342	81.100296	80.910927	81.012299	81.602951	80.979866	80.827309	81.72319	80.742821	81.27211	81.695648	80.913071	81.346085	81.569763	81.849892	80.930222	80.787086	81.508781	80.993942	80.807724	81.117645	80.929466	79.631744	81.636139	81.954247
80.446503	81.008789	81.237999	82.936028	80.393654	81.655624	80.692291	80.73819	80.62989	80.844452	100.0	80.643852	83.408081	80.638214	80.676895	83.159348	83.530197	81.729164	80.501709	81.185883	83.10537	80.250351	80.779617	80.960274	80.684204	82.971985	83.241409	81.060959	83.477341	79.972977	81.664047	80.966293	83.319016	80.711533	80.959396	81.134041	80.412476	83.443832	83.450851	83.161926	79.881454	81.901581	81.64785	80.281738	81.050117	81.974709	83.524376	80.944214	80.817581	83.436996	83.140381	81.077652	80.689964	81.142395	80.308914	83.393494	83.07695	83.106049	79.246017	81.388397	80.376404	83.320648	83.132797	83.234718	83.492828	83.026413	80.675003	83.323647	81.346741	80.695068	83.226959	83.678749	83.066032	80.628548	83.55423	81.726028	83.177612	81.35067	80.692841	80.983215	80.567764	80.909988	83.17572	83.364769	82.840919	80.839722	82.963776	78.605438	81.069946	80.79007	81.052681	83.423248	80.619766	80.948318	80.37532	83.304855	83.163193	83.47464	80.514595	83.119499	81.733765	81.562759	83.26754	81.232628	81.392593	80.528229	82.925316	80.984192	81.034821	83.450211	83.155518	83.408989	81.065292	82.718201	82.923828	78.918526	81.164398	83.181152	83.582291	80.644882	80.410736	83.412094	82.809097	80.902969	79.786201	83.503342	83.279938	80.500648	80.490829	80.669296	78.622818	83.661743	81.601402	80.950714	81.109215	81.229752	81.100365	81.109306	83.243378	81.012695	81.223022	83.8255	80.480072	83.503098	81.552261	83.224518	79.359833	81.056442	83.067818	80.732803	83.160278	80.702377	83.30246	80.65567	82.835373	82.77301	81.044296	79.294373	83.67482	81.091202	84.241096	79.418915	83.157555	83.280899	80.697067	80.515968	82.833466	80.492218	80.962891	83.160477	83.458023	80.529572	83.281593	83.361511	80.642967	80.612434	81.258041	83.370667	80.359024	83.386108	80.713326	82.879791	81.037979	80.589027	81.011703	81.038147	81.396324	80.75222	83.080643	80.681	79.18689	83.400734	81.513908	82.893234	79.816986	81.959755	83.211708	80.713692	80.852486	81.754379	83.131157	80.801804	83.237762	82.494072	83.304611	81.478745	80.65361	81.589142	83.413223	81.04203	80.499695	80.522079	81.7985	83.112701	80.650146	83.114563	80.653366	79.279854	83.560669	81.133667
80.645676	81.979996	81.82914	80.915649	81.776245	81.330055	80.647369	81.071251	80.958939	80.810577	80.643852	100.0	81.00943	81.033669	81.197083	80.840225	80.999893	81.434326	80.597931	82.306198	81.105576	79.926735	84.271973	81.497528	81.148376	80.856781	81.307297	81.775314	81.188087	80.332375	81.343987	82.152023	81.223061	80.564507	82.365524	82.02005	80.511612	81.194046	81.096733	81.310974	79.711227	81.751259	81.173004	80.448822	82.290543	81.58902	81.204285	83.787292	81.303619	80.863678	81.277847	82.335678	83.221344	80.490021	80.272842	80.884628	81.090393	80.766968	79.433075	80.759872	80.89299	80.802277	80.913925	80.693008	81.169647	81.196404	81.246895	80.929527	81.883842	80.640671	80.908554	81.380295	80.863815	80.578247	81.167221	81.436699	81.201157	82.532532	83.145844	81.968018	80.530945	81.934944	81.007492	80.912384	80.954285	82.068939	80.800217	78.660553	82.445679	80.990997	81.949768	81.055901	80.438187	81.127151	79.99704	80.921883	80.897675	81.073967	80.537903	81.378693	81.074539	81.106689	81.213989	81.811447	82.617615	80.421295	80.87812	81.501633	82.24971	81.090645	81.300797	81.045883	82.365326	81.150269	80.738144	78.589142	81.287872	81.026886	81.025726	80.474869	80.083038	81.18589	80.749283	81.35405	80.151321	81.203606	81.240669	81.052704	80.415588	81.173523	78.204529	81.282654	81.260056	81.850151	82.303696	82.251167	82.275299	82.370102	80.852333	82.136711	82.80101	81.215332	80.335312	81.241211	80.95018	81.067612	79.254333	82.17926	80.867439	81.915344	80.80719	81.117096	80.953918	80.496246	80.873291	80.844803	82.039352	79.159615	81.278214	82.142365	81.262955	79.446503	81.071136	81.045868	81.28891	80.30777	80.922478	80.146149	81.985374	81.007149	80.880432	80.613785	81.032898	81.043747	81.086975	81.135658	81.905624	81.148163	81.023666	81.031845	80.870163	81.018784	82.516762	80.765121	79.583664	81.820007	81.270798	81.221985	81.022697	81.142189	79.474075	81.179459	80.367302	80.967621	80.075485	81.657547	80.931602	81.036789	82.11747	81.260315	80.886749	81.334114	81.050011	80.293015	80.865356	82.567291	80.853683	81.299347	81.076515	82.210167	80.5541	80.498444	81.434898	80.750381	80.429451	80.927139	80.881805	79.186356	81.123352	82.334763
81.034515	81.511559	81.806549	83.43895	80.921875	82.123314	81.126984	81.217133	81.083282	81.464539	83.408081	81.00943	100.0	80.800629	81.2565	86.753448	84.898781	82.407341	80.939423	81.774307	84.574966	80.426025	80.751007	81.283432	81.182182	83.299896	84.618576	81.877869	85.315292	80.393646	82.13382	81.479218	84.844894	80.74231	81.485001	81.860062	80.591446	83.708801	83.390266	84.588074	80.244247	82.616028	82.209167	80.62632	81.548676	82.598381	85.079575	80.829575	81.203278	87.352448	85.894669	81.50354	80.947075	81.507622	80.877747	84.799675	84.430634	84.460419	79.582047	81.581749	80.803314	94.430473	84.580231	88.105652	85.841972	84.402435	81.314384	85.157745	81.707306	81.10717	84.692863	84.8862	84.486725	80.862862	84.974197	82.190491	84.58667	81.981766	80.888306	81.675812	80.952324	81.149719	84.626343	84.868652	84.285248	81.34549	83.337662	78.714905	81.624115	81.298584	81.795883	84.620377	80.782181	81.305695	80.295792	90.76326	84.652061	85.003792	80.757927	85.755203	82.276169	82.087776	84.618408	81.525528	81.837784	80.678047	83.972305	81.683388	81.479141	83.588608	84.722374	84.824127	81.342072	83.197502	83.275162	79.241714	81.772736	84.801895	84.867126	80.935211	80.425598	84.976357	84.14241	81.579811	80.320381	84.997948	84.851974	80.679688	80.753708	81.136543	78.823769	85.39566	82.133041	81.450745	81.433441	82.088661	81.452866	81.506577	89.425339	81.462723	81.498466	85.132599	80.576614	84.880531	82.189789	84.660248	79.363701	81.438576	89.090317	81.186951	86.723434	81.276855	87.14473	80.657501	83.464615	83.209625	81.544334	79.720367	83.809387	81.492996	84.074211	80.077759	84.65625	84.373947	81.3078	80.872849	83.540909	80.360168	81.64138	84.366821	90.916016	80.93251	84.72438	86.874641	81.322678	81.089615	81.983307	83.41217	80.482727	87.596664	80.986603	83.20784	81.715759	80.827042	81.497101	81.759979	81.89196	81.056175	83.856995	81.164597	79.651199	84.796066	82.947113	84.240616	80.211273	82.403244	84.741829	81.204285	81.08754	82.623627	84.572258	81.215027	84.634338	86.355911	90.834259	82.104897	81.186783	82.141647	84.797256	81.401184	81.107971	80.885193	82.460709	87.702606	81.021523	84.597031	80.949577	79.545227	85.048523	81.496994
80.324165	81.717651	81.432983	80.603226	80.830307	80.61554	80.468987	80.79747	80.541901	80.692047	80.638214	81.033669	80.800629	100.0	80.831268	80.753448	80.611313	80.87793	80.257431	81.779381	80.727524	80.146179	81.380035	81.310837	80.727104	80.556076	80.927544	81.583466	80.965363	79.548859	80.641075	81.807755	80.862808	80.450668	81.612114	81.599121	80.028107	80.522865	80.646591	80.955917	79.672333	80.949295	80.474121	80.401917	81.578857	80.870239	80.515388	81.320343	80.850479	80.498383	81.029839	81.684982	81.396675	80.592628	80.200378	80.564941	80.620178	80.304123	79.105896	80.588264	80.334442	80.557602	80.494095	80.467117	80.696228	80.906395	80.749802	80.5159	81.316132	80.343155	80.545303	81.024414	80.318802	80.401779	80.845596	80.785706	80.917679	82.002045	81.237038	81.433624	80.421066	81.200676	80.38269	80.500938	80.543762	81.062668	80.248886	78.294106	81.680481	80.62487	81.60202	80.783958	80.353226	81.10128	80.153763	80.689789	80.509827	80.571915	80.269768	81.111786	80.596001	80.57486	80.723747	81.558258	81.987717	80.280716	80.585899	81.384949	81.258301	80.4291	80.828766	80.545837	81.531921	80.389221	80.241165	78.824379	81.169746	80.487747	80.460953	80.671875	80.100983	80.822357	80.323975	81.139145	79.930573	80.877281	80.880371	82.694054	80.451233	80.829819	78.290474	80.974991	80.601952	81.743866	81.498657	81.756218	81.51622	81.721169	80.673813	81.891724	82.401443	81.032753	80.456558	80.90596	80.463852	80.655525	79.158501	81.542931	80.571182	81.084991	80.761024	80.797234	80.651817	80.314438	80.534622	80.284897	81.861069	79.271011	80.628159	81.569672	80.731842	79.419693	80.579086	80.549141	80.889015	80.336563	80.529037	80.352058	81.466812	80.765762	80.70253	80.493431	80.66539	80.72522	80.707329	80.729622	81.55368	80.645866	82.602097	80.69664	80.626358	80.311394	81.489502	80.434586	79.764542	81.368439	80.374062	80.614563	80.607361	80.750397	79.248337	80.870773	79.888741	80.266174	79.822311	81.045578	80.54483	80.826736	81.114571	80.64212	80.387077	80.71109	80.650208	80.247971	80.726906	81.896065	80.538696	80.649918	81.030685	81.415848	80.579086	80.333664	80.858688	80.483864	80.400391	80.455925	80.424103	79.253372	80.957535	81.651016
80.750778	81.749985	81.473434	80.779617	81.129166	81.209106	80.951218	81.192566	81.274498	80.788696	80.676895	81.197083	81.2565	80.831268	100.0	81.192024	81.100136	81.341324	80.739388	82.440552	81.073601	79.978729	80.897034	81.142586	88.457108	80.748505	81.268631	82.293289	81.419296	79.97525	81.289856	81.636368	81.290695	80.667496	81.927048	82.453598	80.186707	81.132675	81.18187	81.271637	80.110886	81.479218	80.983536	80.517197	81.939896	81.554169	81.202034	81.042435	88.261612	80.915909	81.408539	81.894028	81.074753	80.564941	80.5755	81.115135	80.923492	80.965843	79.318222	80.750931	87.451279	81.00914	81.161743	80.998474	81.327347	81.152252	88.463814	80.990158	81.906776	80.85051	81.070114	81.329956	81.026733	80.815033	81.200714	81.457924	81.320084	82.829773	80.932793	82.286858	80.856522	81.40152	81.029289	81.024033	80.995529	81.446472	80.677322	78.442245	81.850159	81.25209	82.381393	81.07782	80.701096	85.801147	80.006927	81.179611	81.148613	81.091835	80.641273	81.285202	81.04438	80.936584	81.260811	81.532364	82.162636	80.689453	80.878021	81.88974	81.524414	81.080887	81.294174	81.154739	81.794327	81.075439	80.62822	79.174026	81.339371	81.112137	81.050995	80.721237	80.128189	81.217285	80.850693	81.261642	80.197899	81.136101	81.340393	80.672668	80.510895	87.737244	78.906876	81.515594	81.227295	81.485626	81.884415	82.456047	81.967751	82.046585	81.056877	81.763504	82.046806	81.337135	80.245087	81.304199	80.900208	81.266632	79.194618	81.828613	81.004402	81.423271	81.037544	87.105957	81.013779	80.634987	80.772675	80.721405	81.768105	79.201035	81.244171	81.860962	81.354416	79.345673	81.197571	80.870605	88.264359	80.547226	80.941589	80.082611	82.202423	80.936737	81.052094	80.825722	81.283615	81.200089	85.376877	88.674286	82.451324	81.252907	80.536484	81.289375	81.002243	80.821091	81.715034	80.81076	79.770187	81.628998	81.108757	89.114182	81.010391	89.37664	79.11734	81.349533	80.131096	80.912521	80.164703	81.495468	81.185699	87.381165	81.583374	81.371155	81.100891	89.113724	81.175987	80.414154	81.159904	82.382927	81.212845	81.328201	81.261032	81.74752	80.726509	80.562386	81.31266	80.96814	80.765564	80.952667	81.125107	79.192993	81.101036	81.849396
80.780396	81.202301	81.564758	82.919662	80.768051	81.884033	81.220985	81.033829	81.002556	81.246376	83.159348	80.840225	86.753448	80.753448	81.192024	100.0	84.106522	82.082962	80.863281	81.530388	83.94825	80.239433	80.661636	81.030167	81.091782	82.939331	84.124535	81.80809	84.397797	80.320618	81.855835	81.285492	84.210434	80.80722	81.412018	81.633453	80.471725	83.060928	83.004814	84.070923	80.195709	82.382751	81.851959	80.556709	81.405533	82.351189	84.25634	80.897614	81.196312	85.878387	85.465378	81.475533	80.758476	81.475616	80.918839	84.057251	84.029732	83.606865	79.360649	81.750519	80.776611	86.632095	83.979889	86.834175	84.720146	83.797806	81.210693	84.141556	81.746437	81.014877	84.028549	84.318077	83.763138	80.883919	84.13472	81.953171	84.025253	81.650284	80.80896	81.412201	80.963562	81.022629	84.01725	84.031357	83.691841	81.117348	82.749596	78.786362	81.4599	81.218216	81.574875	84.116272	80.709938	81.282074	80.272202	86.644577	83.898788	84.239319	80.696136	85.585541	81.930748	81.948044	84.121758	81.366745	81.709625	80.637466	83.436935	81.625931	81.197769	82.987625	83.940186	83.995087	81.383141	82.643234	82.780624	79.299271	81.748123	84.052231	84.211777	81.020691	80.146278	84.272537	83.47998	81.220261	80.245636	84.297134	84.167564	80.566971	80.578247	81.075645	78.881615	84.666901	81.787903	81.348816	81.489792	81.942276	81.348969	81.561996	86.442673	81.428909	81.264511	84.375435	80.589508	84.125961	81.975876	83.932144	79.391106	81.363098	86.344437	81.055351	94.658516	81.139496	90.022598	80.664299	82.88916	82.820541	81.254028	79.67485	83.217255	81.432877	83.505424	79.768799	83.99231	83.653442	81.189781	80.841927	82.907211	80.485313	81.391281	83.686935	86.807907	80.77774	84.010452	94.920326	81.200737	81.106781	81.703804	83.001472	80.522751	86.306702	81.0961	82.601624	81.796967	80.842918	81.278671	81.60038	81.594231	80.943527	83.351555	81.057037	79.406334	84.37001	82.469635	83.629303	80.273834	82.341919	83.890793	81.172615	80.981812	82.365707	83.961967	81.001007	83.93042	84.89003	86.800049	81.856712	81.097649	81.873322	84.264595	81.429703	81.038857	80.814102	82.040398	86.338303	81.039436	83.947449	81.182129	79.443146	84.603546	81.444626
80.715668	81.43222	81.606827	84.016037	80.717072	82.19516	80.794052	80.816109	80.814835	81.031944	83.530197	80.999893	84.898781	80.611313	81.100136	84.106522	100.0	82.344437	80.789139	81.635193	84.858315	80.19841	80.801392	81.129288	80.898857	84.011429	84.614937	81.425568	86.14566	80.021996	82.25293	81.610352	85.092072	80.686981	81.340439	81.66748	80.521912	84.23291	83.822334	84.671387	80.011887	82.575089	82.290558	80.544983	81.349426	82.541985	86.126183	80.834518	81.073662	84.831131	84.010185	81.383774	80.937225	81.402863	80.642975	86.185287	84.401749	85.919838	79.47406	81.44735	80.638275	84.834595	85.115746	84.892517	85.59272	84.604721	81.029846	85.224899	81.473892	80.922287	85.18631	85.428528	85.097549	80.681961	91.082428	82.307861	84.721115	81.958771	80.916351	81.385574	80.734283	81.060883	85.192383	85.846085	84.462692	80.919968	84.253273	78.735481	81.308594	80.911133	81.557495	85.661362	80.514374	81.069946	80.270592	84.841553	85.256119	86.061417	80.566483	83.905243	82.119446	82.273941	84.944473	81.753006	82.017097	80.55867	84.34201	81.399788	81.060364	84.089897	84.921577	85.71344	81.306992	83.826271	84.410782	78.820328	81.448906	85.463341	85.279518	80.818207	80.418137	85.357635	84.467636	81.390396	80.140472	85.353012	85.175461	80.494537	80.641724	80.953369	78.494797	86.468765	82.276443	81.362961	81.390709	81.76857	81.303246	81.415779	84.48053	81.511917	81.668999	85.717377	80.37236	85.24115	82.078285	85.090347	79.221649	81.226486	84.577026	80.942093	84.099533	80.960953	84.222382	80.646019	83.983521	84.113846	81.481232	79.582413	84.605759	81.293427	84.561623	79.704567	85.000694	86.943909	80.958649	80.573593	84.227478	80.35881	81.397858	84.82782	85.02626	80.728607	85.20401	84.307228	81.106812	81.008224	81.529938	83.729424	80.368256	84.912079	80.805878	83.915245	81.430344	80.792145	81.483261	81.594467	82.295776	80.92141	84.401451	80.966042	79.555931	85.499588	83.061691	84.403366	80.066528	82.484741	85.610466	80.82267	81.086273	82.379639	85.620605	80.962418	84.851318	83.620384	85.012299	81.960808	80.832993	82.276627	84.952637	81.182137	80.7099	80.550659	82.472214	84.609291	80.703545	85.701378	80.962494	79.336693	84.381424	81.393555
