1312183.9	2018689.3	240521.3	1841654.4	1736312.3	2171756.3	391.9	1907415.3	1907413.3	1368430.4	2590777.3	386.189	1566260.3	1335060.3	386.162	1703964.3	386.182	2819997.3	2785056.3	396.13	1736428.3	2067451.4	386.180	385.7	754762.3	384.393	1138189.12	1841653.4	2726076.3	216596.11	387.282	2731112.3	386.163	2817706.3	398.14	2291939.3	2081791.3	754523.3	2613770.3	384.94	698761.4	2806346.3	1571470.3	1986026.4	398.4	1500301.3	1500304.3	908946.3	1335060.80	2583231.6	29449.42	2731096.3	1138194.8	1764276.3	754521.3	2028343.3	887144.4	2603277.3	2182425.3	1120688.3	395491.3	754764.3	1736563.3	2937795.4	990285.3	2586991.3	2267833.3	1703971.3	2048897.3	2819999.3	2895568.3	391.5	1041147.3	1138190.4	2726075.3	1752526.3	451876.4	395492.8	384.21	1368417.4	1532558.3	348824.51	2795216.3	1538159.10	1736592.3	1736473.3	538025.6	984260.6	50338.5	1736380.3	379684.3	293958.16	2919917.3	1825933.3	2035449.3	1144306.3	1523429.3	484088.4	2849093.3	2135647.3	398.16	384.894	2813827.4	2613771.3	1736577.3	363754.4	384.18	1981173.3	347834.17	1736344.3	1378077.3	2845820.10	1079460.3	1523420.3	1566263.3	384.1004	1223565.8	2364272.4	936136.8
100.0	80.536865	78.852234	79.550537	78.072449	79.130432	78.560532	78.630051	78.711868	78.7491	78.581619	80.279907	82.755936	78.630829	80.544724	80.366035	80.301834	79.402275	79.74041	80.441284	78.636414	78.689262	80.248413	80.541412	80.41655	80.378174	80.109619	82.837868	78.961258	80.414383	80.310608	80.292313	80.524323	78.600784	0.0	78.603165	80.438217	80.431046	80.410904	80.351204	82.947266	78.781631	78.95874	78.79567	82.715675	78.902328	79.505371	78.79451	0.0	80.338203	80.003433	80.315392	80.293755	79.571381	80.434189	82.7108	78.190483	78.658028	79.689995	78.91481	80.374077	80.404121	78.38797	78.735077	79.441666	79.31871	78.632568	80.60524	87.713684	79.384476	78.887444	78.530991	87.328102	80.30722	0.0	78.516907	77.828949	80.508018	80.281548	77.736908	78.903839	79.5588	82.694031	80.545082	79.485947	77.624947	79.358521	77.519882	79.647415	78.915314	78.883957	84.786789	78.729996	80.301071	80.521362	84.90686	78.836411	79.977867	80.057487	78.62619	82.958389	80.231277	78.83049	79.593445	78.614838	83.098206	80.42157	80.296249	80.312943	78.15609	78.820839	78.847237	79.442017	78.477791	78.193321	80.286789	80.3386	83.443405	80.478256
80.536865	100.0	79.436768	81.146942	78.263115	80.097321	79.114319	79.153946	79.373642	79.387672	79.006859	91.164886	80.565125	79.21978	89.053238	87.64151	91.462631	79.833908	81.893723	87.867493	79.453712	79.385437	91.688843	87.887398	89.150757	91.236176	87.17688	80.635963	79.726624	91.027794	90.722443	87.634872	89.158707	79.289642	0.0	78.986717	91.177605	90.854919	82.983467	91.394241	80.764877	79.409912	79.629242	79.605743	80.745514	79.838715	80.806404	79.403549	0.0	91.157196	81.896729	89.4646	87.722733	81.040131	91.197876	80.562485	78.671951	79.324402	80.708313	79.880386	91.028358	89.07077	78.531387	79.234268	80.902931	81.05574	79.109344	89.160889	80.900803	79.865112	79.779343	79.139557	80.68811	87.661057	0.0	79.116676	78.233116	89.198303	90.758728	77.952988	79.675827	81.20742	80.671127	89.086784	81.01796	77.965759	81.445259	77.802246	81.914978	79.755417	79.67215	81.01165	79.231888	91.13916	88.265999	81.232353	79.41156	79.989388	83.269852	79.304504	80.771851	91.413521	79.593002	81.113007	79.108047	80.784851	90.707947	87.104286	87.327652	78.963501	79.201508	79.574966	81.749641	79.015572	78.856964	91.627563	88.002075	80.921371	90.881485
78.852234	79.436768	100.0	79.118637	78.377625	79.332397	78.827873	79.65715	80.068619	80.14621	78.931778	79.306	78.905685	79.24025	79.25209	79.411751	79.266335	78.567719	78.815842	79.269096	78.790115	80.140007	79.293434	79.296593	79.227493	79.443268	79.05899	79.079819	80.15802	79.222244	79.181122	79.162201	79.312027	79.194283	0.0	79.028534	79.217773	79.292053	79.671692	79.144188	79.184418	80.19455	92.114929	80.187088	79.140427	78.963913	78.901939	79.253502	0.0	79.295975	79.453949	79.153824	79.220352	78.826584	79.214729	79.074127	78.860184	80.032585	79.770462	79.381912	79.295021	79.271759	78.796982	79.057175	78.938622	78.837669	79.040268	79.361526	79.148178	78.61467	79.013596	78.929153	78.993942	79.282806	77.995506	78.879761	78.490097	79.338455	79.338623	78.022308	79.120552	79.043381	78.973892	79.173683	79.123001	78.557121	78.507339	77.890465	78.776169	79.142738	79.640427	79.142746	79.863319	79.146233	79.221931	79.299545	80.221283	78.485474	79.304138	78.90461	79.252869	79.208801	87.004639	79.114014	79.050591	79.101532	79.148636	79.188263	79.169632	78.454132	79.071075	80.279114	78.612366	79.672226	78.587616	79.362411	79.340134	79.057205	79.245239
79.550537	81.146942	79.118637	100.0	78.449959	79.301559	78.580765	78.929039	79.205299	79.217178	78.728333	81.066711	79.843849	78.851166	81.214325	81.001694	81.040604	79.159828	80.840744	81.000076	78.973862	79.286118	81.004181	81.074928	81.049187	81.005142	80.664551	79.904274	79.191292	81.106506	81.028503	80.874512	81.191483	78.782806	0.0	78.633514	80.964905	81.019821	82.023964	81.115143	79.920776	79.101913	79.363556	79.269371	79.938538	78.96196	82.505295	79.178421	0.0	81.091393	83.597267	81.012634	80.936676	82.414139	80.962601	79.888046	78.366646	78.946915	79.814865	78.880417	81.065384	81.145157	78.696892	79.016541	82.661385	82.661804	78.767532	81.254761	79.845673	79.078888	79.070953	78.831436	79.784882	80.971458	0.0	78.839882	78.142906	81.282288	80.992065	78.087265	78.821465	82.327942	79.762604	81.015396	83.605461	78.01709	80.571091	77.889587	80.828796	79.178986	79.038872	80.032204	79.084137	81.017044	81.206322	79.990891	79.288223	79.426292	80.811523	78.748306	79.803085	81.041496	79.151642	84.077248	78.737457	79.90316	80.910507	80.783379	80.827522	78.330856	79.012245	79.12088	80.881927	78.889984	78.5224	81.016457	81.118248	80.207825	81.084427
78.072449	78.263115	78.377625	78.449959	100.0	78.304108	78.338013	78.182755	78.471237	78.527	80.560852	78.176712	78.164108	77.936333	78.296837	78.197525	78.288635	78.081528	77.869354	78.347534	78.363564	78.602028	78.193741	78.203438	78.358429	78.169441	77.875595	78.452438	78.743713	78.087952	78.037376	78.084976	78.340805	80.422058	0.0	80.296997	78.124649	78.128326	78.799759	78.064758	78.390854	78.566277	78.50975	78.578094	78.170639	78.033165	78.083069	77.700325	0.0	78.127274	78.651291	78.23703	78.025139	78.081535	78.169205	78.125847	78.340073	78.398598	78.497177	78.343964	78.290733	78.25634	80.813477	78.457932	77.959435	78.153603	80.554932	78.358704	78.108856	77.918274	78.339302	78.2117	78.190109	78.187256	79.296242	80.479195	78.347603	78.291893	78.224052	83.252129	78.054245	78.182968	78.305496	78.162033	78.353394	78.266129	77.888763	82.874001	77.839775	78.275703	78.665764	78.192963	78.441238	78.197845	78.178101	78.468277	78.481438	77.903938	78.386414	78.187904	78.19516	78.179268	78.362915	78.519478	80.402496	78.217751	78.112091	78.06752	78.14344	78.13961	80.588097	78.574173	77.739532	78.278412	78.230156	78.001175	78.142685	78.25444	78.21328
79.130432	80.097321	79.332397	79.301559	78.304108	100.0	78.778076	79.266983	79.125443	79.281242	79.008087	79.917084	79.219193	80.130356	80.019615	79.890411	79.867294	78.836121	79.292183	79.964233	78.789902	79.398605	79.748184	80.02137	79.945786	79.948013	79.790604	79.114136	79.629791	80.07737	79.956154	79.887184	80.021011	79.249573	0.0	78.946892	79.88382	79.982285	80.045158	79.88623	79.319366	79.414536	79.594582	79.552658	79.339706	79.162224	78.983757	79.268066	0.0	80.045319	79.76268	79.741257	79.811584	78.976128	79.838478	79.209435	78.444397	79.363197	80.304016	81.384644	79.768669	79.874893	78.372231	81.774353	79.092422	79.00106	79.069267	79.932701	79.365494	78.793274	78.973022	79.831192	79.161453	79.914848	77.645615	79.1353	78.25856	80.030243	79.940216	77.958313	83.192795	79.080994	79.333267	79.778328	79.236969	78.212898	78.915955	77.785995	79.130661	79.27124	80.312294	79.356506	79.298416	79.802231	80.077927	79.495712	79.18544	78.647438	79.823227	78.969818	79.293137	79.781097	79.573944	79.225708	79.014404	79.375572	79.990326	79.71434	79.815201	78.457184	79.219177	79.194946	79.086624	79.124939	78.496986	79.980827	80.036118	79.354233	80.012543
78.560532	79.114319	78.827873	78.580765	78.338013	78.778076	100.0	78.67128	78.702454	79.178101	78.528488	78.995728	78.755096	79.021233	79.224602	79.156525	79.003387	78.463013	78.535568	79.082756	79.564392	79.077011	79.154724	79.161026	79.247498	79.067429	78.887459	78.692719	79.470428	79.304657	79.115067	79.023376	79.27784	78.598038	0.0	78.768166	79.127678	79.085358	79.381195	79.097244	78.714828	78.929825	79.078735	78.979271	78.824265	79.933762	78.25676	79.366013	0.0	79.044128	79.246803	79.030396	78.964645	78.438797	79.0746	78.821297	78.451729	78.95063	79.344727	79.336922	78.999092	79.122391	78.506409	78.54409	78.496384	78.400787	79.091003	79.313286	78.813461	78.700264	79.987015	78.948792	78.603821	79.188126	0.0	78.489906	78.16777	79.197296	79.04995	77.714066	78.671135	78.531685	78.73101	79.123489	78.763733	78.01339	78.29361	77.655403	78.556763	79.865318	79.300476	78.941994	78.733383	79.070251	79.131279	78.919983	78.79393	78.467056	78.820297	92.843681	78.835426	79.002747	78.938789	78.866402	78.562325	78.640701	79.230316	78.881088	78.892677	85.182198	78.654869	79.199051	78.174164	78.790733	89.703827	79.024521	78.985451	78.969284	79.03923
78.630051	79.153946	79.65715	78.929039	78.182755	79.266983	78.67128	100.0	79.949173	80.12796	78.875313	79.077316	78.909027	79.106255	79.184204	79.273987	78.984268	78.319328	78.49733	79.191406	78.707619	80.176407	78.951904	79.212738	79.184219	78.892807	78.940392	78.992569	80.512703	79.125816	79.016205	79.021667	79.260681	78.90921	0.0	78.822083	78.9972	79.121216	79.494675	79.110291	78.896225	80.049896	79.862862	80.30925	78.950348	78.926407	78.630646	79.014671	0.0	79.089104	79.242386	78.831139	79.109085	78.608505	79.007507	78.823624	79.07608	79.986176	79.599854	78.927643	79.083832	79.087631	78.623749	79.164391	78.518265	78.493538	78.870026	79.207619	78.966492	78.405388	78.959267	78.839783	78.843483	79.092163	0.0	78.771515	78.324493	79.14093	79.040009	77.886108	78.811462	78.669662	78.891541	79.099747	78.880173	78.367325	78.345001	77.883026	78.588531	79.115166	79.765495	78.943634	79.930473	79.011696	79.123093	79.017502	80.130722	78.447632	78.897369	78.99437	78.866951	79.083672	79.80954	78.789734	78.658646	78.878601	79.096573	79.010635	78.986145	78.542862	78.948669	80.144135	78.483521	79.706398	78.602051	78.967209	78.999802	78.907333	79.033966
78.711868	79.373642	80.068619	79.205299	78.471237	79.125443	78.702454	79.949173	100.0	91.369171	78.929039	79.340034	79.017532	79.125153	79.441254	79.319359	79.204613	78.573364	78.708717	79.476448	78.924553	87.316254	79.249435	79.216843	79.29245	79.283051	78.926468	78.97403	80.258545	79.267731	79.250702	79.270439	79.355171	79.039688	0.0	78.809372	79.258316	79.236176	79.754181	79.185715	79.010811	81.291267	80.265137	83.940376	78.93222	78.944855	78.805862	78.989449	0.0	79.417625	79.564011	79.16687	79.171288	78.816681	79.294586	78.946152	79.037674	86.346069	79.525375	79.158218	79.269577	79.424271	78.846977	79.186127	78.964142	78.938492	78.838173	79.383865	78.91449	78.514717	79.169914	78.883415	78.891838	79.154678	78.055084	78.850136	78.400452	79.437088	79.278183	78.04203	78.846466	78.824539	78.957825	79.183472	79.041725	78.43837	78.363144	77.863831	78.675247	79.292809	80.1707	78.987701	85.041771	79.231247	79.092278	79.043335	93.165924	78.487518	79.128021	78.820648	78.990944	79.167435	80.207504	79.096008	78.888489	79.031555	79.231415	78.97406	79.054314	78.540054	78.94413	81.570251	78.614288	82.552643	78.623932	79.272301	79.133392	79.05616	79.243752
78.7491	79.387672	80.14621	79.217178	78.527	79.281242	79.178101	80.12796	91.369171	100.0	78.971542	79.358749	79.077698	79.415695	79.318176	79.453041	79.253967	78.812164	78.808853	79.435806	79.008926	86.732132	79.193558	79.453331	79.330154	79.481339	79.082596	79.195724	80.241379	79.436707	79.396164	79.335106	79.395676	79.061806	0.0	79.211929	79.467636	79.277184	79.623077	79.37262	79.166191	81.311691	80.435135	83.868248	79.136597	78.886002	79.081223	79.206696	0.0	79.401001	79.873947	79.182526	79.113892	78.974091	79.478989	79.06192	79.381668	85.986153	79.728165	79.510895	79.379288	79.388718	78.870544	79.25148	78.931305	78.871033	79.380676	79.459251	79.05835	78.75354	79.101425	79.350784	79.077309	79.197754	77.825638	79.034073	78.911316	79.53862	79.268066	77.980087	78.943878	78.922325	79.154709	79.21257	79.052338	78.690552	78.704346	77.994873	78.795258	79.249359	80.356659	78.961487	84.977638	79.326355	79.29335	79.083748	91.745842	78.601135	79.103455	79.11763	79.108757	79.282501	80.656235	79.194382	79.174896	79.081665	79.341019	79.174789	79.325043	78.816772	79.146553	81.830154	78.689438	82.35215	78.807419	79.311554	79.300781	79.17382	79.341255
78.581619	79.006859	78.931778	78.728333	80.560852	79.008087	78.528488	78.875313	78.929039	78.971542	100.0	78.899002	78.667709	78.632217	79.049782	78.860519	78.913208	78.643051	78.636841	78.945007	78.669647	78.878281	78.899918	78.798485	78.83989	78.955803	78.682526	78.718231	78.969437	78.884071	78.810265	78.791237	79.046982	88.300186	0.0	86.261795	78.877625	78.784698	79.02774	78.791412	78.993225	79.167	79.09391	79.059784	78.808975	78.390396	78.557388	78.767929	0.0	78.965302	78.946106	78.960739	78.775856	78.663292	78.929703	78.729286	78.505157	78.898926	79.365845	79.038872	78.948761	78.924057	80.467697	78.745338	78.516899	78.566986	89.534775	79.181313	78.661835	78.492874	78.666473	78.443672	78.672775	78.946426	79.477585	87.414078	78.553947	78.953957	78.947594	79.921364	78.579529	78.685936	79.227158	79.035828	78.718063	78.421082	78.407318	79.703804	78.521057	78.730675	79.395889	78.726181	79.001358	78.812912	78.851944	78.831268	78.938904	78.26532	79.023087	78.545364	78.899643	78.811348	79.074921	78.697914	87.972534	78.89325	78.958603	78.768166	78.783615	78.369064	88.139519	79.142952	78.306107	78.606537	78.39315	78.916153	78.737961	78.869751	79.032379
80.279907	91.164886	79.306	81.066711	78.176712	79.917084	78.995728	79.077316	79.340034	79.358749	78.899002	100.0	80.37796	79.108032	88.793869	87.25322	93.791	79.732635	81.741867	87.564819	79.141418	79.290344	93.54335	87.487556	88.98465	93.464539	86.681213	80.492874	79.623444	93.647774	92.520782	87.138947	88.87336	79.060333	0.0	78.914841	93.453903	93.086189	82.620216	94.146759	80.601868	79.326874	79.404213	79.460754	80.618088	79.672546	80.707626	79.441017	0.0	93.683167	81.892838	89.269058	87.310432	80.935638	93.570831	80.346512	78.461266	79.244125	80.483513	79.557297	94.320587	88.822716	78.484863	79.040993	80.77092	80.900604	79.052719	88.86541	80.697235	79.726349	79.63205	78.94751	80.5802	87.285172	0.0	79.070107	77.98008	88.884491	92.953621	77.814789	79.432327	81.011787	80.433975	88.807755	81.013573	77.786491	81.308197	77.662369	81.927338	79.456818	79.35556	80.860283	79.099686	94.382202	87.9552	81.006256	79.327583	79.827393	82.915825	79.251976	80.458931	93.423874	79.482056	80.982582	78.891495	80.72773	93.02449	86.831116	87.057663	78.738449	79.008331	79.379799	81.771042	78.896835	78.726562	93.956879	87.751816	80.806702	93.059166
82.755936	80.565125	78.905685	79.843849	78.164108	79.219193	78.755096	78.909027	79.017532	79.077698	78.667709	80.37796	100.0	78.798676	80.556854	80.455696	80.483978	79.393661	79.569939	80.670349	78.861069	79.047806	80.450317	80.559494	80.392525	80.449837	80.002792	84.732246	79.216393	80.41346	80.428894	80.407318	80.675507	78.851883	0.0	78.73114	80.39859	80.484169	80.684357	80.405579	94.789825	78.911484	79.175514	78.965668	87.222443	78.910782	79.531609	78.973434	0.0	80.51413	80.183914	80.279686	80.35096	79.690674	80.463959	90.289047	78.396149	78.91507	79.948654	79.010117	80.376167	80.613022	78.588234	78.880264	79.586655	79.507988	78.837967	80.649841	83.127396	79.270981	79.050247	78.650154	82.838348	80.45961	0.0	78.901283	77.981155	80.657074	80.390915	77.914642	78.756012	79.629181	89.80191	80.476913	79.797531	77.96933	79.482246	77.74559	79.550415	79.120995	79.004211	82.97168	79.023605	80.378952	80.590729	83.2836	78.986008	79.86554	80.489037	78.872826	88.066742	80.34816	78.907234	79.660873	78.638123	85.864868	80.339432	80.218742	80.485596	78.453232	79.018639	78.981819	79.48996	78.811874	78.422485	80.52037	80.545624	87.18515	80.302948
78.630829	79.21978	79.24025	78.851166	77.936333	80.130356	79.021233	79.106255	79.125153	79.415695	78.632217	79.108032	78.798676	100.0	79.39856	79.162033	79.24865	78.519852	78.902611	79.324799	78.447083	79.478012	79.217575	79.268143	79.176842	79.217789	79.00882	78.801208	79.210808	79.11644	79.147278	79.231186	79.38559	78.743843	0.0	78.548904	79.058426	79.035797	79.34491	79.33873	79.075523	79.019608	79.332748	79.088425	78.726883	78.760132	78.852608	79.333923	0.0	79.125549	79.452354	79.07048	79.104431	78.693924	79.186699	78.8461	78.242867	79.217529	79.754997	80.365685	79.221779	79.309563	78.360489	80.046738	78.669952	78.72789	78.694008	79.467545	78.887894	78.332779	78.575066	83.702789	78.696243	79.253372	0.0	78.444046	78.874878	79.301567	79.096405	77.756866	79.954666	78.836746	78.858978	79.123306	78.867355	78.326851	78.83429	77.696701	78.973465	78.907089	80.141342	78.71727	79.083084	79.079025	79.39856	78.890198	79.22084	78.328522	79.043396	78.893784	79.058716	79.083313	79.897186	78.875183	79.355469	78.912956	79.211319	79.23233	79.212212	78.661758	78.780289	79.25042	78.74678	78.846832	78.472511	79.205238	79.162399	78.926254	79.216286
80.544724	89.053238	79.25209	81.214325	78.296837	80.019615	79.224602	79.184204	79.441254	79.318176	79.049782	88.793869	80.556854	79.39856	100.0	88.342201	88.819061	79.885925	81.604988	89.465393	79.382523	79.427734	88.728127	89.158722	90.421875	88.906143	86.926361	80.64695	79.914398	88.912682	88.679306	87.625885	95.930092	79.207947	0.0	78.915375	88.813332	88.815201	82.820847	88.900391	80.804337	79.434158	79.370087	79.671677	80.784332	79.742378	80.760979	79.531708	0.0	88.810989	82.167221	90.323563	87.525848	80.997421	88.932121	80.510208	78.719437	79.501144	80.787689	79.810295	88.850616	91.739182	78.564743	79.212181	80.939407	80.986191	79.184677	96.004593	81.124748	79.735916	79.506165	79.025833	81.156723	88.354416	77.663857	79.176849	77.925941	91.686401	88.675659	77.931549	79.503998	81.131821	80.690292	90.23671	81.14949	77.743164	82.168106	77.635887	81.60939	79.794525	79.628571	80.929565	79.291252	88.850929	89.358109	81.106094	79.408981	80.037125	83.053589	79.377701	80.76458	88.806801	79.751984	81.030167	79.185066	81.24614	88.670975	87.131256	88.114838	78.945816	79.32576	79.518097	81.511017	79.034271	78.767563	88.841614	87.966095	81.539536	88.842644
80.366035	87.64151	79.411751	81.001694	78.197525	79.890411	79.156525	79.273987	79.319359	79.453041	78.860519	87.25322	80.455696	79.162033	88.342201	100.0	87.358109	79.600014	81.647163	90.244934	79.094688	79.271637	87.400887	89.617996	87.885574	87.417076	89.970291	80.413986	79.768669	87.454742	87.316559	92.847534	88.25853	79.217453	0.0	78.884071	87.389496	87.402168	82.619186	87.429047	80.650261	79.328232	79.535095	79.409546	80.506241	79.611359	80.678528	79.486252	0.0	87.485855	81.836899	87.439713	89.214432	81.091751	87.412521	80.446198	78.544022	79.340652	80.46386	79.722443	87.341736	87.912582	78.474701	79.159195	80.898964	80.970963	79.028465	88.832825	80.792412	79.611519	79.546318	79.0149	80.580269	88.849121	0.0	79.032471	78.048462	88.02816	87.306747	77.823296	79.457565	81.039001	80.41217	87.985611	81.041489	77.896637	83.050354	77.520309	81.496521	79.449905	79.469505	80.695557	79.217506	87.443359	89.797379	80.931519	79.312317	79.845413	83.16507	79.299942	80.712921	87.359634	79.522949	80.982384	79.032463	80.728157	87.282883	92.151016	93.349792	78.823502	79.293831	79.31208	81.54335	78.821533	78.714439	87.483887	88.366028	80.742493	87.459808
80.301834	91.462631	79.266335	81.040604	78.288635	79.867294	79.003387	78.984268	79.204613	79.253967	78.913208	93.791	80.483978	79.24865	88.819061	87.358109	100.0	79.739807	81.848412	87.555923	79.139496	79.255646	98.165894	87.599686	88.938835	93.234116	86.834839	80.501122	79.615501	92.691223	92.279045	87.169006	88.879509	78.985245	0.0	78.701538	93.20092	92.366547	82.602936	94.387054	80.503281	79.222687	79.424469	79.43174	80.460907	79.775589	80.661934	79.250931	0.0	92.822128	81.792572	89.247383	87.405785	81.065628	93.193161	80.357254	78.483398	79.167992	80.474426	79.638748	92.750641	88.789108	78.463959	78.939072	80.744415	80.812195	78.955933	88.8508	80.779434	79.751373	79.660782	78.935944	80.603897	87.260399	77.65847	78.942123	78.120224	88.87915	92.201599	77.779572	79.49588	81.191147	80.445114	88.798828	80.97744	77.866837	81.324448	77.577332	82.053497	79.342804	79.558823	80.981934	79.076828	93.686859	88.044624	81.046021	79.3526	79.992081	83.016487	79.255211	80.406509	98.020859	79.519669	80.94545	78.890228	80.699707	92.206902	86.823372	87.05484	78.769714	79.035645	79.275497	81.782646	78.820511	78.5867	94.883896	87.762619	80.802216	92.322601
79.402275	79.833908	78.567719	79.159828	78.081528	78.836121	78.463013	78.319328	78.573364	78.812164	78.643051	79.732635	79.393661	78.519852	79.885925	79.600014	79.739807	100.0	79.005066	79.766251	78.624588	78.782898	79.664459	79.648071	79.614983	79.739288	79.344276	79.531296	79.455673	79.724396	79.699173	79.576126	79.884491	78.402069	0.0	78.286652	79.790817	79.669159	80.056679	79.733246	79.44091	78.828773	78.629326	78.983154	79.507484	78.815063	78.972984	78.534439	0.0	79.662537	79.699738	79.726028	79.504845	78.838196	79.690704	79.419876	78.059258	78.894058	79.4552	78.539665	79.5989	79.796593	78.341354	78.428543	78.947304	78.930908	78.376572	79.804649	79.727783	96.909637	78.829559	78.469429	79.507187	79.580765	0.0	78.183029	77.728226	79.861893	79.713013	77.92614	78.486313	79.021774	79.407379	79.606049	79.206543	77.655037	78.793152	77.669617	78.994766	78.987411	78.792336	79.945877	78.738861	79.608498	79.693939	79.977036	78.644943	80.117142	79.234818	78.709366	79.405418	79.617706	78.600647	79.318619	78.14904	79.672531	79.690956	79.352768	79.548424	78.351273	78.217667	78.929871	78.752907	78.54483	78.654037	79.66481	79.711082	79.579102	79.727875
79.74041	81.893723	78.815842	80.840744	77.869354	79.292183	78.535568	78.49733	78.708717	78.808853	78.636841	81.741867	79.569939	78.902611	81.604988	81.647163	81.848412	79.005066	100.0	81.622314	78.790771	79.071922	81.950371	81.570061	81.498528	81.884537	81.341385	79.711044	78.934341	81.941589	81.767303	81.629547	81.72435	78.691711	0.0	78.461548	81.783142	81.86274	82.756012	81.790894	79.936356	78.673553	78.884277	78.954887	79.895004	79.235855	80.708694	78.801315	0.0	81.864983	81.067818	81.502541	81.444542	80.923813	81.851982	79.661751	78.128235	78.611664	79.585114	79.250534	81.7211	81.754532	78.215118	78.830887	80.670242	80.766342	78.63813	81.777344	79.984314	78.95874	79.11412	78.99025	79.846573	81.45105	0.0	78.53688	77.742065	81.802933	82.021233	77.587898	79.211365	81.535675	79.844925	81.509171	80.912674	77.538895	92.213554	77.554367	89.084709	78.841705	79.098114	79.959671	78.7062	81.84256	81.798317	79.943756	78.804214	79.325439	81.193192	78.761169	79.869766	81.804962	78.951401	80.874077	78.514954	79.9646	82.111542	81.321106	81.506157	78.379013	78.679581	78.827553	95.565491	78.606766	78.31308	81.872589	81.708725	79.917007	81.897781
80.441284	87.867493	79.269096	81.000076	78.347534	79.964233	79.082756	79.191406	79.476448	79.435806	78.945007	87.564819	80.670349	79.324799	89.465393	90.244934	87.555923	79.766251	81.622314	100.0	79.181709	79.362396	87.504257	92.177399	88.194443	87.611946	87.589752	80.472473	79.963867	87.728592	87.49736	88.252144	89.426727	79.125015	0.0	78.937805	87.56797	87.614449	82.723503	87.733742	80.81192	79.458694	79.504501	79.511902	80.763809	79.772408	80.876633	79.583504	0.0	87.607834	81.909164	87.877136	88.077118	81.199402	87.668777	80.588257	78.710083	79.425133	80.580856	79.775406	87.572388	88.563835	78.63266	79.445343	80.942047	80.916954	79.093536	89.899574	80.979675	79.785912	79.603165	78.989334	80.881119	92.073227	0.0	79.050636	78.073097	88.766388	87.447762	77.845856	79.572289	81.033783	80.601181	88.072113	81.004944	77.920517	82.924141	77.640259	81.473694	79.703468	79.625778	81.040642	79.269623	87.607971	92.374496	81.052353	79.432014	79.874664	83.12796	79.40802	80.832596	87.537857	79.553314	81.118332	78.919373	80.92038	87.43541	87.948967	90.188866	78.81115	79.367249	79.490814	81.446625	78.908295	78.869652	87.662422	88.367271	80.976097	87.737473
78.636414	79.453712	78.790115	78.973862	78.363564	78.789902	79.564392	78.707619	78.924553	79.008926	78.669647	79.141418	78.861069	78.447083	79.382523	79.094688	79.139496	78.624588	78.790771	79.181709	100.0	79.116669	79.340073	79.056778	79.322632	79.237747	79.122345	78.976257	79.391464	79.366669	79.020248	79.312973	79.419662	78.722733	0.0	78.471458	79.27681	79.18586	79.481369	79.171654	79.031784	79.248428	78.896561	79.250259	78.9133	82.959274	78.638649	79.178802	0.0	79.132202	79.360847	79.352051	79.126022	78.590988	79.033058	78.852112	78.449615	79.015198	79.56601	78.744553	79.216034	79.425865	78.42424	78.380768	78.584137	78.589211	78.700371	79.321121	78.716858	78.599411	87.047417	78.385117	78.843674	79.31337	77.726494	78.63118	77.936111	79.48381	79.368629	77.926682	78.367989	79.021072	78.828522	79.267273	78.881805	77.629623	78.530838	77.893349	78.594711	83.059631	78.719566	79.057098	78.991776	79.234283	79.24749	78.994492	79.010155	78.438843	78.889847	79.801025	79.057655	79.192673	78.687553	78.73069	78.735497	78.878098	79.418465	78.844475	79.063263	79.415878	78.796623	79.238541	78.520645	78.854965	79.292534	79.211876	79.115341	78.89389	79.357681
78.689262	79.385437	80.140007	79.286118	78.602028	79.398605	79.077011	80.176407	87.316254	86.732132	78.878281	79.290344	79.047806	79.478012	79.427734	79.271637	79.255646	78.782898	79.071922	79.362396	79.116669	100.0	79.179749	79.343292	79.231079	79.333488	79.033768	78.96447	80.272514	79.330078	79.323502	79.268265	79.491806	79.105392	0.0	79.091766	79.330406	79.188263	79.851639	79.176605	79.252151	81.499352	80.374756	84.411743	79.16275	79.158806	79.079041	79.25853	0.0	79.263306	79.833008	79.150452	79.302658	78.84996	79.319733	78.986031	79.053085	87.271408	79.703407	79.236938	79.265884	79.330269	78.93689	79.268967	79.045189	78.996017	79.009399	79.435905	79.00061	78.679367	79.30172	79.417274	79.022141	79.250748	77.71479	79.059151	79.063644	79.406181	79.146515	78.202057	78.994965	78.845261	79.033913	79.403526	79.149467	78.711334	78.57959	78.029434	78.784882	79.303452	80.714798	78.979355	85.994492	79.301216	79.299728	79.222572	87.206772	78.620438	79.106689	79.184982	79.051514	79.146446	80.618378	79.382324	79.00148	79.26297	79.243423	79.075119	79.112907	78.544518	79.124992	82.069122	78.861404	82.878761	78.861877	79.210068	79.328888	79.169083	79.255135
80.248413	91.688843	79.293434	81.004181	78.193741	79.748184	79.154724	78.951904	79.249435	79.193558	78.899918	93.54335	80.450317	79.217575	88.728127	87.400887	98.165894	79.664459	81.950371	87.504257	79.340073	79.179749	100.0	87.554626	88.957977	93.267204	86.914726	80.519539	79.596939	92.65361	92.373268	87.210579	88.788559	78.959641	0.0	78.766113	93.190781	92.322395	82.604553	94.407227	80.532745	79.110596	79.422989	79.432518	80.454124	79.797119	80.633743	79.261353	0.0	92.809174	81.773041	89.438339	87.431984	80.985237	93.299957	80.288589	78.500107	79.324303	80.467453	79.636398	92.849434	88.756523	78.56955	78.977417	80.710678	80.769646	79.017807	88.803162	80.703949	79.734367	79.85701	78.940659	80.616516	87.303085	0.0	78.890633	78.049179	88.860428	92.24308	77.747437	79.433746	81.451935	80.381134	88.777435	80.987694	77.864426	81.363945	77.727623	81.907303	79.403824	79.533264	80.846878	78.990433	93.489449	87.993225	80.968079	79.351852	80.003098	82.986115	79.370193	80.353561	98.359924	79.451324	80.842674	78.912743	80.767479	92.227448	86.781784	87.042175	78.62323	78.986565	79.27626	81.80719	78.931885	78.627151	94.884094	87.701599	80.644257	92.293167
80.541412	87.887398	79.296593	81.074928	78.203438	80.02137	79.161026	79.212738	79.216843	79.453331	78.798485	87.487556	80.559494	79.268143	89.158722	89.617996	87.599686	79.648071	81.570061	92.177399	79.056778	79.343292	87.554626	100.0	88.192932	87.637802	87.731888	80.581902	79.844254	87.759712	87.617294	88.165543	89.061157	79.151398	0.0	78.828293	87.630783	87.624054	82.669579	87.725418	80.778137	79.380737	79.444672	79.670967	80.683548	79.654282	80.838554	79.552444	0.0	87.690018	81.875305	87.858276	88.198364	80.904251	87.671188	80.50354	78.569618	79.345551	80.52282	79.878662	87.544388	88.508774	78.73452	79.332008	80.863396	80.917023	79.176208	89.582275	81.050926	79.697067	79.594345	78.945831	80.691406	90.829666	0.0	79.086456	78.151871	88.663315	87.559174	77.754295	79.591057	80.946808	80.609062	87.918228	81.000793	77.916458	82.901222	77.532936	81.595146	79.505737	79.584663	80.851837	79.244545	87.649841	93.434563	80.984375	79.41925	79.87207	83.09639	79.341187	80.657051	87.649643	79.665924	81.040329	78.9841	80.947388	87.609741	87.828072	90.120438	78.914314	79.304825	79.356758	81.561661	79.019234	78.740753	87.609665	88.149673	81.100403	87.810127
80.41655	89.150757	79.227493	81.049187	78.358429	79.945786	79.247498	79.184219	79.29245	79.330154	78.83989	88.98465	80.392525	79.176842	90.421875	87.885574	88.938835	79.614983	81.498528	88.194443	79.322632	79.231079	88.957977	88.192932	100.0	89.070686	86.96077	80.633202	79.69899	89.027588	88.909828	87.705399	90.561523	79.174438	0.0	78.877594	89.092514	89.017349	82.835823	89.173294	80.633125	79.42804	79.495117	79.475204	80.673157	79.805244	80.667404	79.302338	0.0	89.090858	81.865685	90.0476	87.609192	80.940521	89.099365	80.471092	78.714111	79.26825	80.613342	79.69899	88.900146	90.994186	78.679016	79.269424	80.942368	80.97113	79.302483	90.543076	80.828781	79.681793	79.717819	78.839355	80.72702	87.759453	0.0	79.040764	77.905197	91.117531	88.895927	77.939758	79.484329	81.047607	80.456772	92.349884	81.024483	77.826302	81.201538	77.632271	81.580139	79.532768	79.436844	80.845863	79.119171	89.032524	88.427444	81.079987	79.409996	79.737274	83.093384	79.248718	80.524063	89.002335	79.499832	81.062355	78.964951	80.760056	88.895828	87.312225	87.491959	78.892914	79.201843	79.290596	81.618546	78.894547	78.704178	89.058868	87.716629	80.870117	88.963928
80.378174	91.236176	79.443268	81.005142	78.169441	79.948013	79.067429	78.892807	79.283051	79.481339	78.955803	93.464539	80.449837	79.217789	88.906143	87.417076	93.234116	79.739288	81.884537	87.611946	79.237747	79.333488	93.267204	87.637802	89.070686	100.0	86.934967	80.505684	79.742966	93.729828	94.038452	87.328705	88.903008	79.060974	0.0	78.648956	97.786858	92.849167	82.659248	93.941574	80.601196	79.41066	79.583138	79.658096	80.569962	79.68132	80.672699	79.317749	0.0	93.534042	81.767319	89.495712	87.707794	81.041336	97.894653	80.458939	78.595116	79.347755	80.584435	79.747139	93.446617	88.938393	78.669601	79.016678	80.780495	80.81311	78.998322	88.89077	80.682655	79.667526	79.540504	79.142288	80.694321	87.467178	0.0	79.083099	78.055893	88.97052	92.820053	77.856995	79.585495	81.419861	80.521667	89.267853	80.845825	77.838326	81.361328	77.591583	82.188751	79.492065	79.598755	80.894447	79.282295	93.057449	88.021881	81.010971	79.224731	80.05394	83.058067	79.254799	80.541901	93.207809	79.586876	81.106033	78.974426	80.739975	92.728821	86.895355	87.120224	78.717453	79.061996	79.385048	81.780273	79.13681	78.751419	93.963135	87.753242	80.784889	93.057121
80.109619	87.17688	79.05899	80.664551	77.875595	79.790604	78.887459	78.940392	78.926468	79.082596	78.682526	86.681213	80.002792	79.00882	86.926361	89.970291	86.834839	79.344276	81.341385	87.589752	79.122345	79.033768	86.914726	87.731888	86.96077	86.934967	100.0	80.203331	79.254753	86.870071	86.691849	90.27858	87.018463	78.966881	0.0	78.501236	87.068634	86.867874	81.995346	87.135841	80.215744	79.043976	79.155403	79.169907	80.249039	79.327782	80.294647	79.243431	0.0	87.012909	81.309799	86.89167	89.638252	80.643311	86.885429	80.214279	78.483604	79.011017	80.139069	79.479271	86.801422	87.043549	78.351242	78.904037	80.494949	80.524704	78.784126	87.018372	80.278023	79.336945	79.574104	79.065872	80.208481	87.969902	0.0	78.713226	78.017776	87.19075	87.086395	77.803551	79.328964	80.750992	80.128052	87.051926	80.723419	77.801544	80.899696	77.562897	81.281044	79.28347	79.170326	80.240845	78.997643	86.850273	88.089813	80.468658	79.084671	79.434113	82.662407	79.130905	80.380463	86.911179	79.141136	80.607841	78.894135	80.283188	87.206329	89.825958	89.343552	78.580521	78.886787	79.068832	81.226181	78.555832	78.609131	86.975121	86.893585	80.3423	87.011093
82.837868	80.635963	79.079819	79.904274	78.452438	79.114136	78.692719	78.992569	78.97403	79.195724	78.718231	80.492874	84.732246	78.801208	80.64695	80.413986	80.501122	79.531296	79.711044	80.472473	78.976257	78.96447	80.519539	80.581902	80.633202	80.505684	80.203331	100.0	79.305222	80.613235	80.406952	80.559959	80.676979	79.075127	0.0	78.791885	80.49881	80.554199	80.790421	80.410744	84.947067	79.062531	79.153732	79.121033	85.279297	78.949356	79.523773	78.838142	0.0	80.638641	80.291885	80.461212	80.429932	79.725342	80.406998	84.763649	78.47998	79.151588	79.925674	79.152863	80.496307	80.65345	78.498589	78.830048	79.50885	79.585762	78.844833	80.686684	83.290627	79.520538	79.071426	78.659882	83.040527	80.566437	0.0	78.908539	77.999878	80.758881	80.570618	77.953972	78.812851	79.730652	84.809387	80.624435	79.82016	77.971893	79.509903	77.720978	79.618019	79.201912	79.152184	83.687271	78.964554	80.43486	80.592758	83.926376	79.116089	79.94519	80.38739	79.017509	85.019043	80.457336	79.016129	79.85112	78.769531	85.664734	80.648926	80.340797	80.338287	78.460358	78.861816	79.052414	79.620132	78.913803	78.596504	80.510529	80.514099	85.654129	80.573334
78.961258	79.726624	80.15802	79.191292	78.743713	79.629791	79.470428	80.512703	80.258545	80.241379	78.969437	79.623444	79.216393	79.210808	79.914398	79.768669	79.615501	79.455673	78.934341	79.963867	79.391464	80.272514	79.596939	79.844254	79.69899	79.742966	79.254753	79.305222	100.0	79.736221	79.650528	79.679001	79.955002	79.161011	0.0	79.125519	79.694	79.722214	79.813988	79.670395	79.134888	80.832108	80.597748	80.656021	79.278412	79.459366	78.762978	79.227829	0.0	79.686165	79.66777	79.703613	79.495491	78.644653	79.725487	79.297241	79.816193	80.522583	80.29435	79.686615	79.684692	79.900543	78.677155	79.085052	78.813591	78.760742	79.207947	79.854782	79.271866	79.288345	79.648544	78.956596	79.111069	79.52829	77.701241	79.133095	78.292511	79.914413	79.67215	78.284653	79.289635	78.848862	79.210464	79.753998	79.039337	78.435638	78.566666	78.27478	78.96685	79.59491	79.974533	79.438377	79.981857	79.673798	79.879478	79.572418	80.298363	78.777924	79.26825	79.371231	79.298111	79.654526	80.480858	79.167175	79.176147	79.187347	79.676727	79.397202	79.522324	78.77475	79.244476	81.483826	78.75634	79.978592	79.02887	79.630875	79.486565	79.337029	79.621414
80.414383	91.027794	79.222244	81.106506	78.087952	80.07737	79.304657	79.125816	79.267731	79.436707	78.884071	93.647774	80.41346	79.11644	88.912682	87.454742	92.691223	79.724396	81.941589	87.728592	79.366669	79.330078	92.65361	87.759712	89.027588	93.729828	86.870071	80.613235	79.736221	100.0	92.786453	87.407104	89.04464	79.207291	0.0	78.948158	93.643944	94.316315	82.866287	93.279236	80.656616	79.118851	79.520523	79.47612	80.536987	79.668114	80.724518	79.448547	0.0	94.581245	81.988586	89.442123	87.611328	81.011803	93.6259	80.388603	78.560966	79.296555	80.602234	79.666443	94.031517	88.947937	78.627502	79.116501	80.955452	80.860344	79.099052	88.951248	80.753693	79.623131	79.624741	78.976265	80.504623	87.436859	0.0	79.203873	78.157883	89.056076	94.162865	77.700554	79.577576	81.34819	80.599907	88.987816	81.089745	77.93132	81.48497	77.686668	82.182449	79.501633	79.601364	80.927773	79.316071	94.0979	88.214439	81.118973	79.350388	79.856842	83.158226	79.292236	80.531616	92.714996	79.42263	81.107666	78.955185	80.60537	94.198303	86.963654	87.130341	78.820419	79.138557	79.453842	81.837021	78.965134	78.768913	93.206299	87.749641	80.822754	94.439354
80.310608	90.722443	79.181122	81.028503	78.037376	79.956154	79.115067	79.016205	79.250702	79.396164	78.810265	92.520782	80.428894	79.147278	88.679306	87.316559	92.279045	79.699173	81.767303	87.49736	79.020248	79.323502	92.373268	87.617294	88.909828	94.038452	86.691849	80.406952	79.650528	92.786453	100.0	87.290764	88.772522	79.125191	0.0	78.742683	93.951447	92.43634	82.58139	92.78096	80.582588	79.257172	79.476089	79.458557	80.491455	79.54454	80.694359	79.367767	0.0	92.527771	81.834457	89.241653	87.31797	80.793793	93.995758	80.363922	78.465057	79.316589	80.547409	79.659859	92.583305	88.786324	78.562134	78.935394	80.786469	80.799873	78.957214	88.755447	80.566307	79.667404	79.383095	78.853577	80.434311	87.395447	0.0	79.027618	78.081055	88.886467	92.577728	77.814911	79.454895	81.070793	80.456642	88.746964	80.895401	77.932426	81.244995	77.500587	81.650452	79.410568	79.52948	80.910423	79.157166	92.27562	87.96698	81.002365	79.379135	79.93187	82.997726	79.251938	80.455475	92.306999	79.542313	80.994865	78.904434	80.610565	92.494675	86.888145	87.033783	78.76368	78.970345	79.464294	81.634491	78.911858	78.701065	92.742157	87.583054	80.777679	92.873589
80.292313	87.634872	79.162201	80.874512	78.084976	79.887184	79.023376	79.021667	79.270439	79.335106	78.791237	87.138947	80.407318	79.231186	87.625885	92.847534	87.169006	79.576126	81.629547	88.252144	79.312973	79.268265	87.210579	88.165543	87.705399	87.328705	90.27858	80.559959	79.679001	87.407104	87.290764	100.0	87.711349	79.099579	0.0	78.755585	87.617355	87.298637	82.406509	87.467316	80.537682	79.199936	79.396706	79.341171	80.440521	79.522308	80.617577	79.403427	0.0	87.489014	81.698303	87.302811	89.630188	80.928185	87.295639	80.319313	78.501923	79.192093	80.303436	79.667694	87.096649	87.575378	78.564529	79.045601	80.771172	80.812119	79.069229	87.622238	80.671219	79.529648	79.505516	78.875443	80.592384	89.039963	0.0	78.942596	77.91893	87.705009	87.497864	77.635109	79.382019	80.8218	80.339752	87.881111	80.992752	77.767471	81.148758	77.693459	81.463455	79.401054	79.422302	80.554688	79.078598	87.26152	88.483368	80.855309	79.143021	79.64415	82.978767	79.27536	80.53334	87.193054	79.429474	80.843964	79.003113	80.782715	87.516022	92.373825	91.482666	78.627365	79.177902	79.227386	81.433067	78.754242	78.594711	87.398071	87.432022	80.723541	87.514961
80.524323	89.158707	79.312027	81.191483	78.340805	80.021011	79.27784	79.260681	79.355171	79.395676	79.046982	88.87336	80.675507	79.38559	95.930092	88.25853	88.879509	79.884491	81.72435	89.426727	79.419662	79.491806	88.788559	89.061157	90.561523	88.903008	87.018463	80.676979	79.955002	89.04464	88.772522	87.711349	100.0	79.280685	0.0	78.893341	88.902588	88.81723	82.864784	89.027061	81.081772	79.36171	79.488815	79.712906	80.879395	79.783875	80.686401	79.563141	0.0	88.998871	82.094391	90.430313	87.594238	81.089737	88.995193	80.594223	78.665771	79.381439	80.800858	79.896454	88.884094	91.744438	78.484238	79.315277	80.968056	80.998444	79.126999	96.780914	81.11705	79.752304	79.68605	79.047272	81.289986	88.416534	77.516205	79.177322	77.926598	91.838257	88.75824	77.887428	79.550858	81.211227	80.680115	90.424973	81.061562	77.747673	81.856812	77.617744	81.715317	79.739716	79.65062	81.009735	79.355331	88.901382	89.310043	81.13269	79.403793	80.089813	83.169922	79.484627	80.774429	88.898087	79.754028	81.056458	78.996872	81.351807	88.760651	87.347549	88.047852	78.918747	79.367477	79.49762	81.69812	79.091187	78.812836	88.9478	87.961174	81.489494	88.929382
