1312183.9	2018689.3	240521.3	1841654.4	1736312.3	2171756.3	391.9	1907415.3	1907413.3	1368430.4	2590777.3	348824.49	1566260.3	1435607.3	1335060.3	386.162	2364271.4	396.21	386.182	2819997.3	1736428.3	2067451.4	386.180	754762.3	384.393	1138189.12	1841653.4	2726076.3	216596.11	387.282	2731112.3	2817706.3	398.14	754523.3	2587071.3	2613770.3	384.94	698761.4	2806346.3	1571470.3	1986026.4	398.4	1500301.3	1500304.3	908946.3	1335060.80	754774.3	2583231.6	29449.42	2731096.3	1138194.8	1764276.3	754521.3	2028343.3	887144.4	2603277.3	2182425.3	1120688.3	395491.3	384.432	2135652.3	1703970.3	386.7	754764.3	2937795.4	990285.3	384.1007	2267833.3	1703971.3	1432049.3	2048897.3	29449.23	2895568.3	1041147.3	1138190.4	2726075.3	1752526.3	451876.4	387.275	395492.8	2653122.4	56730.16	384.21	1368417.4	1532558.3	1538159.10	1736592.3	1736473.3	538025.6	984260.6	50338.5	1736380.3	379684.3	293958.16	2919917.3	1825933.3	2819994.3	2035449.3	1144306.3	1523429.3	1328306.3	484088.4	2849093.3	398.16	1736231.3	2813827.4	2613771.3	1736577.3	363754.4	384.18	1981173.3	1378077.3	2845820.10	1079460.3	1523420.3	1566263.3	384.1004	1223565.8	1736357.3
100.0	80.536865	78.852234	79.550537	78.072449	79.130432	78.560532	78.630051	78.711868	78.7491	78.581619	79.5588	82.755936	78.40683	78.630829	80.544724	83.436539	80.38028	80.301834	79.402275	78.636414	78.689262	80.248413	80.41655	80.378174	80.109619	82.837868	78.961258	80.414383	80.310608	80.292313	78.600784	0.0	80.431046	79.410156	80.410904	80.351204	82.947266	78.781631	78.95874	78.79567	82.715675	78.902328	79.505371	78.79451	0.0	78.525604	80.338203	80.003433	80.315392	80.293755	79.571381	80.434189	82.7108	78.190483	78.658028	79.689995	78.91481	80.374077	80.50338	78.623856	80.624268	80.179169	80.404121	78.735077	79.441666	80.259659	78.632568	80.60524	80.515747	87.713684	80.420853	78.887444	87.328102	80.30722	0.0	78.516907	77.828949	80.361649	80.508018	82.726715	79.656006	80.281548	77.736908	78.903839	80.545082	79.485947	77.624947	79.358521	77.519882	79.647415	78.915314	78.883957	84.786789	78.729996	80.301071	79.439941	80.521362	84.90686	78.836411	80.431168	79.977867	80.057487	82.958389	78.236969	78.83049	79.593445	78.614838	83.098206	80.42157	80.296249	78.820839	78.847237	79.442017	78.477791	78.193321	80.286789	80.3386	78.256866
80.536865	100.0	79.436768	81.146942	78.263115	80.097321	79.114319	79.153946	79.373642	79.387672	79.006859	81.20742	80.565125	79.088959	79.21978	89.053238	80.966187	87.768654	91.462631	79.833908	79.453712	79.385437	91.688843	89.150757	91.236176	87.17688	80.635963	79.726624	91.027794	90.722443	87.634872	79.289642	0.0	90.854919	80.983215	82.983467	91.394241	80.764877	79.409912	79.629242	79.605743	80.745514	79.838715	80.806404	79.403549	0.0	78.87059	91.157196	81.896729	89.4646	87.722733	81.040131	91.197876	80.562485	78.671951	79.324402	80.708313	79.880386	91.028358	90.840485	79.304092	89.136765	91.118195	89.07077	79.234268	80.902931	91.426125	79.109344	89.160889	87.852791	80.900803	87.685349	79.779343	80.68811	87.661057	0.0	79.116676	78.233116	91.137085	89.198303	80.54863	81.871796	90.758728	77.952988	79.675827	89.086784	81.01796	77.965759	81.445259	77.802246	81.914978	79.755417	79.67215	81.01165	79.231888	91.13916	79.783813	88.265999	81.232353	79.41156	87.273636	79.989388	83.269852	80.771851	78.4366	79.593002	81.113007	79.108047	80.784851	90.707947	87.104286	79.201508	79.574966	81.749641	79.015572	78.856964	91.627563	88.002075	78.977608
78.852234	79.436768	100.0	79.118637	78.377625	79.332397	78.827873	79.65715	80.068619	80.14621	78.931778	79.043381	78.905685	78.829674	79.24025	79.25209	79.160652	79.273651	79.266335	78.567719	78.790115	80.140007	79.293434	79.227493	79.443268	79.05899	79.079819	80.15802	79.222244	79.181122	79.162201	79.194283	0.0	79.292053	78.844742	79.671692	79.144188	79.184418	80.19455	92.114929	80.187088	79.140427	78.963913	78.901939	79.253502	0.0	78.922256	79.295975	79.453949	79.153824	79.220352	78.826584	79.214729	79.074127	78.860184	80.032585	79.770462	79.381912	79.295021	79.276047	78.671555	79.382401	79.07225	79.271759	79.057175	78.938622	79.318634	79.040268	79.361526	79.392441	79.148178	79.290268	79.013596	78.993942	79.282806	77.995506	78.879761	78.490097	79.323318	79.338455	78.979637	78.813019	79.338623	78.022308	79.120552	79.173683	79.123001	78.557121	78.507339	77.890465	78.776169	79.142738	79.640427	79.142746	79.863319	79.146233	78.610596	79.221931	79.299545	80.221283	79.117073	78.485474	79.304138	79.252869	78.843643	87.004639	79.114014	79.050591	79.101532	79.148636	79.188263	79.071075	80.279114	78.612366	79.672226	78.587616	79.362411	79.340134	78.37973
79.550537	81.146942	79.118637	100.0	78.449959	79.301559	78.580765	78.929039	79.205299	79.217178	78.728333	82.327942	79.843849	78.869827	78.851166	81.214325	80.156937	81.0644	81.040604	79.159828	78.973862	79.286118	81.004181	81.049187	81.005142	80.664551	79.904274	79.191292	81.106506	81.028503	80.874512	78.782806	0.0	81.019821	82.642464	82.023964	81.115143	79.920776	79.101913	79.363556	79.269371	79.938538	78.96196	82.505295	79.178421	0.0	78.788223	81.091393	83.597267	81.012634	80.936676	82.414139	80.962601	79.888046	78.366646	78.946915	79.814865	78.880417	81.065384	80.902618	78.875793	81.26265	80.99836	81.145157	79.016541	82.661385	81.008865	78.767532	81.254761	81.042122	79.845673	81.035019	79.070953	79.784882	80.971458	0.0	78.839882	78.142906	81.076233	81.282288	79.7733	80.857986	80.992065	78.087265	78.821465	81.015396	83.605461	78.01709	80.571091	77.889587	80.828796	79.178986	79.038872	80.032204	79.084137	81.017044	79.125038	81.206322	79.990891	79.288223	80.82814	79.426292	80.811523	79.803085	78.798981	79.151642	84.077248	78.737457	79.90316	80.910507	80.783379	79.012245	79.12088	80.881927	78.889984	78.5224	81.016457	81.118248	78.439819
78.072449	78.263115	78.377625	78.449959	100.0	78.304108	78.338013	78.182755	78.471237	78.527	80.560852	78.182968	78.164108	78.179871	77.936333	78.296837	78.269058	78.365242	78.288635	78.081528	78.363564	78.602028	78.193741	78.358429	78.169441	77.875595	78.452438	78.743713	78.087952	78.037376	78.084976	80.422058	0.0	78.128326	78.1418	78.799759	78.064758	78.390854	78.566277	78.50975	78.578094	78.170639	78.033165	78.083069	77.700325	0.0	80.300438	78.127274	78.651291	78.23703	78.025139	78.081535	78.169205	78.125847	78.340073	78.398598	78.497177	78.343964	78.290733	78.312469	78.310959	78.387436	77.970352	78.25634	78.457932	77.959435	78.118858	80.554932	78.358704	78.080917	78.108856	78.17865	78.339302	78.190109	78.187256	79.296242	80.479195	78.347603	78.159714	78.291893	78.2061	78.027069	78.224052	83.252129	78.054245	78.162033	78.353394	78.266129	77.888763	82.874001	77.839775	78.275703	78.665764	78.192963	78.441238	78.197845	78.023895	78.178101	78.468277	78.481438	78.106743	77.903938	78.386414	78.19516	80.78479	78.362915	78.519478	80.402496	78.217751	78.112091	78.06752	80.588097	78.574173	77.739532	78.278412	78.230156	78.001175	78.142685	78.110657
79.130432	80.097321	79.332397	79.301559	78.304108	100.0	78.778076	79.266983	79.125443	79.281242	79.008087	79.080994	79.219193	79.804581	80.130356	80.019615	79.442642	79.90947	79.867294	78.836121	78.789902	79.398605	79.748184	79.945786	79.948013	79.790604	79.114136	79.629791	80.07737	79.956154	79.887184	79.249573	0.0	79.982285	79.073524	80.045158	79.88623	79.319366	79.414536	79.594582	79.552658	79.339706	79.162224	78.983757	79.268066	0.0	78.984825	80.045319	79.76268	79.741257	79.811584	78.976128	79.838478	79.209435	78.444397	79.363197	80.304016	81.384644	79.768669	80.014236	78.976578	79.922684	79.922348	79.874893	81.774353	79.092422	79.725128	79.069267	79.932701	80.067108	79.365494	79.853806	78.973022	79.161453	79.914848	77.645615	79.1353	78.25856	79.912109	80.030243	79.350006	79.216507	79.940216	77.958313	83.192795	79.778328	79.236969	78.212898	78.915955	77.785995	79.130661	79.27124	80.312294	79.356506	79.298416	79.802231	78.830742	80.077927	79.495712	79.18544	79.774803	78.647438	79.823227	79.293137	78.453796	79.573944	79.225708	79.014404	79.375572	79.990326	79.71434	79.219177	79.194946	79.086624	79.124939	78.496986	79.980827	80.036118	78.362518
78.560532	79.114319	78.827873	78.580765	78.338013	78.778076	100.0	78.67128	78.702454	79.178101	78.528488	78.531685	78.755096	78.816879	79.021233	79.224602	78.941681	79.138016	79.003387	78.463013	79.564392	79.077011	79.154724	79.247498	79.067429	78.887459	78.692719	79.470428	79.304657	79.115067	79.023376	78.598038	0.0	79.085358	78.480148	79.381195	79.097244	78.714828	78.929825	79.078735	78.979271	78.824265	79.933762	78.25676	79.366013	0.0	78.375122	79.044128	79.246803	79.030396	78.964645	78.438797	79.0746	78.821297	78.451729	78.95063	79.344727	79.336922	78.999092	79.115135	92.711342	79.298096	78.931572	79.122391	78.54409	78.496384	79.082596	79.091003	79.313286	79.168167	78.813461	79.2453	79.987015	78.603821	79.188126	0.0	78.489906	78.16777	78.98616	79.197296	78.734283	78.412888	79.04995	77.714066	78.671135	79.123489	78.763733	78.01339	78.29361	77.655403	78.556763	79.865318	79.300476	78.941994	78.733383	79.070251	78.556046	79.131279	78.919983	78.79393	78.921013	78.467056	78.820297	78.835426	78.133759	78.938789	78.866402	78.562325	78.640701	79.230316	78.881088	78.654869	79.199051	78.174164	78.790733	89.703827	79.024521	78.985451	85.252777
78.630051	79.153946	79.65715	78.929039	78.182755	79.266983	78.67128	100.0	79.949173	80.12796	78.875313	78.669662	78.909027	78.891052	79.106255	79.184204	78.933105	79.239304	78.984268	78.319328	78.707619	80.176407	78.951904	79.184219	78.892807	78.940392	78.992569	80.512703	79.125816	79.016205	79.021667	78.90921	0.0	79.121216	78.457733	79.494675	79.110291	78.896225	80.049896	79.862862	80.30925	78.950348	78.926407	78.630646	79.014671	0.0	78.693527	79.089104	79.242386	78.831139	79.109085	78.608505	79.007507	78.823624	79.07608	79.986176	79.599854	78.927643	79.083832	79.091995	78.992874	79.20829	78.977524	79.087631	79.164391	78.518265	79.022781	78.870026	79.207619	79.136841	78.966492	79.171097	78.959267	78.843483	79.092163	0.0	78.771515	78.324493	79.061584	79.14093	78.835693	78.567322	79.040009	77.886108	78.811462	79.099747	78.880173	78.367325	78.345001	77.883026	78.588531	79.115166	79.765495	78.943634	79.930473	79.011696	78.37709	79.123093	79.017502	80.130722	79.008087	78.447632	78.897369	78.866951	78.602905	79.80954	78.789734	78.658646	78.878601	79.096573	79.010635	78.948669	80.144135	78.483521	79.706398	78.602051	78.967209	78.999802	78.571289
78.711868	79.373642	80.068619	79.205299	78.471237	79.125443	78.702454	79.949173	100.0	91.369171	78.929039	78.824539	79.017532	78.714752	79.125153	79.441254	79.109863	79.23954	79.204613	78.573364	78.924553	87.316254	79.249435	79.29245	79.283051	78.926468	78.97403	80.258545	79.267731	79.250702	79.270439	79.039688	0.0	79.236176	78.855026	79.754181	79.185715	79.010811	81.291267	80.265137	83.940376	78.93222	78.944855	78.805862	78.989449	0.0	78.78064	79.417625	79.564011	79.16687	79.171288	78.816681	79.294586	78.946152	79.037674	86.346069	79.525375	79.158218	79.269577	79.371262	78.983215	79.363876	79.216606	79.424271	79.186127	78.964142	79.270721	78.838173	79.383865	79.232948	78.91449	79.389	79.169914	78.891838	79.154678	78.055084	78.850136	78.400452	79.286377	79.437088	78.834595	78.710266	79.278183	78.04203	78.846466	79.183472	79.041725	78.43837	78.363144	77.863831	78.675247	79.292809	80.1707	78.987701	85.041771	79.231247	78.654884	79.092278	79.043335	93.165924	79.094963	78.487518	79.128021	78.990944	78.845596	80.207504	79.096008	78.888489	79.031555	79.231415	78.97406	78.94413	81.570251	78.614288	82.552643	78.623932	79.272301	79.133392	78.546143
78.7491	79.387672	80.14621	79.217178	78.527	79.281242	79.178101	80.12796	91.369171	100.0	78.971542	78.922325	79.077698	79.091591	79.415695	79.318176	79.148499	79.376968	79.253967	78.812164	79.008926	86.732132	79.193558	79.330154	79.481339	79.082596	79.195724	80.241379	79.436707	79.396164	79.335106	79.061806	0.0	79.277184	78.918808	79.623077	79.37262	79.166191	81.311691	80.435135	83.868248	79.136597	78.886002	79.081223	79.206696	0.0	78.999512	79.401001	79.873947	79.182526	79.113892	78.974091	79.478989	79.06192	79.381668	85.986153	79.728165	79.510895	79.379288	79.317619	79.115051	79.417915	79.143959	79.388718	79.25148	78.931305	79.325012	79.380676	79.459251	79.407074	79.05835	79.343643	79.101425	79.077309	79.197754	77.825638	79.034073	78.911316	79.429642	79.53862	79.070251	78.784798	79.268066	77.980087	78.943878	79.21257	79.052338	78.690552	78.704346	77.994873	78.795258	79.249359	80.356659	78.961487	84.977638	79.326355	78.770386	79.29335	79.083748	91.745842	79.36377	78.601135	79.103455	79.108757	78.81707	80.656235	79.194382	79.174896	79.081665	79.341019	79.174789	79.146553	81.830154	78.689438	82.35215	78.807419	79.311554	79.300781	78.801285
78.581619	79.006859	78.931778	78.728333	80.560852	79.008087	78.528488	78.875313	78.929039	78.971542	100.0	78.685936	78.667709	78.294777	78.632217	79.049782	78.91864	78.90181	78.913208	78.643051	78.669647	78.878281	78.899918	78.83989	78.955803	78.682526	78.718231	78.969437	78.884071	78.810265	78.791237	88.300186	0.0	78.784698	78.600014	79.02774	78.791412	78.993225	79.167	79.09391	79.059784	78.808975	78.390396	78.557388	78.767929	0.0	86.246246	78.965302	78.946106	78.960739	78.775856	78.663292	78.929703	78.729286	78.505157	78.898926	79.365845	79.038872	78.948761	78.969925	78.497238	79.160301	78.992188	78.924057	78.745338	78.516899	78.81723	89.534775	79.181313	78.875397	78.661835	78.946053	78.666473	78.672775	78.946426	79.477585	87.414078	78.553947	78.807304	78.953957	78.760727	78.62941	78.947594	79.921364	78.579529	79.035828	78.718063	78.421082	78.407318	79.703804	78.521057	78.730675	79.395889	78.726181	79.001358	78.812912	78.680489	78.851944	78.831268	78.938904	78.831482	78.26532	79.023087	78.899643	80.395004	79.074921	78.697914	87.972534	78.89325	78.958603	78.768166	88.139519	79.142952	78.306107	78.606537	78.39315	78.916153	78.737961	78.380585
79.5588	81.20742	79.043381	82.327942	78.182968	79.080994	78.531685	78.669662	78.824539	78.922325	78.685936	100.0	79.629181	78.657791	78.836746	81.131821	79.98407	80.952873	81.191147	79.021774	79.021072	78.845261	81.451935	81.047607	81.419861	80.750992	79.730652	78.848862	81.34819	81.070793	80.8218	78.496857	0.0	81.072311	85.604675	81.58374	81.21814	79.754013	78.748718	79.032837	78.788261	79.746964	79.472519	85.112961	78.745636	0.0	78.45726	81.151009	81.861031	81.100067	80.951775	86.732864	81.349777	79.529587	78.077057	78.78833	79.392136	78.920067	81.095909	81.188705	78.568756	81.213539	80.960434	81.063858	78.787857	85.510124	81.213287	78.68721	81.171066	80.964775	79.856216	81.043633	79.006065	79.584351	80.864029	0.0	78.553131	77.913589	81.448364	81.087799	79.565796	81.320023	81.550591	77.759338	78.605011	80.974899	83.044128	77.967224	80.857567	77.826248	81.172226	79.143837	79.058502	79.605736	78.780403	81.037598	79.070282	81.113327	79.762871	78.888184	80.810028	79.2929	80.63591	79.679214	78.339325	78.808693	83.21701	78.638062	79.937698	81.472954	80.749245	78.596497	78.751503	81.551231	78.424026	78.46228	81.21917	81.052979	78.315773
82.755936	80.565125	78.905685	79.843849	78.164108	79.219193	78.755096	78.909027	79.017532	79.077698	78.667709	79.629181	100.0	78.775703	78.798676	80.556854	87.166794	80.536072	80.483978	79.393661	78.861069	79.047806	80.450317	80.392525	80.449837	80.002792	84.732246	79.216393	80.41346	80.428894	80.407318	78.851883	0.0	80.484169	79.42157	80.684357	80.405579	94.789825	78.911484	79.175514	78.965668	87.222443	78.910782	79.531609	78.973434	0.0	78.850616	80.51413	80.183914	80.279686	80.35096	79.690674	80.463959	90.289047	78.396149	78.91507	79.948654	79.010117	80.376167	80.490395	78.831032	80.661697	80.351273	80.613022	78.880264	79.586655	80.381927	78.837967	80.649841	80.601562	83.127396	80.445389	79.050247	82.838348	80.45961	0.0	78.901283	77.981155	80.472145	80.657074	89.782722	79.636841	80.390915	77.914642	78.756012	80.476913	79.797531	77.96933	79.482246	77.74559	79.550415	79.120995	79.004211	82.97168	79.023605	80.378952	79.361877	80.590729	83.2836	78.986008	80.439972	79.86554	80.489037	88.066742	78.504837	78.907234	79.660873	78.638123	85.864868	80.339432	80.218742	79.018639	78.981819	79.48996	78.811874	78.422485	80.52037	80.545624	78.419121
78.40683	79.088959	78.829674	78.869827	78.179871	79.804581	78.816879	78.891052	78.714752	79.091591	78.294777	78.657791	78.775703	100.0	83.570969	79.080017	78.773407	79.090744	78.998901	78.426239	78.477013	79.063721	78.927536	78.945755	79.03476	78.946068	78.577492	78.919434	78.988914	79.026627	78.90509	78.679932	0.0	78.907883	78.578316	79.272179	78.99884	78.926598	78.929276	79.120735	78.983658	78.703934	78.536087	78.633881	78.97966	0.0	78.621063	78.968613	78.96032	78.798874	78.963242	78.695015	78.960571	78.712486	78.176964	79.092308	79.150101	80.014336	78.816589	78.878288	78.712212	78.906387	78.830948	79.045189	79.778725	78.662567	79.010353	78.550461	78.943947	79.097015	78.739502	78.927765	78.270042	78.577606	78.982727	0.0	78.523827	78.333679	78.826935	79.110199	78.587738	78.739288	78.860481	77.828712	79.684044	79.090912	78.896484	78.239029	78.427597	77.542404	78.585846	78.513451	79.490074	78.438217	78.975471	78.905334	78.425797	79.080261	78.446335	79.012894	78.941177	78.428139	78.802139	78.764542	78.317673	79.16478	78.81208	78.615967	78.789589	79.009239	78.825516	78.501495	78.942551	78.48835	78.754913	78.426331	78.992569	78.796875	78.422287
78.630829	79.21978	79.24025	78.851166	77.936333	80.130356	79.021233	79.106255	79.125153	79.415695	78.632217	78.836746	78.798676	83.570969	100.0	79.39856	78.938599	79.313324	79.24865	78.519852	78.447083	79.478012	79.217575	79.176842	79.217789	79.00882	78.801208	79.210808	79.11644	79.147278	79.231186	78.743843	0.0	79.035797	78.823547	79.34491	79.33873	79.075523	79.019608	79.332748	79.088425	78.726883	78.760132	78.852608	79.333923	0.0	78.582008	79.125549	79.452354	79.07048	79.104431	78.693924	79.186699	78.8461	78.242867	79.217529	79.754997	80.365685	79.221779	79.090286	78.819763	79.487564	79.194588	79.309563	80.046738	78.669952	79.189873	78.694008	79.467545	79.436684	78.887894	79.178398	78.575066	78.696243	79.253372	0.0	78.444046	78.874878	79.226921	79.301567	78.739586	78.858566	79.096405	77.756866	79.954666	79.123306	78.867355	78.326851	78.83429	77.696701	78.973465	78.907089	80.141342	78.71727	79.083084	79.079025	78.442177	79.39856	78.890198	79.22084	79.084549	78.328522	79.043396	79.058716	78.349533	79.897186	78.875183	79.355469	78.912956	79.211319	79.23233	78.780289	79.25042	78.74678	78.846832	78.472511	79.205238	79.162399	78.621994
80.544724	89.053238	79.25209	81.214325	78.296837	80.019615	79.224602	79.184204	79.441254	79.318176	79.049782	81.131821	80.556854	79.080017	79.39856	100.0	81.523994	89.418671	88.819061	79.885925	79.382523	79.427734	88.728127	90.421875	88.906143	86.926361	80.64695	79.914398	88.912682	88.679306	87.625885	79.207947	0.0	88.815201	80.892029	82.820847	88.900391	80.804337	79.434158	79.370087	79.671677	80.784332	79.742378	80.760979	79.531708	0.0	78.977455	88.810989	82.167221	90.323563	87.525848	80.997421	88.932121	80.510208	78.719437	79.501144	80.787689	79.810295	88.850616	88.8573	79.32074	95.999664	88.816139	91.739182	79.212181	80.939407	88.766266	79.184677	96.004593	89.177902	81.124748	88.400269	79.506165	81.156723	88.354416	77.663857	79.176849	77.925941	88.804749	91.686401	80.618195	81.617996	88.675659	77.931549	79.503998	90.23671	81.14949	77.743164	82.168106	77.635887	81.60939	79.794525	79.628571	80.929565	79.291252	88.850929	79.812607	89.358109	81.106094	79.408981	87.766052	80.037125	83.053589	80.76458	78.553917	79.751984	81.030167	79.185066	81.24614	88.670975	87.131256	79.32576	79.518097	81.511017	79.034271	78.767563	88.841614	87.966095	78.988922
83.436539	80.966187	79.160652	80.156937	78.269058	79.442642	78.941681	78.933105	79.109863	79.148499	78.91864	79.98407	87.166794	78.773407	78.938599	81.523994	100.0	81.05542	80.764404	79.617172	78.908333	79.147827	80.69194	80.846657	80.817657	80.38736	85.64389	79.353134	80.934814	80.835747	80.607697	79.018829	0.0	80.772003	79.838814	81.010025	80.751953	88.447662	79.213104	79.424515	79.199142	86.86972	79.179016	79.674789	79.075851	0.0	78.56366	80.841125	80.659958	80.769424	80.729736	79.879944	80.772911	87.324188	78.433495	79.115044	79.991905	79.322617	80.694176	80.88765	78.937332	81.065369	80.705887	81.183411	79.052055	79.863251	80.766716	78.998253	81.10994	81.0298	84.421585	80.791122	79.271873	85.244263	80.623276	0.0	78.866074	77.87085	80.798027	81.20179	87.203506	80.090996	80.891022	77.822441	79.074142	80.885788	79.92691	77.777954	79.76149	77.687286	79.758621	79.231995	79.301926	83.634003	79.106827	80.806427	79.569145	81.061874	83.940231	79.205551	80.941238	80.246582	80.628281	90.034973	78.518333	79.098785	79.923225	78.856255	87.771278	80.806305	80.781799	78.952705	79.09671	79.907585	78.827805	78.558914	80.753998	80.872131	78.666382
80.38028	87.768654	79.273651	81.0644	78.365242	79.90947	79.138016	79.239304	79.23954	79.376968	78.90181	80.952873	80.536072	79.090744	79.313324	89.418671	81.05542	100.0	87.49514	79.862564	79.145477	79.306419	87.438919	88.107086	87.481056	87.616486	80.453651	79.753433	87.552322	87.410873	88.246895	79.164223	0.0	87.582962	80.79464	82.683273	87.64241	80.749496	79.39653	79.434433	79.410522	80.670647	79.596489	80.836182	79.541626	0.0	78.825211	87.594513	81.916161	87.819763	88.062637	81.178207	87.524826	80.519958	78.600258	79.357132	80.703781	79.697754	87.497337	87.578712	79.424103	89.884628	87.552444	88.504417	79.363342	80.83165	87.460938	79.107117	89.881439	92.113823	81.091911	90.203293	79.650085	80.794525	92.020004	0.0	79.04644	78.070053	87.499222	88.680595	80.622261	81.602081	87.428352	77.916824	79.56282	87.998505	81.009827	77.916718	82.859665	77.633377	81.471939	79.645775	79.560196	81.053299	79.354332	87.538872	79.813919	92.466339	81.116737	79.394493	89.602837	79.813004	83.145569	80.84317	78.616089	79.555504	81.078125	78.946136	80.895279	87.387527	87.884644	79.39183	79.466843	81.373451	78.935089	78.810616	87.531685	88.256371	78.93335
80.301834	91.462631	79.266335	81.040604	78.288635	79.867294	79.003387	78.984268	79.204613	79.253967	78.913208	81.191147	80.483978	78.998901	79.24865	88.819061	80.764404	87.49514	100.0	79.739807	79.139496	79.255646	98.165894	88.938835	93.234116	86.834839	80.501122	79.615501	92.691223	92.279045	87.169006	78.985245	0.0	92.366547	80.852753	82.602936	94.387054	80.503281	79.222687	79.424469	79.43174	80.460907	79.775589	80.661934	79.250931	0.0	78.677589	92.822128	81.792572	89.247383	87.405785	81.065628	93.193161	80.357254	78.483398	79.167992	80.474426	79.638748	92.750641	92.343399	79.107498	88.856079	93.546829	88.789108	78.939072	80.744415	97.913414	78.955933	88.8508	87.517281	80.779434	87.400993	79.660782	80.603897	87.260399	77.65847	78.942123	78.120224	93.233902	88.87915	80.385025	81.966141	92.201599	77.779572	79.49588	88.798828	80.97744	77.866837	81.324448	77.577332	82.053497	79.342804	79.558823	80.981934	79.076828	93.686859	79.675827	88.044624	81.046021	79.3526	87.004875	79.992081	83.016487	80.406509	78.370911	79.519669	80.94545	78.890228	80.699707	92.206902	86.823372	79.035645	79.275497	81.782646	78.820511	78.5867	94.883896	87.762619	78.695724
79.402275	79.833908	78.567719	79.159828	78.081528	78.836121	78.463013	78.319328	78.573364	78.812164	78.643051	79.021774	79.393661	78.426239	78.519852	79.885925	79.617172	79.862564	79.739807	100.0	78.624588	78.782898	79.664459	79.614983	79.739288	79.344276	79.531296	79.455673	79.724396	79.699173	79.576126	78.402069	0.0	79.669159	78.897621	80.056679	79.733246	79.44091	78.828773	78.629326	78.983154	79.507484	78.815063	78.972984	78.534439	0.0	78.227966	79.662537	79.699738	79.726028	79.504845	78.838196	79.690704	79.419876	78.059258	78.894058	79.4552	78.539665	79.5989	79.729462	78.868401	79.808723	79.771187	79.796593	78.428543	78.947304	79.711884	78.376572	79.804649	79.66391	79.727783	79.560684	78.829559	79.507187	79.580765	0.0	78.183029	77.728226	79.640602	79.861893	79.369385	78.893143	79.713013	77.92614	78.486313	79.606049	79.206543	77.655037	78.793152	77.669617	78.994766	78.987411	78.792336	79.945877	78.738861	79.608498	99.158722	79.693939	79.977036	78.644943	79.521103	80.117142	79.234818	79.405418	78.129189	78.600647	79.318619	78.14904	79.672531	79.690956	79.352768	78.217667	78.929871	78.752907	78.54483	78.654037	79.66481	79.711082	78.242416
78.636414	79.453712	78.790115	78.973862	78.363564	78.789902	79.564392	78.707619	78.924553	79.008926	78.669647	79.021072	78.861069	78.477013	78.447083	79.382523	78.908333	79.145477	79.139496	78.624588	100.0	79.116669	79.340073	79.322632	79.237747	79.122345	78.976257	79.391464	79.366669	79.020248	79.312973	78.722733	0.0	79.18586	78.644394	79.481369	79.171654	79.031784	79.248428	78.896561	79.250259	78.9133	82.959274	78.638649	79.178802	0.0	78.573776	79.132202	79.360847	79.352051	79.126022	78.590988	79.033058	78.852112	78.449615	79.015198	79.56601	78.744553	79.216034	79.144241	79.885117	79.324287	79.244034	79.425865	78.380768	78.584137	79.197182	78.700371	79.321121	79.15126	78.716858	79.005585	87.047417	78.843674	79.31337	77.726494	78.63118	77.936111	79.267456	79.48381	78.812012	78.611984	79.368629	77.926682	78.367989	79.267273	78.881805	77.629623	78.530838	77.893349	78.594711	83.059631	78.719566	79.057098	78.991776	79.234283	78.546188	79.24749	78.994492	79.010155	78.996246	78.438843	78.889847	79.057655	78.393295	78.687553	78.73069	78.735497	78.878098	79.418465	78.844475	78.796623	79.238541	78.520645	78.854965	79.292534	79.211876	79.115341	79.41806
78.689262	79.385437	80.140007	79.286118	78.602028	79.398605	79.077011	80.176407	87.316254	86.732132	78.878281	78.845261	79.047806	79.063721	79.478012	79.427734	79.147827	79.306419	79.255646	78.782898	79.116669	100.0	79.179749	79.231079	79.333488	79.033768	78.96447	80.272514	79.330078	79.323502	79.268265	79.105392	0.0	79.188263	79.031265	79.851639	79.176605	79.252151	81.499352	80.374756	84.411743	79.16275	79.158806	79.079041	79.25853	0.0	79.018707	79.263306	79.833008	79.150452	79.302658	78.84996	79.319733	78.986031	79.053085	87.271408	79.703407	79.236938	79.265884	79.240959	79.191216	79.461655	79.249084	79.330269	79.268967	79.045189	79.177467	79.009399	79.435905	79.258331	79.00061	79.217522	79.30172	79.022141	79.250748	77.71479	79.059151	79.063644	79.292404	79.406181	78.970535	78.999725	79.146515	78.202057	78.994965	79.403526	79.149467	78.711334	78.57959	78.029434	78.784882	79.303452	80.714798	78.979355	85.994492	79.301216	78.713707	79.299728	79.222572	87.206772	79.118637	78.620438	79.106689	79.051514	78.782867	80.618378	79.382324	79.00148	79.26297	79.243423	79.075119	79.124992	82.069122	78.861404	82.878761	78.861877	79.210068	79.328888	78.567345
80.248413	91.688843	79.293434	81.004181	78.193741	79.748184	79.154724	78.951904	79.249435	79.193558	78.899918	81.451935	80.450317	78.927536	79.217575	88.728127	80.69194	87.438919	98.165894	79.664459	79.340073	79.179749	100.0	88.957977	93.267204	86.914726	80.519539	79.596939	92.65361	92.373268	87.210579	78.959641	0.0	92.322395	80.780518	82.604553	94.407227	80.532745	79.110596	79.422989	79.432518	80.454124	79.797119	80.633743	79.261353	0.0	78.702553	92.809174	81.773041	89.438339	87.431984	80.985237	93.299957	80.288589	78.500107	79.324303	80.467453	79.636398	92.849434	92.278992	79.171768	88.814598	93.401901	88.756523	78.977417	80.710678	98.373886	79.017807	88.803162	87.522293	80.703949	87.384232	79.85701	80.616516	87.303085	0.0	78.890633	78.049179	93.215118	88.860428	80.355072	81.884308	92.24308	77.747437	79.433746	88.777435	80.987694	77.864426	81.363945	77.727623	81.907303	79.403824	79.533264	80.846878	78.990433	93.489449	79.621964	87.993225	80.968079	79.351852	86.971527	80.003098	82.986115	80.353561	78.451553	79.451324	80.842674	78.912743	80.767479	92.227448	86.781784	78.986565	79.27626	81.80719	78.931885	78.627151	94.884094	87.701599	78.633377
80.41655	89.150757	79.227493	81.049187	78.358429	79.945786	79.247498	79.184219	79.29245	79.330154	78.83989	81.047607	80.392525	78.945755	79.176842	90.421875	80.846657	88.107086	88.938835	79.614983	79.322632	79.231079	88.957977	100.0	89.070686	86.96077	80.633202	79.69899	89.027588	88.909828	87.705399	79.174438	0.0	89.017349	80.992241	82.835823	89.173294	80.633125	79.42804	79.495117	79.475204	80.673157	79.805244	80.667404	79.302338	0.0	78.764969	89.090858	81.865685	90.0476	87.609192	80.940521	89.099365	80.471092	78.714111	79.26825	80.613342	79.69899	88.900146	89.053978	79.216515	90.51799	89.088707	90.994186	79.269424	80.942368	89.035782	79.302483	90.543076	88.156181	80.828781	87.85585	79.717819	80.72702	87.759453	0.0	79.040764	77.905197	89.088577	91.117531	80.471024	81.60392	88.895927	77.939758	79.484329	92.349884	81.024483	77.826302	81.201538	77.632271	81.580139	79.532768	79.436844	80.845863	79.119171	89.032524	79.603958	88.427444	81.079987	79.409996	87.506973	79.737274	83.093384	80.524063	78.62748	79.499832	81.062355	78.964951	80.760056	88.895828	87.312225	79.201843	79.290596	81.618546	78.894547	78.704178	89.058868	87.716629	78.882156
80.378174	91.236176	79.443268	81.005142	78.169441	79.948013	79.067429	78.892807	79.283051	79.481339	78.955803	81.419861	80.449837	79.03476	79.217789	88.906143	80.817657	87.481056	93.234116	79.739288	79.237747	79.333488	93.267204	89.070686	100.0	86.934967	80.505684	79.742966	93.729828	94.038452	87.328705	79.060974	0.0	92.849167	80.800758	82.659248	93.941574	80.601196	79.41066	79.583138	79.658096	80.569962	79.68132	80.672699	79.317749	0.0	78.687851	93.534042	81.767319	89.495712	87.707794	81.041336	97.894653	80.458939	78.595116	79.347755	80.584435	79.747139	93.446617	93.033356	79.169914	88.908798	93.592239	88.938393	79.016678	80.780495	93.223145	78.998322	88.89077	87.721634	80.682655	87.457993	79.540504	80.694321	87.467178	0.0	79.083099	78.055893	97.89016	88.97052	80.455215	81.909706	92.820053	77.856995	79.585495	89.267853	80.845825	77.838326	81.361328	77.591583	82.188751	79.492065	79.598755	80.894447	79.282295	93.057449	79.70723	88.021881	81.010971	79.224731	87.09549	80.05394	83.058067	80.541901	78.560638	79.586876	81.106033	78.974426	80.739975	92.728821	86.895355	79.061996	79.385048	81.780273	79.13681	78.751419	93.963135	87.753242	78.666786
80.109619	87.17688	79.05899	80.664551	77.875595	79.790604	78.887459	78.940392	78.926468	79.082596	78.682526	80.750992	80.002792	78.946068	79.00882	86.926361	80.38736	87.616486	86.834839	79.344276	79.122345	79.033768	86.914726	86.96077	86.934967	100.0	80.203331	79.254753	86.870071	86.691849	90.27858	78.966881	0.0	86.867874	80.579567	81.995346	87.135841	80.215744	79.043976	79.155403	79.169907	80.249039	79.327782	80.294647	79.243431	0.0	78.519531	87.012909	81.309799	86.89167	89.638252	80.643311	86.885429	80.214279	78.483604	79.011017	80.139069	79.479271	86.801422	86.988434	79.086685	87.057098	86.74823	87.043549	78.904037	80.494949	86.951691	78.784126	87.018372	87.751663	80.278023	90.009171	79.574104	80.208481	87.969902	0.0	78.713226	78.017776	87.046921	87.19075	80.108444	81.315575	87.086395	77.803551	79.328964	87.051926	80.723419	77.801544	80.899696	77.562897	81.281044	79.28347	79.170326	80.240845	78.997643	86.850273	79.348549	88.089813	80.468658	79.084671	89.363251	79.434113	82.662407	80.380463	78.386078	79.141136	80.607841	78.894135	80.283188	87.206329	89.825958	78.886787	79.068832	81.226181	78.555832	78.609131	86.975121	86.893585	78.55571
82.837868	80.635963	79.079819	79.904274	78.452438	79.114136	78.692719	78.992569	78.97403	79.195724	78.718231	79.730652	84.732246	78.577492	78.801208	80.64695	85.64389	80.453651	80.501122	79.531296	78.976257	78.96447	80.519539	80.633202	80.505684	80.203331	100.0	79.305222	80.613235	80.406952	80.559959	79.075127	0.0	80.554199	79.656982	80.790421	80.410744	84.947067	79.062531	79.153732	79.121033	85.279297	78.949356	79.523773	78.838142	0.0	78.756844	80.638641	80.291885	80.461212	80.429932	79.725342	80.406998	84.763649	78.47998	79.151588	79.925674	79.152863	80.496307	80.505569	78.769699	80.674286	80.41954	80.65345	78.830048	79.50885	80.506851	78.844833	80.686684	80.517372	83.290627	80.456451	79.071426	83.040527	80.566437	0.0	78.908539	77.999878	80.5028	80.758881	84.789948	79.702126	80.570618	77.953972	78.812851	80.624435	79.82016	77.971893	79.509903	77.720978	79.618019	79.201912	79.152184	83.687271	78.964554	80.43486	79.482414	80.592758	83.926376	79.116089	80.408394	79.94519	80.38739	85.019043	78.641968	79.016129	79.85112	78.769531	85.664734	80.648926	80.340797	78.861816	79.052414	79.620132	78.913803	78.596504	80.510529	80.514099	78.412491
78.961258	79.726624	80.15802	79.191292	78.743713	79.629791	79.470428	80.512703	80.258545	80.241379	78.969437	78.848862	79.216393	78.919434	79.210808	79.914398	79.353134	79.753433	79.615501	79.455673	79.391464	80.272514	79.596939	79.69899	79.742966	79.254753	79.305222	100.0	79.736221	79.650528	79.679001	79.161011	0.0	79.722214	78.850731	79.813988	79.670395	79.134888	80.832108	80.597748	80.656021	79.278412	79.459366	78.762978	79.227829	0.0	79.055557	79.686165	79.66777	79.703613	79.495491	78.644653	79.725487	79.297241	79.816193	80.522583	80.29435	79.686615	79.684692	79.612488	80.133179	79.879745	79.942154	79.900543	79.085052	78.813591	79.59082	79.207947	79.854782	79.832901	79.271866	79.6297	79.648544	79.111069	79.52829	77.701241	79.133095	78.292511	79.71357	79.914413	79.206497	78.821777	79.67215	78.284653	79.289635	79.753998	79.039337	78.435638	78.566666	78.27478	78.96685	79.59491	79.974533	79.438377	79.981857	79.673798	79.387535	79.879478	79.572418	80.298363	79.558357	78.777924	79.26825	79.298111	78.734779	80.480858	79.167175	79.176147	79.187347	79.676727	79.397202	79.244476	81.483826	78.75634	79.978592	79.02887	79.630875	79.486565	78.735741
80.414383	91.027794	79.222244	81.106506	78.087952	80.07737	79.304657	79.125816	79.267731	79.436707	78.884071	81.34819	80.41346	78.988914	79.11644	88.912682	80.934814	87.552322	92.691223	79.724396	79.366669	79.330078	92.65361	89.027588	93.729828	86.870071	80.613235	79.736221	100.0	92.786453	87.407104	79.207291	0.0	94.316315	80.864487	82.866287	93.279236	80.656616	79.118851	79.520523	79.47612	80.536987	79.668114	80.724518	79.448547	0.0	78.849365	94.581245	81.988586	89.442123	87.611328	81.011803	93.6259	80.388603	78.560966	79.296555	80.602234	79.666443	94.031517	94.433212	79.254272	88.96431	93.838104	88.947937	79.116501	80.955452	92.736099	79.099052	88.951248	87.791168	80.753693	87.511703	79.624741	80.504623	87.436859	0.0	79.203873	78.157883	93.605515	89.056076	80.461235	81.866852	94.162865	77.700554	79.577576	88.987816	81.089745	77.93132	81.48497	77.686668	82.182449	79.501633	79.601364	80.927773	79.316071	94.0979	79.700912	88.214439	81.118973	79.350388	87.112198	79.856842	83.158226	80.531616	78.533768	79.42263	81.107666	78.955185	80.60537	94.198303	86.963654	79.138557	79.453842	81.837021	78.965134	78.768913	93.206299	87.749641	78.822769
80.310608	90.722443	79.181122	81.028503	78.037376	79.956154	79.115067	79.016205	79.250702	79.396164	78.810265	81.070793	80.428894	79.026627	79.147278	88.679306	80.835747	87.410873	92.279045	79.699173	79.020248	79.323502	92.373268	88.909828	94.038452	86.691849	80.406952	79.650528	92.786453	100.0	87.290764	79.125191	0.0	92.43634	80.739624	82.58139	92.78096	80.582588	79.257172	79.476089	79.458557	80.491455	79.54454	80.694359	79.367767	0.0	78.801636	92.527771	81.834457	89.241653	87.31797	80.793793	93.995758	80.363922	78.465057	79.316589	80.547409	79.659859	92.583305	92.807388	79.204941	88.750587	92.617813	88.786324	78.935394	80.786469	92.380562	78.957214	88.755447	87.55407	80.566307	87.330078	79.383095	80.434311	87.395447	0.0	79.027618	78.081055	93.931297	88.886467	80.332756	81.739403	92.577728	77.814911	79.454895	88.746964	80.895401	77.932426	81.244995	77.500587	81.650452	79.410568	79.52948	80.910423	79.157166	92.27562	79.667923	87.96698	81.002365	79.379135	87.068466	79.93187	82.997726	80.455475	78.500763	79.542313	80.994865	78.904434	80.610565	92.494675	86.888145	78.970345	79.464294	81.634491	78.911858	78.701065	92.742157	87.583054	78.798309
80.292313	87.634872	79.162201	80.874512	78.084976	79.887184	79.023376	79.021667	79.270439	79.335106	78.791237	80.8218	80.407318	78.90509	79.231186	87.625885	80.607697	88.246895	87.169006	79.576126	79.312973	79.268265	87.210579	87.705399	87.328705	90.27858	80.559959	79.679001	87.407104	87.290764	100.0	79.099579	0.0	87.298637	80.775734	82.406509	87.467316	80.537682	79.199936	79.396706	79.341171	80.440521	79.522308	80.617577	79.403427	0.0	78.787361	87.489014	81.698303	87.302811	89.630188	80.928185	87.295639	80.319313	78.501923	79.192093	80.303436	79.667694	87.096649	87.403442	79.075317	87.623596	87.224548	87.575378	79.045601	80.771172	87.239845	79.069229	87.622238	88.201752	80.671219	92.79393	79.505516	80.592384	89.039963	0.0	78.942596	77.91893	87.453812	87.705009	80.367035	81.442444	87.497864	77.635109	79.382019	87.881111	80.992752	77.767471	81.148758	77.693459	81.463455	79.401054	79.422302	80.554688	79.078598	87.26152	79.730682	88.483368	80.855309	79.143021	91.464813	79.64415	82.978767	80.53334	78.490044	79.429474	80.843964	79.003113	80.782715	87.516022	92.373825	79.177902	79.227386	81.433067	78.754242	78.594711	87.398071	87.432022	78.734695
78.600784	79.289642	79.194283	78.782806	80.422058	79.249573	78.598038	78.90921	79.039688	79.061806	88.300186	78.496857	78.851883	78.679932	78.743843	79.207947	79.018829	79.164223	78.985245	78.402069	78.722733	79.105392	78.959641	79.174438	79.060974	78.966881	79.075127	79.161011	79.207291	79.125191	79.099579	100.0	0.0	79.190262	78.507141	79.446518	79.005325	78.996811	79.287766	79.245399	79.307312	78.915237	78.680756	78.675995	78.677513	0.0	88.534355	79.167496	79.231415	79.040207	78.880493	78.634193	78.981415	78.878189	78.665894	78.926247	79.472137	79.326782	79.099976	79.206642	78.619362	79.234497	79.006683	79.302673	78.830643	78.34938	78.965698	89.036697	79.29882	79.225296	78.939575	79.099319	78.789116	78.778198	79.195679	79.251503	90.703865	78.330727	79.052582	79.298569	78.772903	78.552536	79.220139	79.690063	78.928177	79.13031	78.71814	78.378098	78.323814	79.891579	78.617371	78.867905	79.58313	79.029869	78.888947	79.145844	78.467316	79.353607	79.059273	79.028381	79.082748	78.30014	79.17572	79.045631	80.566864	79.290451	78.757202	89.114044	79.009407	79.245544	79.078644	89.717918	79.272331	78.491905	78.723984	78.357079	79.016037	79.083923	78.246063
0.0	0.0	0.0	0.0	0.0	0.0	0.0	0.0	0.0	0.0	0.0	0.0	0.0	0.0	0.0	0.0	0.0	0.0	0.0	0.0	0.0	0.0	0.0	0.0	0.0	0.0	0.0	0.0	0.0	0.0	0.0	0.0	100.0	0.0	0.0	0.0	0.0	0.0	0.0	0.0	0.0	0.0	0.0	0.0	0.0	0.0	0.0	0.0	0.0	0.0	0.0	0.0	0.0	0.0	0.0	0.0	0.0	0.0	0.0	0.0	0.0	0.0	0.0	0.0	0.0	0.0	0.0	0.0	0.0	0.0	0.0	0.0	0.0	0.0	0.0	0.0	0.0	0.0	0.0	0.0	0.0	0.0	0.0	0.0	0.0	0.0	0.0	0.0	0.0	0.0	0.0	0.0	0.0	0.0	0.0	0.0	0.0	0.0	0.0	0.0	0.0	0.0	0.0	0.0	0.0	0.0	0.0	0.0	0.0	0.0	0.0	0.0	0.0	0.0	0.0	0.0	0.0	0.0	0.0
80.431046	90.854919	79.292053	81.019821	78.128326	79.982285	79.085358	79.121216	79.236176	79.277184	78.784698	81.072311	80.484169	78.907883	79.035797	88.815201	80.772003	87.582962	92.366547	79.669159	79.18586	79.188263	92.322395	89.017349	92.849167	86.867874	80.554199	79.722214	94.316315	92.43634	87.298637	79.190262	0.0	100.0	80.83847	82.656815	92.750656	80.528336	79.172379	79.383148	79.53019	80.541092	79.787468	80.628067	79.316605	0.0	78.814575	93.988548	81.846115	89.18972	87.478516	80.856827	92.917328	80.381393	78.588043	79.28447	80.55761	79.761055	93.394402	94.746147	79.180229	88.898392	93.182968	88.780487	79.021729	80.738625	92.260391	79.034409	88.893745	87.706573	80.734703	87.437164	79.543503	80.596436	87.359177	0.0	78.986008	77.979012	92.794991	88.87706	80.504211	81.947495	94.684723	77.660645	79.575676	88.771286	80.901405	77.811264	81.516273	77.625191	81.99453	79.475357	79.517914	80.868896	79.210938	93.57489	79.581596	88.077408	81.08429	79.365944	87.120636	79.855133	82.976791	80.474228	78.429108	79.389877	80.943832	78.836525	80.705154	94.637329	86.980087	78.976234	79.507782	81.810165	78.941429	78.715454	92.7061	87.69635	78.823929
