1312183.9	240521.3	1841654.4	1736312.3	386.181	1535242.3	2171756.3	391.9	1907415.3	1907413.3	1368430.4	348824.49	1566260.3	1435607.3	1335060.3	386.162	2364271.4	386.182	2819997.3	1736428.3	2067451.4	386.180	754762.3	384.393	1138189.12	1841653.4	2726076.3	216596.11	2731112.3	386.163	2817706.3	398.14	1825934.3	754523.3	2587071.3	2613770.3	384.94	698761.4	2806346.3	1571470.3	1986026.4	1703962.3	398.4	1500301.3	1500304.3	908946.3	1335060.80	386.177	2583231.6	29449.42	2731096.3	1138194.8	1764276.3	754521.3	2028343.3	887144.4	387.284	2603277.3	2182425.3	1120688.3	2815360.3	395491.3	1538158.11	1736278.3	754764.3	1855304.3	2937795.4	990285.3	1703971.3	2048897.3	2895568.3	1041147.3	1138190.4	2726075.3	1752526.3	1033991.3	451876.4	387.275	56730.16	648995.38	384.21	1368417.4	1532558.3	2795216.3	1736592.3	1736473.3	538025.6	984260.6	50338.5	1736380.3	379684.3	293958.16	2919917.3	1825933.3	2819994.3	2035449.3	1144306.3	1523429.3	484088.4	2849093.3	2135647.3	398.16	2813827.4	2613771.3	1736577.3	363754.4	384.18	1981173.3	491916.7	347834.17	1736344.3	1378077.3	2845820.10	1079460.3	1523420.3	1566263.3	384.1004	1223565.8	936136.8
100.0	78.852234	79.550537	78.072449	80.302811	80.420715	79.130432	78.560532	78.630051	78.711868	78.7491	79.5588	82.755936	78.40683	78.630829	80.544724	83.436539	80.301834	79.402275	78.636414	78.689262	80.248413	80.41655	80.378174	80.109619	82.837868	78.961258	80.414383	80.292313	80.524323	78.600784	0.0	80.40696	80.431046	79.410156	80.410904	80.351204	82.947266	78.781631	78.95874	78.79567	80.371353	82.715675	78.902328	79.505371	78.79451	0.0	80.238297	80.338203	80.003433	80.315392	80.293755	79.571381	80.434189	82.7108	78.190483	80.315308	78.658028	79.689995	78.91481	78.667549	80.374077	80.471252	78.171188	80.404121	78.429588	78.735077	79.441666	80.60524	87.713684	78.887444	87.328102	80.30722	0.0	78.516907	80.503319	77.828949	80.361649	79.656006	78.588364	80.281548	77.736908	78.903839	82.694031	79.485947	77.624947	79.358521	77.519882	79.647415	78.915314	78.883957	84.786789	78.729996	80.301071	79.439941	80.521362	84.90686	78.836411	79.977867	80.057487	78.62619	82.958389	78.83049	79.593445	78.614838	83.098206	80.42157	80.296249	80.504425	80.312943	78.15609	78.820839	78.847237	79.442017	78.477791	78.193321	80.286789	80.3386	80.478256
78.852234	100.0	79.118637	78.377625	79.283417	79.308647	79.332397	78.827873	79.65715	80.068619	80.14621	79.043381	78.905685	78.829674	79.24025	79.25209	79.160652	79.266335	78.567719	78.790115	80.140007	79.293434	79.227493	79.443268	79.05899	79.079819	80.15802	79.222244	79.162201	79.312027	79.194283	0.0	79.235992	79.292053	78.844742	79.671692	79.144188	79.184418	80.19455	92.114929	80.187088	79.297272	79.140427	78.963913	78.901939	79.253502	0.0	79.157227	79.295975	79.453949	79.153824	79.220352	78.826584	79.214729	79.074127	78.860184	79.279449	80.032585	79.770462	79.381912	79.082657	79.295021	79.203979	78.95076	79.271759	78.855698	79.057175	78.938622	79.361526	79.148178	79.013596	78.993942	79.282806	77.995506	78.879761	79.207169	78.490097	79.323318	78.813019	78.986916	79.338623	78.022308	79.120552	78.973892	79.123001	78.557121	78.507339	77.890465	78.776169	79.142738	79.640427	79.142746	79.863319	79.146233	78.610596	79.221931	79.299545	80.221283	78.485474	79.304138	78.90461	79.252869	87.004639	79.114014	79.050591	79.101532	79.148636	79.188263	79.263092	79.169632	78.454132	79.071075	80.279114	78.612366	79.672226	78.587616	79.362411	79.340134	79.245239
79.550537	79.118637	100.0	78.449959	81.025627	80.930069	79.301559	78.580765	78.929039	79.205299	79.217178	82.327942	79.843849	78.869827	78.851166	81.214325	80.156937	81.040604	79.159828	78.973862	79.286118	81.004181	81.049187	81.005142	80.664551	79.904274	79.191292	81.106506	80.874512	81.191483	78.782806	0.0	81.160248	81.019821	82.642464	82.023964	81.115143	79.920776	79.101913	79.363556	79.269371	81.059532	79.938538	78.96196	82.505295	79.178421	0.0	80.967934	81.091393	83.597267	81.012634	80.936676	82.414139	80.962601	79.888046	78.366646	80.920319	78.946915	79.814865	78.880417	78.886703	81.065384	81.183273	78.743271	81.145157	78.676682	79.016541	82.661385	81.254761	79.845673	79.070953	79.784882	80.971458	0.0	78.839882	80.932556	78.142906	81.076233	80.857986	78.687378	80.992065	78.087265	78.821465	79.762604	83.605461	78.01709	80.571091	77.889587	80.828796	79.178986	79.038872	80.032204	79.084137	81.017044	79.125038	81.206322	79.990891	79.288223	79.426292	80.811523	78.748306	79.803085	79.151642	84.077248	78.737457	79.90316	80.910507	80.783379	81.155342	80.827522	78.330856	79.012245	79.12088	80.881927	78.889984	78.5224	81.016457	81.118248	81.084427
78.072449	78.377625	78.449959	100.0	78.272186	78.143135	78.304108	78.338013	78.182755	78.471237	78.527	78.182968	78.164108	78.179871	77.936333	78.296837	78.269058	78.288635	78.081528	78.363564	78.602028	78.193741	78.358429	78.169441	77.875595	78.452438	78.743713	78.087952	78.084976	78.340805	80.422058	0.0	78.245789	78.128326	78.1418	78.799759	78.064758	78.390854	78.566277	78.50975	78.578094	78.199249	78.170639	78.033165	78.083069	77.700325	0.0	78.137924	78.127274	78.651291	78.23703	78.025139	78.081535	78.169205	78.125847	78.340073	77.969231	78.398598	78.497177	78.343964	80.566521	78.290733	78.308128	80.768616	78.25634	80.509819	78.457932	77.959435	78.358704	78.108856	78.339302	78.190109	78.187256	79.296242	80.479195	78.14257	78.347603	78.159714	78.027069	80.253799	78.224052	83.252129	78.054245	78.305496	78.353394	78.266129	77.888763	82.874001	77.839775	78.275703	78.665764	78.192963	78.441238	78.197845	78.023895	78.178101	78.468277	78.481438	77.903938	78.386414	78.187904	78.19516	78.362915	78.519478	80.402496	78.217751	78.112091	78.06752	78.366898	78.14344	78.13961	80.588097	78.574173	77.739532	78.278412	78.230156	78.001175	78.142685	78.21328
80.302811	79.283417	81.025627	78.272186	100.0	87.56707	79.894524	79.044571	78.968094	79.209702	79.256859	81.221924	80.495422	79.001465	79.245132	88.81221	80.791763	99.998795	79.755875	79.117523	79.270454	98.155334	88.963669	93.239395	86.836716	80.528015	79.596458	92.722946	87.189194	88.889381	79.016388	0.0	91.569107	92.386139	80.91185	82.615921	94.381134	80.50206	79.227997	79.395935	79.440079	87.384857	80.452377	79.79715	80.671806	79.265282	0.0	93.726883	92.829132	81.82634	89.261063	87.408585	81.055893	93.199814	80.372063	78.451607	92.267807	79.244919	80.499901	79.607224	79.131042	92.748688	88.790382	78.339233	88.785309	78.790741	78.923706	80.820595	88.850906	80.830246	79.649323	80.604538	87.28299	0.0	78.91143	88.888901	78.093536	93.225189	81.966698	78.861923	92.222008	77.771553	79.465584	80.466797	80.938042	77.865845	81.318039	77.56929	82.038551	79.34967	79.577019	80.997406	79.084274	93.694183	79.681175	88.044159	81.054047	79.374008	79.986526	83.012375	79.272614	80.426872	79.513641	80.93779	78.851318	80.703354	92.207954	86.841164	87.542381	87.075394	78.787453	79.036354	79.311234	81.767487	78.862358	78.618729	94.881058	87.766083	92.335495
80.420715	79.308647	80.930069	78.143135	87.56707	100.0	79.942116	78.980141	79.130783	79.276848	79.368469	80.913551	80.597443	78.987137	79.198341	89.124725	81.242142	87.55864	79.585693	79.117859	79.329178	87.495415	88.177383	87.632675	87.800705	80.511597	79.792053	87.757141	88.160378	89.025978	79.093246	0.0	87.877655	87.625626	80.833923	82.5961	87.734497	80.697075	79.207428	79.40815	79.55555	89.640869	80.575081	79.606873	80.807861	79.412369	0.0	87.540344	87.723984	81.885201	87.850388	88.176704	80.875038	87.713882	80.483566	78.677986	87.47876	79.324799	80.523163	79.693871	78.921745	87.509834	88.751556	78.573586	88.462219	78.703568	79.188423	80.790627	89.496162	80.925446	79.533684	80.668182	90.808289	0.0	79.101936	87.934135	77.957848	87.655731	81.749069	78.796135	87.53363	77.71299	79.532349	80.467911	80.910904	77.846596	82.769211	77.524673	81.517982	79.448914	79.427933	80.853317	79.108978	87.559647	79.613693	93.664932	80.933105	79.33609	79.788681	83.079758	79.193558	80.649323	79.506859	80.955223	78.879852	80.8255	87.592941	87.820251	92.257317	90.068741	78.935303	79.193558	79.411819	81.617661	78.936897	78.687302	87.654785	88.150124	87.698265
79.130432	79.332397	79.301559	78.304108	79.894524	79.942116	100.0	78.778076	79.266983	79.125443	79.281242	79.080994	79.219193	79.804581	80.130356	80.019615	79.442642	79.867294	78.836121	78.789902	79.398605	79.748184	79.945786	79.948013	79.790604	79.114136	79.629791	80.07737	79.887184	80.021011	79.249573	0.0	80.124603	79.982285	79.073524	80.045158	79.88623	79.319366	79.414536	79.594582	79.552658	79.89592	79.339706	79.162224	78.983757	79.268066	0.0	79.835114	80.045319	79.76268	79.741257	79.811584	78.976128	79.838478	79.209435	78.444397	79.853607	79.363197	80.304016	81.384644	79.143486	79.768669	80.011658	78.42897	79.874893	78.827682	81.774353	79.092422	79.932701	79.365494	78.973022	79.161453	79.914848	77.645615	79.1353	79.835701	78.25856	79.912109	79.216507	78.798737	79.940216	77.958313	83.192795	79.333267	79.236969	78.212898	78.915955	77.785995	79.130661	79.27124	80.312294	79.356506	79.298416	79.802231	78.830742	80.077927	79.495712	79.18544	78.647438	79.823227	78.969818	79.293137	79.573944	79.225708	79.014404	79.375572	79.990326	79.71434	80.092201	79.815201	78.457184	79.219177	79.194946	79.086624	79.124939	78.496986	79.980827	80.036118	80.012543
78.560532	78.827873	78.580765	78.338013	79.044571	78.980141	78.778076	100.0	78.67128	78.702454	79.178101	78.531685	78.755096	78.816879	79.021233	79.224602	78.941681	79.003387	78.463013	79.564392	79.077011	79.154724	79.247498	79.067429	78.887459	78.692719	79.470428	79.304657	79.023376	79.27784	78.598038	0.0	79.139709	79.085358	78.480148	79.381195	79.097244	78.714828	78.929825	79.078735	78.979271	79.132149	78.824265	79.933762	78.25676	79.366013	0.0	79.044243	79.044128	79.246803	79.030396	78.964645	78.438797	79.0746	78.821297	78.451729	79.144638	78.95063	79.344727	79.336922	78.965988	78.999092	79.137253	78.440384	79.122391	78.459427	78.54409	78.496384	79.313286	78.813461	79.987015	78.603821	79.188126	0.0	78.489906	79.181976	78.16777	78.98616	78.412888	78.747223	79.04995	77.714066	78.671135	78.73101	78.763733	78.01339	78.29361	77.655403	78.556763	79.865318	79.300476	78.941994	78.733383	79.070251	78.556046	79.131279	78.919983	78.79393	78.467056	78.820297	92.843681	78.835426	78.938789	78.866402	78.562325	78.640701	79.230316	78.881088	79.209503	78.892677	85.182198	78.654869	79.199051	78.174164	78.790733	89.703827	79.024521	78.985451	79.03923
78.630051	79.65715	78.929039	78.182755	78.968094	79.130783	79.266983	78.67128	100.0	79.949173	80.12796	78.669662	78.909027	78.891052	79.106255	79.184204	78.933105	78.984268	78.319328	78.707619	80.176407	78.951904	79.184219	78.892807	78.940392	78.992569	80.512703	79.125816	79.021667	79.260681	78.90921	0.0	79.157509	79.121216	78.457733	79.494675	79.110291	78.896225	80.049896	79.862862	80.30925	79.201057	78.950348	78.926407	78.630646	79.014671	0.0	78.955017	79.089104	79.242386	78.831139	79.109085	78.608505	79.007507	78.823624	79.07608	79.000603	79.986176	79.599854	78.927643	78.981133	79.083832	79.142166	78.462448	79.087631	78.697838	79.164391	78.518265	79.207619	78.966492	78.959267	78.843483	79.092163	0.0	78.771515	79.162926	78.324493	79.061584	78.567322	78.736382	79.040009	77.886108	78.811462	78.891541	78.880173	78.367325	78.345001	77.883026	78.588531	79.115166	79.765495	78.943634	79.930473	79.011696	78.37709	79.123093	79.017502	80.130722	78.447632	78.897369	78.99437	78.866951	79.80954	78.789734	78.658646	78.878601	79.096573	79.010635	79.265518	78.986145	78.542862	78.948669	80.144135	78.483521	79.706398	78.602051	78.967209	78.999802	79.033966
78.711868	80.068619	79.205299	78.471237	79.209702	79.276848	79.125443	78.702454	79.949173	100.0	91.369171	78.824539	79.017532	78.714752	79.125153	79.441254	79.109863	79.204613	78.573364	78.924553	87.316254	79.249435	79.29245	79.283051	78.926468	78.97403	80.258545	79.267731	79.270439	79.355171	79.039688	0.0	79.297928	79.236176	78.855026	79.754181	79.185715	79.010811	81.291267	80.265137	83.940376	79.311722	78.93222	78.944855	78.805862	78.989449	0.0	79.240295	79.417625	79.564011	79.16687	79.171288	78.816681	79.294586	78.946152	79.037674	79.151901	86.346069	79.525375	79.158218	78.90593	79.269577	79.42498	78.816628	79.424271	78.647835	79.186127	78.964142	79.383865	78.91449	79.169914	78.891838	79.154678	78.055084	78.850136	79.220383	78.400452	79.286377	78.710266	78.738983	79.278183	78.04203	78.846466	78.957825	79.041725	78.43837	78.363144	77.863831	78.675247	79.292809	80.1707	78.987701	85.041771	79.231247	78.654884	79.092278	79.043335	93.165924	78.487518	79.128021	78.820648	78.990944	80.207504	79.096008	78.888489	79.031555	79.231415	78.97406	79.271889	79.054314	78.540054	78.94413	81.570251	78.614288	82.552643	78.623932	79.272301	79.133392	79.243752
78.7491	80.14621	79.217178	78.527	79.256859	79.368469	79.281242	79.178101	80.12796	91.369171	100.0	78.922325	79.077698	79.091591	79.415695	79.318176	79.148499	79.253967	78.812164	79.008926	86.732132	79.193558	79.330154	79.481339	79.082596	79.195724	80.241379	79.436707	79.335106	79.395676	79.061806	0.0	79.278671	79.277184	78.918808	79.623077	79.37262	79.166191	81.311691	80.435135	83.868248	79.383698	79.136597	78.886002	79.081223	79.206696	0.0	79.315384	79.401001	79.873947	79.182526	79.113892	78.974091	79.478989	79.06192	79.381668	79.263878	85.986153	79.728165	79.510895	79.288162	79.379288	79.398186	78.860153	79.388718	78.783813	79.25148	78.931305	79.459251	79.05835	79.101425	79.077309	79.197754	77.825638	79.034073	79.250046	78.911316	79.429642	78.784798	79.54734	79.268066	77.980087	78.943878	79.154709	79.052338	78.690552	78.704346	77.994873	78.795258	79.249359	80.356659	78.961487	84.977638	79.326355	78.770386	79.29335	79.083748	91.745842	78.601135	79.103455	79.11763	79.108757	80.656235	79.194382	79.174896	79.081665	79.341019	79.174789	79.385376	79.325043	78.816772	79.146553	81.830154	78.689438	82.35215	78.807419	79.311554	79.300781	79.341255
79.5588	79.043381	82.327942	78.182968	81.221924	80.913551	79.080994	78.531685	78.669662	78.824539	78.922325	100.0	79.629181	78.657791	78.836746	81.131821	79.98407	81.191147	79.021774	79.021072	78.845261	81.451935	81.047607	81.419861	80.750992	79.730652	78.848862	81.34819	80.8218	81.211227	78.496857	0.0	81.22937	81.072311	85.604675	81.58374	81.21814	79.754013	78.748718	79.032837	78.788261	81.06749	79.746964	79.472519	85.112961	78.745636	0.0	81.009521	81.151009	81.861031	81.100067	80.951775	86.732864	81.349777	79.529587	78.077057	81.105423	78.78833	79.392136	78.920067	78.648125	81.095909	81.036758	78.305992	81.063858	78.527168	78.787857	85.510124	81.171066	79.856216	79.006065	79.584351	80.864029	0.0	78.553131	80.900124	77.913589	81.448364	81.320023	78.544479	81.550591	77.759338	78.605011	79.606293	83.044128	77.967224	80.857567	77.826248	81.172226	79.143837	79.058502	79.605736	78.780403	81.037598	79.070282	81.113327	79.762871	78.888184	79.2929	80.63591	78.700195	79.679214	78.808693	83.21701	78.638062	79.937698	81.472954	80.749245	81.049103	80.855896	78.390739	78.596497	78.751503	81.551231	78.424026	78.46228	81.21917	81.052979	81.214294
82.755936	78.905685	79.843849	78.164108	80.495422	80.597443	79.219193	78.755096	78.909027	79.017532	79.077698	79.629181	100.0	78.775703	78.798676	80.556854	87.166794	80.483978	79.393661	78.861069	79.047806	80.450317	80.392525	80.449837	80.002792	84.732246	79.216393	80.41346	80.407318	80.675507	78.851883	0.0	80.544312	80.484169	79.42157	80.684357	80.405579	94.789825	78.911484	79.175514	78.965668	80.436134	87.222443	78.910782	79.531609	78.973434	0.0	80.34462	80.51413	80.183914	80.279686	80.35096	79.690674	80.463959	90.289047	78.396149	80.305611	78.91507	79.948654	79.010117	78.892723	80.376167	80.657356	78.491104	80.613022	78.646957	78.880264	79.586655	80.649841	83.127396	79.050247	82.838348	80.45961	0.0	78.901283	80.419518	77.981155	80.472145	79.636841	78.796753	80.390915	77.914642	78.756012	89.80191	79.797531	77.96933	79.482246	77.74559	79.550415	79.120995	79.004211	82.97168	79.023605	80.378952	79.361877	80.590729	83.2836	78.986008	79.86554	80.489037	78.872826	88.066742	78.907234	79.660873	78.638123	85.864868	80.339432	80.218742	80.597565	80.485596	78.453232	79.018639	78.981819	79.48996	78.811874	78.422485	80.52037	80.545624	80.302948
78.40683	78.829674	78.869827	78.179871	79.001465	78.987137	79.804581	78.816879	78.891052	78.714752	79.091591	78.657791	78.775703	100.0	83.570969	79.080017	78.773407	78.998901	78.426239	78.477013	79.063721	78.927536	78.945755	79.03476	78.946068	78.577492	78.919434	78.988914	78.90509	79.026939	78.679932	0.0	79.055603	78.907883	78.578316	79.272179	78.99884	78.926598	78.929276	79.120735	78.983658	78.921738	78.703934	78.536087	78.633881	78.97966	0.0	78.723892	78.968613	78.96032	78.798874	78.963242	78.695015	78.960571	78.712486	78.176964	78.905563	79.092308	79.150101	80.014336	78.609627	78.816589	79.057053	78.12796	79.045189	78.352921	79.778725	78.662567	78.943947	78.739502	78.270042	78.577606	78.982727	0.0	78.523827	79.144638	78.333679	78.826935	78.739288	78.727356	78.860481	77.828712	79.684044	78.683876	78.896484	78.239029	78.427597	77.542404	78.585846	78.513451	79.490074	78.438217	78.975471	78.905334	78.425797	79.080261	78.446335	79.012894	78.428139	78.802139	78.743713	78.764542	79.16478	78.81208	78.615967	78.789589	79.009239	78.825516	79.244049	78.836975	78.480911	78.501495	78.942551	78.48835	78.754913	78.426331	78.992569	78.796875	78.972046
78.630829	79.24025	78.851166	77.936333	79.245132	79.198341	80.130356	79.021233	79.106255	79.125153	79.415695	78.836746	78.798676	83.570969	100.0	79.39856	78.938599	79.24865	78.519852	78.447083	79.478012	79.217575	79.176842	79.217789	79.00882	78.801208	79.210808	79.11644	79.231186	79.38559	78.743843	0.0	79.220734	79.035797	78.823547	79.34491	79.33873	79.075523	79.019608	79.332748	79.088425	79.185043	78.726883	78.760132	78.852608	79.333923	0.0	79.075836	79.125549	79.452354	79.07048	79.104431	78.693924	79.186699	78.8461	78.242867	79.056473	79.217529	79.754997	80.365685	79.073776	79.221779	79.168503	78.492821	79.309563	78.605492	80.046738	78.669952	79.467545	78.887894	78.575066	78.696243	79.253372	0.0	78.444046	79.22081	78.874878	79.226921	78.858566	79.189537	79.096405	77.756866	79.954666	78.858978	78.867355	78.326851	78.83429	77.696701	78.973465	78.907089	80.141342	78.71727	79.083084	79.079025	78.442177	79.39856	78.890198	79.22084	78.328522	79.043396	78.893784	79.058716	79.897186	78.875183	79.355469	78.912956	79.211319	79.23233	79.296844	79.212212	78.661758	78.780289	79.25042	78.74678	78.846832	78.472511	79.205238	79.162399	79.216286
80.544724	79.25209	81.214325	78.296837	88.81221	89.124725	80.019615	79.224602	79.184204	79.441254	79.318176	81.131821	80.556854	79.080017	79.39856	100.0	81.523994	88.819061	79.885925	79.382523	79.427734	88.728127	90.421875	88.906143	86.926361	80.64695	79.914398	88.912682	87.625885	95.930092	79.207947	0.0	89.116989	88.815201	80.892029	82.820847	88.900391	80.804337	79.434158	79.370087	79.671677	88.373138	80.784332	79.742378	80.760979	79.531708	0.0	88.851562	88.810989	82.167221	90.323563	87.525848	80.997421	88.932121	80.510208	78.719437	88.663139	79.501144	80.787689	79.810295	79.234894	88.850616	92.354469	78.609718	91.739182	78.843903	79.212181	80.939407	96.004593	81.124748	79.506165	81.156723	88.354416	77.663857	79.176849	90.240471	77.925941	88.804749	81.617996	78.981049	88.675659	77.931549	79.503998	80.690292	81.14949	77.743164	82.168106	77.635887	81.60939	79.794525	79.628571	80.929565	79.291252	88.850929	79.812607	89.358109	81.106094	79.408981	80.037125	83.053589	79.377701	80.76458	79.751984	81.030167	79.185066	81.24614	88.670975	87.131256	89.45578	88.114838	78.945816	79.32576	79.518097	81.511017	79.034271	78.767563	88.841614	87.966095	88.842644
83.436539	79.160652	80.156937	78.269058	80.791763	81.242142	79.442642	78.941681	78.933105	79.109863	79.148499	79.98407	87.166794	78.773407	78.938599	81.523994	100.0	80.764404	79.617172	78.908333	79.147827	80.69194	80.846657	80.817657	80.38736	85.64389	79.353134	80.934814	80.607697	81.534195	79.018829	0.0	80.910225	80.772003	79.838814	81.010025	80.751953	88.447662	79.213104	79.424515	79.199142	80.828331	86.86972	79.179016	79.674789	79.075851	0.0	80.739967	80.841125	80.659958	80.769424	80.729736	79.879944	80.772911	87.324188	78.433495	80.648544	79.115044	79.991905	79.322617	78.97731	80.694176	81.398354	78.409813	81.183411	78.786621	79.052055	79.863251	81.10994	84.421585	79.271873	85.244263	80.623276	0.0	78.866074	80.76226	77.87085	80.798027	80.090996	78.636345	80.891022	77.822441	79.074142	87.11441	79.92691	77.777954	79.76149	77.687286	79.758621	79.231995	79.301926	83.634003	79.106827	80.806427	79.569145	81.061874	83.940231	79.205551	80.246582	80.628281	79.24855	90.034973	79.098785	79.923225	78.856255	87.771278	80.806305	80.781799	81.251816	80.765747	78.596024	78.952705	79.09671	79.907585	78.827805	78.558914	80.753998	80.872131	80.825989
80.301834	79.266335	81.040604	78.288635	99.998795	87.55864	79.867294	79.003387	78.984268	79.204613	79.253967	81.191147	80.483978	78.998901	79.24865	88.819061	80.764404	100.0	79.739807	79.139496	79.255646	98.165894	88.938835	93.234116	86.834839	80.501122	79.615501	92.691223	87.169006	88.879509	78.985245	0.0	91.562904	92.366547	80.852753	82.602936	94.387054	80.503281	79.222687	79.424469	79.43174	87.38195	80.460907	79.775589	80.661934	79.250931	0.0	93.717026	92.822128	81.792572	89.247383	87.405785	81.065628	93.193161	80.357254	78.483398	92.263031	79.167992	80.474426	79.638748	79.100014	92.750641	88.782318	78.346573	88.789108	78.768044	78.939072	80.744415	88.8508	80.779434	79.660782	80.603897	87.260399	77.65847	78.942123	88.856262	78.120224	93.233902	81.966141	78.860382	92.201599	77.779572	79.49588	80.445114	80.97744	77.866837	81.324448	77.577332	82.053497	79.342804	79.558823	80.981934	79.076828	93.686859	79.675827	88.044624	81.046021	79.3526	79.992081	83.016487	79.255211	80.406509	79.519669	80.94545	78.890228	80.699707	92.206902	86.823372	87.546005	87.05484	78.769714	79.035645	79.275497	81.782646	78.820511	78.5867	94.883896	87.762619	92.322601
79.402275	78.567719	79.159828	78.081528	79.755875	79.585693	78.836121	78.463013	78.319328	78.573364	78.812164	79.021774	79.393661	78.426239	78.519852	79.885925	79.617172	79.739807	100.0	78.624588	78.782898	79.664459	79.614983	79.739288	79.344276	79.531296	79.455673	79.724396	79.576126	79.884491	78.402069	0.0	79.792709	79.669159	78.897621	80.056679	79.733246	79.44091	78.828773	78.629326	78.983154	79.557266	79.507484	78.815063	78.972984	78.534439	0.0	79.759094	79.662537	79.699738	79.726028	79.504845	78.838196	79.690704	79.419876	78.059258	79.635162	78.894058	79.4552	78.539665	78.479095	79.5989	79.716057	78.152496	79.796593	78.362015	78.428543	78.947304	79.804649	79.727783	78.829559	79.507187	79.580765	0.0	78.183029	79.554672	77.728226	79.640602	78.893143	78.196274	79.713013	77.92614	78.486313	79.407379	79.206543	77.655037	78.793152	77.669617	78.994766	78.987411	78.792336	79.945877	78.738861	79.608498	99.158722	79.693939	79.977036	78.644943	80.117142	79.234818	78.709366	79.405418	78.600647	79.318619	78.14904	79.672531	79.690956	79.352768	79.73304	79.548424	78.351273	78.217667	78.929871	78.752907	78.54483	78.654037	79.66481	79.711082	79.727875
78.636414	78.790115	78.973862	78.363564	79.117523	79.117859	78.789902	79.564392	78.707619	78.924553	79.008926	79.021072	78.861069	78.477013	78.447083	79.382523	78.908333	79.139496	78.624588	100.0	79.116669	79.340073	79.322632	79.237747	79.122345	78.976257	79.391464	79.366669	79.312973	79.419662	78.722733	0.0	79.33316	79.18586	78.644394	79.481369	79.171654	79.031784	79.248428	78.896561	79.250259	79.072372	78.9133	82.959274	78.638649	79.178802	0.0	79.232986	79.132202	79.360847	79.352051	79.126022	78.590988	79.033058	78.852112	78.449615	78.978745	79.015198	79.56601	78.744553	78.630928	79.216034	79.386681	78.328003	79.425865	78.586258	78.380768	78.584137	79.321121	78.716858	87.047417	78.843674	79.31337	77.726494	78.63118	79.19281	77.936111	79.267456	78.611984	78.552193	79.368629	77.926682	78.367989	78.828522	78.881805	77.629623	78.530838	77.893349	78.594711	83.059631	78.719566	79.057098	78.991776	79.234283	78.546188	79.24749	78.994492	79.010155	78.438843	78.889847	79.801025	79.057655	78.687553	78.73069	78.735497	78.878098	79.418465	78.844475	79.159836	79.063263	79.415878	78.796623	79.238541	78.520645	78.854965	79.292534	79.211876	79.115341	79.357681
78.689262	80.140007	79.286118	78.602028	79.270454	79.329178	79.398605	79.077011	80.176407	87.316254	86.732132	78.845261	79.047806	79.063721	79.478012	79.427734	79.147827	79.255646	78.782898	79.116669	100.0	79.179749	79.231079	79.333488	79.033768	78.96447	80.272514	79.330078	79.268265	79.491806	79.105392	0.0	79.441483	79.188263	79.031265	79.851639	79.176605	79.252151	81.499352	80.374756	84.411743	79.308517	79.16275	79.158806	79.079041	79.25853	0.0	79.149635	79.263306	79.833008	79.150452	79.302658	78.84996	79.319733	78.986031	79.053085	79.20639	87.271408	79.703407	79.236938	79.112808	79.265884	79.33596	78.864227	79.330269	78.764633	79.268967	79.045189	79.435905	79.00061	79.30172	79.022141	79.250748	77.71479	79.059151	79.264999	79.063644	79.292404	78.999725	79.505424	79.146515	78.202057	78.994965	79.033913	79.149467	78.711334	78.57959	78.029434	78.784882	79.303452	80.714798	78.979355	85.994492	79.301216	78.713707	79.299728	79.222572	87.206772	78.620438	79.106689	79.184982	79.051514	80.618378	79.382324	79.00148	79.26297	79.243423	79.075119	79.468132	79.112907	78.544518	79.124992	82.069122	78.861404	82.878761	78.861877	79.210068	79.328888	79.255135
80.248413	79.293434	81.004181	78.193741	98.155334	87.495415	79.748184	79.154724	78.951904	79.249435	79.193558	81.451935	80.450317	78.927536	79.217575	88.728127	80.69194	98.165894	79.664459	79.340073	79.179749	100.0	88.957977	93.267204	86.914726	80.519539	79.596939	92.65361	87.210579	88.788559	78.959641	0.0	91.625183	92.322395	80.780518	82.604553	94.407227	80.532745	79.110596	79.422989	79.432518	87.426971	80.454124	79.797119	80.633743	79.261353	0.0	93.538612	92.809174	81.773041	89.438339	87.431984	80.985237	93.299957	80.288589	78.500107	92.277161	79.324303	80.467453	79.636398	79.049423	92.849434	88.739326	78.288025	88.756523	78.770828	78.977417	80.710678	88.803162	80.703949	79.85701	80.616516	87.303085	0.0	78.890633	88.719955	78.049179	93.215118	81.884308	78.84877	92.24308	77.747437	79.433746	80.381134	80.987694	77.864426	81.363945	77.727623	81.907303	79.403824	79.533264	80.846878	78.990433	93.489449	79.621964	87.993225	80.968079	79.351852	80.003098	82.986115	79.370193	80.353561	79.451324	80.842674	78.912743	80.767479	92.227448	86.781784	87.462288	87.042175	78.62323	78.986565	79.27626	81.80719	78.931885	78.627151	94.884094	87.701599	92.293167
80.41655	79.227493	81.049187	78.358429	88.963669	88.177383	79.945786	79.247498	79.184219	79.29245	79.330154	81.047607	80.392525	78.945755	79.176842	90.421875	80.846657	88.938835	79.614983	79.322632	79.231079	88.957977	100.0	89.070686	86.96077	80.633202	79.69899	89.027588	87.705399	90.561523	79.174438	0.0	89.279579	89.017349	80.992241	82.835823	89.173294	80.633125	79.42804	79.495117	79.475204	87.862106	80.673157	79.805244	80.667404	79.302338	0.0	89.121048	89.090858	81.865685	90.0476	87.609192	80.940521	89.099365	80.471092	78.714111	88.862274	79.26825	80.613342	79.69899	79.145416	88.900146	90.992355	78.616089	90.994186	78.922348	79.269424	80.942368	90.543076	80.828781	79.717819	80.72702	87.759453	0.0	79.040764	92.28978	77.905197	89.088577	81.60392	78.782639	88.895927	77.939758	79.484329	80.456772	81.024483	77.826302	81.201538	77.632271	81.580139	79.532768	79.436844	80.845863	79.119171	89.032524	79.603958	88.427444	81.079987	79.409996	79.737274	83.093384	79.248718	80.524063	79.499832	81.062355	78.964951	80.760056	88.895828	87.312225	88.211456	87.491959	78.892914	79.201843	79.290596	81.618546	78.894547	78.704178	89.058868	87.716629	88.963928
80.378174	79.443268	81.005142	78.169441	93.239395	87.632675	79.948013	79.067429	78.892807	79.283051	79.481339	81.419861	80.449837	79.03476	79.217789	88.906143	80.817657	93.234116	79.739288	79.237747	79.333488	93.267204	89.070686	100.0	86.934967	80.505684	79.742966	93.729828	87.328705	88.903008	79.060974	0.0	91.297211	92.849167	80.800758	82.659248	93.941574	80.601196	79.41066	79.583138	79.658096	87.400787	80.569962	79.68132	80.672699	79.317749	0.0	93.598412	93.534042	81.767319	89.495712	87.707794	81.041336	97.894653	80.458939	78.595116	94.012238	79.347755	80.584435	79.747139	78.975998	93.446617	88.869072	78.436844	88.938393	78.824402	79.016678	80.780495	88.89077	80.682655	79.540504	80.694321	87.467178	0.0	79.083099	88.923813	78.055893	97.89016	81.909706	78.745544	92.820053	77.856995	79.585495	80.521667	80.845825	77.838326	81.361328	77.591583	82.188751	79.492065	79.598755	80.894447	79.282295	93.057449	79.70723	88.021881	81.010971	79.224731	80.05394	83.058067	79.254799	80.541901	79.586876	81.106033	78.974426	80.739975	92.728821	86.895355	87.662949	87.120224	78.717453	79.061996	79.385048	81.780273	79.13681	78.751419	93.963135	87.753242	93.057121
80.109619	79.05899	80.664551	77.875595	86.836716	87.800705	79.790604	78.887459	78.940392	78.926468	79.082596	80.750992	80.002792	78.946068	79.00882	86.926361	80.38736	86.834839	79.344276	79.122345	79.033768	86.914726	86.96077	86.934967	100.0	80.203331	79.254753	86.870071	90.27858	87.018463	78.966881	0.0	87.173218	86.867874	80.579567	81.995346	87.135841	80.215744	79.043976	79.155403	79.169907	89.994637	80.249039	79.327782	80.294647	79.243431	0.0	86.753235	87.012909	81.309799	86.89167	89.638252	80.643311	86.885429	80.214279	78.483604	86.631462	79.011017	80.139069	79.479271	78.84079	86.801422	86.981361	78.311691	87.043549	78.660561	78.904037	80.494949	87.018372	80.278023	79.574104	80.208481	87.969902	0.0	78.713226	87.019691	78.017776	87.046921	81.315575	78.535965	87.086395	77.803551	79.328964	80.128052	80.723419	77.801544	80.899696	77.562897	81.281044	79.28347	79.170326	80.240845	78.997643	86.850273	79.348549	88.089813	80.468658	79.084671	79.434113	82.662407	79.130905	80.380463	79.141136	80.607841	78.894135	80.283188	87.206329	89.825958	87.674774	89.343552	78.580521	78.886787	79.068832	81.226181	78.555832	78.609131	86.975121	86.893585	87.011093
82.837868	79.079819	79.904274	78.452438	80.528015	80.511597	79.114136	78.692719	78.992569	78.97403	79.195724	79.730652	84.732246	78.577492	78.801208	80.64695	85.64389	80.501122	79.531296	78.976257	78.96447	80.519539	80.633202	80.505684	80.203331	100.0	79.305222	80.613235	80.559959	80.676979	79.075127	0.0	80.593048	80.554199	79.656982	80.790421	80.410744	84.947067	79.062531	79.153732	79.121033	80.460861	85.279297	78.949356	79.523773	78.838142	0.0	80.489113	80.638641	80.291885	80.461212	80.429932	79.725342	80.406998	84.763649	78.47998	80.363235	79.151588	79.925674	79.152863	78.884636	80.496307	80.648445	78.622589	80.65345	78.666412	78.830048	79.50885	80.686684	83.290627	79.071426	83.040527	80.566437	0.0	78.908539	80.548683	77.999878	80.5028	79.702126	78.765648	80.570618	77.953972	78.812851	84.809387	79.82016	77.971893	79.509903	77.720978	79.618019	79.201912	79.152184	83.687271	78.964554	80.43486	79.482414	80.592758	83.926376	79.116089	79.94519	80.38739	79.017509	85.019043	79.016129	79.85112	78.769531	85.664734	80.648926	80.340797	80.584259	80.338287	78.460358	78.861816	79.052414	79.620132	78.913803	78.596504	80.510529	80.514099	80.573334
78.961258	80.15802	79.191292	78.743713	79.596458	79.792053	79.629791	79.470428	80.512703	80.258545	80.241379	78.848862	79.216393	78.919434	79.210808	79.914398	79.353134	79.615501	79.455673	79.391464	80.272514	79.596939	79.69899	79.742966	79.254753	79.305222	100.0	79.736221	79.679001	79.955002	79.161011	0.0	79.737381	79.722214	78.850731	79.813988	79.670395	79.134888	80.832108	80.597748	80.656021	79.736618	79.278412	79.459366	78.762978	79.227829	0.0	79.66703	79.686165	79.66777	79.703613	79.495491	78.644653	79.725487	79.297241	79.816193	79.58448	80.522583	80.29435	79.686615	79.285248	79.684692	79.911636	78.70369	79.900543	79.008423	79.085052	78.813591	79.854782	79.271866	79.648544	79.111069	79.52829	77.701241	79.133095	79.816856	78.292511	79.71357	78.821777	79.079597	79.67215	78.284653	79.289635	79.210464	79.039337	78.435638	78.566666	78.27478	78.96685	79.59491	79.974533	79.438377	79.981857	79.673798	79.387535	79.879478	79.572418	80.298363	78.777924	79.26825	79.371231	79.298111	80.480858	79.167175	79.176147	79.187347	79.676727	79.397202	79.856674	79.522324	78.77475	79.244476	81.483826	78.75634	79.978592	79.02887	79.630875	79.486565	79.621414
80.414383	79.222244	81.106506	78.087952	92.722946	87.757141	80.07737	79.304657	79.125816	79.267731	79.436707	81.34819	80.41346	78.988914	79.11644	88.912682	80.934814	92.691223	79.724396	79.366669	79.330078	92.65361	89.027588	93.729828	86.870071	80.613235	79.736221	100.0	87.407104	89.04464	79.207291	0.0	91.109055	94.316315	80.864487	82.866287	93.279236	80.656616	79.118851	79.520523	79.47612	87.494812	80.536987	79.668114	80.724518	79.448547	0.0	93.804672	94.581245	81.988586	89.442123	87.611328	81.011803	93.6259	80.388603	78.560966	92.792862	79.296555	80.602234	79.666443	79.131668	94.031517	88.922821	78.445465	88.947937	78.918625	79.116501	80.955452	88.951248	80.753693	79.624741	80.504623	87.436859	0.0	79.203873	88.777992	78.157883	93.605515	81.866852	79.016869	94.162865	77.700554	79.577576	80.599907	81.089745	77.93132	81.48497	77.686668	82.182449	79.501633	79.601364	80.927773	79.316071	94.0979	79.700912	88.214439	81.118973	79.350388	79.856842	83.158226	79.292236	80.531616	79.42263	81.107666	78.955185	80.60537	94.198303	86.963654	87.687683	87.130341	78.820419	79.138557	79.453842	81.837021	78.965134	78.768913	93.206299	87.749641	94.439354
80.292313	79.162201	80.874512	78.084976	87.189194	88.160378	79.887184	79.023376	79.021667	79.270439	79.335106	80.8218	80.407318	78.90509	79.231186	87.625885	80.607697	87.169006	79.576126	79.312973	79.268265	87.210579	87.705399	87.328705	90.27858	80.559959	79.679001	87.407104	100.0	87.711349	79.099579	0.0	87.567162	87.298637	80.775734	82.406509	87.467316	80.537682	79.199936	79.396706	79.341171	92.837265	80.440521	79.522308	80.617577	79.403427	0.0	87.294418	87.489014	81.698303	87.302811	89.630188	80.928185	87.295639	80.319313	78.501923	87.215942	79.192093	80.303436	79.667694	78.961929	87.096649	87.596771	78.46553	87.575378	78.837189	79.045601	80.771172	87.622238	80.671219	79.505516	80.592384	89.039963	0.0	78.942596	87.7827	77.91893	87.453812	81.442444	78.726311	87.497864	77.635109	79.382019	80.339752	80.992752	77.767471	81.148758	77.693459	81.463455	79.401054	79.422302	80.554688	79.078598	87.26152	79.730682	88.483368	80.855309	79.143021	79.64415	82.978767	79.27536	80.53334	79.429474	80.843964	79.003113	80.782715	87.516022	92.373825	88.271973	91.482666	78.627365	79.177902	79.227386	81.433067	78.754242	78.594711	87.398071	87.432022	87.514961
80.524323	79.312027	81.191483	78.340805	88.889381	89.025978	80.021011	79.27784	79.260681	79.355171	79.395676	81.211227	80.675507	79.026939	79.38559	95.930092	81.534195	88.879509	79.884491	79.419662	79.491806	88.788559	90.561523	88.903008	87.018463	80.676979	79.955002	89.04464	87.711349	100.0	79.280685	0.0	89.223114	88.81723	80.966873	82.864784	89.027061	81.081772	79.36171	79.488815	79.712906	88.253387	80.879395	79.783875	80.686401	79.563141	0.0	88.888687	88.998871	82.094391	90.430313	87.594238	81.089737	88.995193	80.594223	78.665771	88.633301	79.381439	80.800858	79.896454	79.197113	88.884094	92.441528	78.615822	91.744438	78.911736	79.315277	80.968056	96.780914	81.11705	79.68605	81.289986	88.416534	77.516205	79.177322	90.424973	77.926598	88.898788	81.843246	78.879517	88.75824	77.887428	79.550858	80.680115	81.061562	77.747673	81.856812	77.617744	81.715317	79.739716	79.65062	81.009735	79.355331	88.901382	79.859726	89.310043	81.13269	79.403793	80.089813	83.169922	79.484627	80.774429	79.754028	81.056458	78.996872	81.351807	88.760651	87.347549	89.376793	88.047852	78.918747	79.367477	79.49762	81.69812	79.091187	78.812836	88.9478	87.961174	88.929382
78.600784	79.194283	78.782806	80.422058	79.016388	79.093246	79.249573	78.598038	78.90921	79.039688	79.061806	78.496857	78.851883	78.679932	78.743843	79.207947	79.018829	78.985245	78.402069	78.722733	79.105392	78.959641	79.174438	79.060974	78.966881	79.075127	79.161011	79.207291	79.099579	79.280685	100.0	0.0	79.328033	79.190262	78.507141	79.446518	79.005325	78.996811	79.287766	79.245399	79.307312	79.108246	78.915237	78.680756	78.675995	78.677513	0.0	79.022919	79.167496	79.231415	79.040207	78.880493	78.634193	78.981415	78.878189	78.665894	79.081589	78.926247	79.472137	79.326782	89.099045	79.099976	79.293892	80.665268	79.302673	88.052658	78.830643	78.34938	79.29882	78.939575	78.789116	78.778198	79.195679	79.251503	90.703865	79.105942	78.330727	79.052582	78.552536	88.548874	79.220139	79.690063	78.928177	79.07811	78.71814	78.378098	78.323814	79.891579	78.617371	78.867905	79.58313	79.029869	78.888947	79.145844	78.467316	79.353607	79.059273	79.028381	78.30014	79.17572	78.656357	79.045631	79.290451	78.757202	89.114044	79.009407	79.245544	79.078644	79.224106	79.008774	78.386864	89.717918	79.272331	78.491905	78.723984	78.357079	79.016037	79.083923	79.111649
0.0	0.0	0.0	0.0	0.0	0.0	0.0	0.0	0.0	0.0	0.0	0.0	0.0	0.0	0.0	0.0	0.0	0.0	0.0	0.0	0.0	0.0	0.0	0.0	0.0	0.0	0.0	0.0	0.0	0.0	0.0	100.0	0.0	0.0	0.0	0.0	0.0	0.0	0.0	0.0	0.0	0.0	0.0	0.0	0.0	0.0	0.0	0.0	0.0	0.0	0.0	0.0	0.0	0.0	0.0	0.0	0.0	0.0	0.0	0.0	0.0	0.0	0.0	0.0	0.0	0.0	0.0	0.0	0.0	0.0	0.0	0.0	0.0	0.0	0.0	0.0	0.0	0.0	0.0	0.0	0.0	0.0	0.0	0.0	0.0	0.0	0.0	0.0	0.0	0.0	0.0	0.0	0.0	0.0	0.0	0.0	0.0	0.0	0.0	0.0	0.0	0.0	0.0	0.0	0.0	0.0	0.0	0.0	0.0	0.0	0.0	0.0	0.0	0.0	0.0	0.0	0.0	0.0	0.0
80.40696	79.235992	81.160248	78.245789	91.569107	87.877655	80.124603	79.139709	79.157509	79.297928	79.278671	81.22937	80.544312	79.055603	79.220734	89.116989	80.910225	91.562904	79.792709	79.33316	79.441483	91.625183	89.279579	91.297211	87.173218	80.593048	79.737381	91.109055	87.567162	89.223114	79.328033	0.0	100.0	90.864288	80.946579	82.824524	91.564995	80.742149	79.399208	79.507202	79.612854	87.698219	80.813629	79.787964	80.828033	79.340073	0.0	91.282257	91.222771	82.097366	89.360382	87.773636	81.197418	91.344063	80.5952	78.606415	90.67598	79.313065	80.795776	79.866646	79.214806	91.121567	89.197128	78.54628	89.192513	78.902039	79.171875	80.92382	89.193588	80.815704	79.79155	80.68074	87.637527	0.0	79.252731	89.13797	78.123131	91.20636	81.852234	78.957092	90.803719	77.845398	79.751221	80.636398	81.06871	77.949692	81.39595	77.778206	82.148674	79.622871	79.553726	80.976311	79.169121	91.222702	79.664589	88.348541	81.156181	79.500099	79.868202	83.254044	79.35833	80.83168	79.530548	81.028015	79.068123	80.800766	90.773018	87.189095	87.876083	87.359749	78.866722	79.194733	79.409485	81.870987	79.007019	78.818199	91.709106	88.009422	90.853622
80.431046	79.292053	81.019821	78.128326	92.386139	87.625626	79.982285	79.085358	79.121216	79.236176	79.277184	81.072311	80.484169	78.907883	79.035797	88.815201	80.772003	92.366547	79.669159	79.18586	79.188263	92.322395	89.017349	92.849167	86.867874	80.554199	79.722214	94.316315	87.298637	88.81723	79.190262	0.0	90.864288	100.0	80.83847	82.656815	92.750656	80.528336	79.172379	79.383148	79.53019	87.382477	80.541092	79.787468	80.628067	79.316605	0.0	93.181244	93.988548	81.846115	89.18972	87.478516	80.856827	92.917328	80.381393	78.588043	92.457298	79.28447	80.55761	79.761055	79.001419	93.394402	88.823273	78.439667	88.780487	78.797195	79.021729	80.738625	88.893745	80.734703	79.543503	80.596436	87.359177	0.0	78.986008	88.681503	77.979012	92.794991	81.947495	78.674477	94.684723	77.660645	79.575676	80.510849	80.901405	77.811264	81.516273	77.625191	81.99453	79.475357	79.517914	80.868896	79.210938	93.57489	79.581596	88.077408	81.08429	79.365944	79.855133	82.976791	79.18251	80.474228	79.389877	80.943832	78.836525	80.705154	94.637329	86.980087	87.611259	87.206787	78.779289	78.976234	79.507782	81.810165	78.941429	78.715454	92.7061	87.69635	94.739731
