1736473.3	386.162	1703970.3	386.182	2583231.6	754521.3	754774.3	2590777.3	2267833.3	1736577.3	1378077.3	2817706.3	1752526.3	1736231.3	984260.6	1736312.3	1368417.4	2613770.3	29449.42	1523420.3	1986026.4	2919917.3	2067451.4	1368430.4	1907413.3	1523429.3	2726076.3	2806346.3	2845820.10	240521.3	1571470.3	1736428.3	2182425.3	379684.3	2171756.3	2937795.4	2819994.3	484088.4	2018689.3	386.180	384.1007	384.94	384.1004	216596.11	384.21	384.18	754523.3	384.432	1825933.3	395491.3	386.7	387.282	384.393	387.275	1703971.3	2731096.3	754764.3	395492.8	754762.3	1538159.10	29449.23	1328306.3	2731112.3	1981173.3	1138189.12	1138194.8	1223565.8	1138190.4	396.21	1432049.3	2035449.3	451876.4	293958.16	1144306.3	1312183.9	2048897.3	1041147.3	1841653.4	363754.4	398.4	2364271.4	398.16	1566260.3	698761.4	2028343.3	2653122.4	50338.5	538025.6	56730.16	1079460.3	2849093.3	2587071.3	990285.3	1500304.3	348824.49	1764276.3	1841654.4	1736592.3	2613771.3	2819997.3	2603277.3	1736357.3	1566263.3	391.9	2135652.3	1736380.3	1500301.3	2895568.3	887144.4	2813827.4	1435607.3	1335060.3	1120688.3	1532558.3	1907415.3	908946.3	2726075.3	398.14	1335060.80
100.0	77.743164	77.780899	77.866837	77.93924	77.83847	78.272789	78.421082	78.226677	78.543999	78.358337	78.378098	78.240601	78.479431	77.758476	78.266129	77.909889	78.363983	78.007675	78.153618	78.41571	78.530716	78.711334	78.690552	78.43837	78.420242	78.435638	78.494354	78.456322	78.557121	78.378311	77.629623	78.34967	80.090469	78.212898	78.431122	0.0	0.0	77.965759	77.864426	77.707489	77.825607	77.792191	77.93132	77.907799	77.794113	77.811264	77.846565	78.042404	78.105148	77.950546	77.932426	77.838326	77.813721	77.863235	77.897171	77.816162	77.748581	77.826302	77.882675	77.877029	77.946632	77.767471	77.747444	77.801544	77.763313	77.940582	78.001083	77.916718	77.836723	77.963821	98.880714	77.829132	78.027245	77.624947	78.049896	77.809586	77.971893	77.900322	77.839905	77.777954	77.85099	77.96933	78.050827	77.816483	78.009254	77.816101	77.549278	77.554367	77.587196	78.050613	77.700172	77.58979	77.879906	77.967224	78.252014	78.01709	77.877441	77.871712	77.655037	78.512985	77.477493	77.80455	78.01339	77.631233	78.030304	77.698135	77.747139	78.239578	78.500122	78.239029	78.326851	78.66745	78.084991	78.367325	78.021782	0.0	0.0	0.0
77.743164	100.0	95.999664	88.819061	88.810989	88.932121	78.977455	79.049782	79.184677	79.185066	79.32576	79.207947	79.176849	78.553917	77.635887	78.296837	77.931549	82.820847	82.167221	79.034271	79.671677	79.291252	79.427734	79.318176	79.441254	79.408981	79.914398	79.434158	79.518097	79.25209	79.370087	79.382523	80.787689	79.628571	80.019615	79.212181	79.812607	80.037125	89.053238	88.728127	88.766266	88.900391	88.841614	88.912682	88.675659	88.670975	88.815201	88.8573	88.850929	88.850616	88.816139	88.679306	88.906143	88.804749	96.004593	90.323563	91.739182	91.686401	90.421875	90.23671	88.400269	87.766052	87.625885	87.131256	86.926361	87.525848	87.966095	88.354416	89.418671	89.177902	89.358109	77.925941	80.929565	81.106094	80.544724	81.124748	81.156723	80.64695	81.24614	80.784332	81.523994	80.76458	80.556854	80.804337	80.510208	80.618195	81.60939	82.168106	81.617996	81.511017	83.053589	80.892029	80.939407	80.760979	81.131821	80.997421	81.214325	81.14949	81.030167	79.885925	79.501144	78.988922	78.767563	79.224602	79.32074	79.794525	79.742378	79.506165	78.719437	79.751984	79.080017	79.39856	79.810295	79.503998	79.184204	79.531708	77.663857	0.0	0.0
77.780899	95.999664	100.0	88.856079	88.84626	89.011284	78.978218	79.160301	79.126694	79.119591	79.219437	79.234497	79.16069	78.578949	77.827934	78.387436	77.977844	82.877151	82.058525	79.029503	79.694649	79.418915	79.461655	79.417915	79.363876	79.368301	79.879745	79.290298	79.513885	79.382401	79.507706	79.324287	80.828323	79.572578	79.922684	79.264221	79.806137	80.112076	89.136765	88.814598	88.863129	89.051117	88.937355	88.96431	88.814835	88.781616	88.898392	88.908745	88.924179	88.913086	88.8013	88.750587	88.908798	88.884201	99.993027	90.454147	91.694016	91.888947	90.51799	90.318604	88.901352	87.950317	87.623596	87.270752	87.057098	87.517769	88.543541	88.476944	89.884628	89.645416	89.712723	77.941162	80.875046	81.153061	80.624268	81.086807	80.862061	80.674286	80.935196	80.852539	81.065369	80.858643	80.661697	80.797485	80.607513	80.591774	81.646149	83.032104	81.695213	81.618713	83.172241	80.951019	80.925621	80.756973	81.213539	81.097458	81.26265	81.214188	81.212875	79.808723	79.318481	78.874237	78.851532	79.298096	79.4282	79.686752	79.672775	79.602913	78.662498	79.704453	78.906387	79.487564	79.839157	79.510574	79.20829	79.505295	77.562408	0.0	0.0
77.866837	88.819061	88.856079	100.0	92.822128	93.193161	78.677589	78.913208	78.955933	78.890228	79.035645	78.985245	78.942123	78.370911	77.577332	78.288635	77.779572	82.602936	81.792572	78.820511	79.43174	79.076828	79.255646	79.253967	79.204613	79.3526	79.615501	79.222687	79.275497	79.266335	79.424469	79.139496	80.474426	79.558823	79.867294	78.939072	79.675827	79.992081	91.462631	98.165894	97.913414	94.387054	94.883896	92.691223	92.201599	92.206902	92.366547	92.343399	93.686859	92.750641	93.546829	92.279045	93.234116	93.233902	88.8508	89.247383	88.789108	88.87915	88.938835	88.798828	87.400993	87.004875	87.169006	86.823372	86.834839	87.405785	87.762619	87.260399	87.49514	87.517281	88.044624	78.120224	80.981934	81.046021	80.301834	80.779434	80.603897	80.501122	80.699707	80.460907	80.764404	80.406509	80.483978	80.503281	80.357254	80.385025	82.053497	81.324448	81.966141	81.782646	83.016487	80.852753	80.744415	80.661934	81.191147	81.065628	81.040604	80.97744	80.94545	79.739807	79.167992	78.695724	78.5867	79.003387	79.107498	79.342804	79.775589	79.660782	78.483398	79.519669	78.998901	79.24865	79.638748	79.49588	78.984268	79.250931	77.65847	0.0	0.0
77.93924	88.810989	88.84626	92.822128	100.0	93.112549	78.878014	78.965302	79.077805	78.955811	79.067154	79.167496	79.068985	78.632584	77.617523	78.127274	77.908478	82.689911	81.945747	79.034058	79.535873	79.245026	79.263306	79.401001	79.417625	79.380585	79.686165	79.149231	79.452148	79.295975	79.648384	79.132202	80.519936	79.630051	80.045319	79.126801	79.723221	79.937927	91.157196	92.809174	92.79995	93.357895	93.167343	94.581245	94.105377	94.154121	93.988548	94.080093	94.286819	94.038574	93.866669	92.527771	93.534042	93.250015	88.856232	89.542526	88.939255	88.988052	89.090858	89.18129	87.467209	87.128334	87.489014	86.994759	87.012909	87.779495	87.800385	87.654129	87.594513	87.740692	88.151779	78.200485	80.852859	81.065315	80.338203	80.793785	80.629669	80.638641	80.743034	80.605019	80.841125	80.473167	80.51413	80.6586	80.317917	80.39505	82.110687	81.391418	81.958168	81.887939	83.040695	80.995918	80.882675	80.75528	81.151009	80.87764	81.091393	80.845116	80.987946	79.662537	79.30748	78.751495	78.744751	79.044128	79.138992	79.373703	79.847374	79.696777	78.547913	79.508011	78.968613	79.125549	79.762108	79.453217	79.089104	79.471481	77.618553	0.0	0.0
77.83847	88.932121	89.011284	93.193161	93.112549	100.0	78.687653	78.929703	78.92524	78.842743	79.033997	78.981415	79.009491	78.562271	77.535072	78.169205	77.848488	82.67514	81.785522	78.895996	79.586578	79.128654	79.319733	79.478989	79.294586	79.25058	79.725487	79.229935	79.455513	79.214729	79.59037	79.033058	80.445145	79.461563	79.838478	79.082649	79.65715	79.970512	91.197876	93.299957	93.223694	93.987221	94.00177	93.6259	92.91774	92.807869	92.917328	93.028976	93.15126	93.496574	93.705788	93.995758	97.894653	97.947678	88.99205	89.472771	88.943069	89.012268	89.099365	88.911057	87.402237	87.059845	87.295639	86.909225	86.885429	87.466118	87.789192	87.406876	87.524826	87.705139	88.060837	77.946915	80.772293	81.00502	80.434189	80.749893	80.627464	80.406998	80.679405	80.501724	80.772911	80.483521	80.463959	80.529221	80.327942	80.43399	82.143997	81.36319	81.920654	81.808868	83.053696	80.862747	80.848785	80.632645	81.349777	81.10994	80.962601	81.053314	80.908218	79.690704	79.319008	78.696373	78.712395	79.0746	79.231392	79.360947	79.749229	79.439697	78.614655	79.534813	78.960571	79.186699	79.691513	79.562881	79.007507	79.398621	77.350525	0.0	0.0
78.272789	78.977455	78.978218	78.677589	78.878014	78.687653	100.0	86.246246	86.868073	87.354965	88.00576	88.534355	88.394836	80.26947	79.578094	80.300438	79.597572	79.231514	78.958588	78.605637	79.080444	78.824966	79.018707	78.999512	78.78064	78.89682	79.055557	78.974319	79.02356	78.922256	79.054825	78.573776	79.178535	79.112839	78.984825	78.722488	78.15976	78.029251	78.87059	78.702553	78.681503	78.756622	78.657784	78.849365	78.735886	78.71344	78.814575	78.787064	78.624649	78.749886	78.725693	78.801636	78.687851	78.688286	78.923813	78.696243	78.96991	78.839447	78.764969	78.710724	78.680679	78.570183	78.787361	78.529556	78.519531	78.721085	78.675171	78.854965	78.825211	78.87748	78.914139	78.250145	78.765373	78.899612	78.525604	78.558258	78.965225	78.756844	78.625	78.703819	78.56366	78.674957	78.850616	78.839973	78.62706	78.697647	78.2108	78.280159	78.379623	78.270065	78.800354	78.470154	78.230446	78.360046	78.45726	78.485321	78.788223	78.579674	78.608932	78.227966	78.649033	78.110138	78.195786	78.375122	78.505356	78.745239	78.367661	78.390121	78.47953	78.837708	78.621063	78.582008	79.07222	78.59581	78.693527	78.404434	79.184906	0.0	0.0
78.421082	79.049782	79.160301	78.913208	78.965302	78.929703	86.246246	100.0	89.534775	87.972534	88.139519	88.300186	87.414078	80.395004	79.703804	80.560852	79.921364	79.02774	78.946106	78.606537	79.059784	79.001358	78.878281	78.971542	78.929039	78.938904	78.969437	79.167	79.142952	78.931778	79.09391	78.669647	79.365845	79.395889	79.008087	78.745338	78.680489	78.26532	79.006859	78.899918	78.81723	78.791412	78.916153	78.884071	78.947594	78.958603	78.784698	78.969925	78.812912	78.948761	78.992188	78.810265	78.955803	78.807304	79.181313	78.960739	78.924057	78.953957	78.83989	79.035828	78.946053	78.831482	78.791237	78.768166	78.682526	78.775856	78.737961	78.946426	78.90181	78.875397	78.851944	78.553947	78.726181	78.831268	78.581619	78.661835	78.672775	78.718231	78.89325	78.808975	78.91864	78.899643	78.667709	78.993225	78.729286	78.760727	78.521057	78.407318	78.62941	78.306107	79.023087	78.600014	78.516899	78.557388	78.685936	78.663292	78.728333	78.718063	78.697914	78.643051	78.898926	78.380585	78.39315	78.528488	78.497238	78.730675	78.390396	78.666473	78.505157	79.074921	78.294777	78.632217	79.038872	78.579529	78.875313	78.767929	79.477585	0.0	0.0
78.226677	79.184677	79.126694	78.955933	79.077805	78.92524	86.868073	89.534775	100.0	88.893921	88.96106	89.036697	88.122513	80.475464	79.73233	80.554932	79.73304	79.359497	79.239159	78.6745	79.11277	78.87925	79.009399	79.380676	78.838173	79.050247	79.207947	79.001152	79.198616	79.040268	79.170807	78.700371	79.472397	79.536018	79.069267	78.867798	78.3405	78.216331	79.109344	79.017807	78.984772	78.986755	78.980408	79.099052	79.107376	79.197586	79.034409	78.953537	78.920822	78.9534	78.998657	78.957214	78.998322	78.9245	79.156883	79.046646	79.178978	79.097885	79.302483	79.200745	79.035881	78.941223	79.069229	78.912445	78.784126	78.895844	79.170532	79.195374	79.107117	79.098419	79.134048	78.296844	78.888039	79.037437	78.632568	79.016853	78.801926	78.844833	79.083778	78.957962	78.998253	79.01107	78.837967	78.982468	78.908096	78.833649	78.552551	78.542526	78.624466	78.464874	78.98597	78.486786	78.575684	78.647598	78.68721	78.407455	78.767532	78.816864	78.84462	78.376572	79.056885	78.304535	78.279312	79.091003	78.579437	78.951202	78.641022	78.566795	78.506989	79.331421	78.550461	78.694008	79.286026	78.754715	78.870026	79.57637	79.138077	0.0	0.0
78.543999	79.185066	79.119591	78.890228	78.955811	78.842743	87.354965	87.972534	88.893921	100.0	91.369797	89.114044	88.51442	80.27533	79.681671	80.402496	79.541176	79.310585	79.162567	78.768204	79.124008	78.815216	79.00148	79.174896	78.888489	78.991119	79.176147	79.094269	79.187912	79.050591	78.943314	78.735497	79.465736	79.280365	79.014404	78.776192	78.15976	78.104095	79.108047	78.912743	78.825058	79.020752	78.908783	78.955185	78.996086	79.143196	78.836525	79.05452	78.812347	79.091408	78.72374	78.904434	78.974426	79.015457	79.11235	78.98748	79.031921	78.99086	78.964951	79.015694	78.922455	78.827446	79.003113	78.798485	78.894135	78.858444	79.012108	78.956963	78.946136	78.972107	79.044258	78.451263	78.838257	78.801102	78.614838	78.641945	78.623917	78.769531	78.818573	78.754242	78.856255	78.677292	78.638123	78.745132	78.687332	78.775238	78.425339	78.286263	78.426086	78.351852	78.924225	78.43428	78.336311	78.478485	78.638062	78.657494	78.737457	78.712677	78.734055	78.14904	78.826935	78.165176	78.415207	78.562325	78.547455	78.867218	78.58699	78.651123	78.600853	79.320595	78.615967	79.355469	79.251923	78.802727	78.658646	79.343872	79.284378	0.0	0.0
78.358337	79.32576	79.219437	79.035645	79.067154	79.033997	88.00576	88.139519	88.96106	91.369797	100.0	89.717918	89.251877	80.451736	79.840515	80.588097	79.928589	79.463501	79.357407	78.694176	79.242249	78.939377	79.124992	79.146553	78.94413	79.219757	79.244476	79.09758	79.193542	79.071075	79.532936	78.796623	79.685577	79.606949	79.219177	78.979279	78.319534	78.413132	79.201508	78.986565	78.957428	79.061516	78.993286	79.138557	79.159546	79.104645	78.976234	79.158081	79.046844	79.134018	78.919189	78.970345	79.061996	78.974167	79.204788	79.158951	79.36055	79.384064	79.201843	79.160004	79.222168	79.18853	79.177902	78.984192	78.886787	79.094879	79.224487	79.080154	79.39183	79.263649	79.296951	78.392899	78.936989	79.073311	78.820839	78.934967	78.779327	78.861816	78.945435	78.848755	78.952705	78.985329	79.018639	79.009827	78.906265	78.721603	78.544006	78.413971	78.609695	78.533287	79.030594	78.653587	78.651337	78.461304	78.596497	78.633911	79.012245	78.822601	78.926422	78.217667	79.057892	78.218323	78.422287	78.654869	78.690781	78.942291	78.723137	78.664101	78.723709	79.254227	78.501495	78.780289	79.424698	78.930222	78.948669	78.608147	79.300011	0.0	0.0
78.378098	79.207947	79.234497	78.985245	79.167496	78.981415	88.534355	88.300186	89.036697	89.114044	89.717918	100.0	90.703865	80.566864	79.891579	80.422058	79.690063	79.446518	79.231415	78.723984	79.307312	78.888947	79.105392	79.061806	79.039688	79.028381	79.161011	79.287766	79.272331	79.194283	79.245399	78.722733	79.472137	79.58313	79.249573	78.830643	78.467316	78.30014	79.289642	78.959641	78.965698	79.005325	79.016037	79.207291	79.220139	79.245544	79.190262	79.206642	79.145844	79.099976	79.006683	79.125191	79.060974	79.052582	79.29882	79.040207	79.302673	79.298569	79.174438	79.13031	79.099319	79.082748	79.099579	79.078644	78.966881	78.880493	79.083923	79.195679	79.164223	79.225296	79.353607	78.330727	79.029869	79.059273	78.600784	78.939575	78.778198	79.075127	79.009407	78.915237	79.018829	79.045631	78.851883	78.996811	78.878189	78.772903	78.617371	78.323814	78.552536	78.491905	79.17572	78.507141	78.34938	78.675995	78.496857	78.634193	78.782806	78.71814	78.757202	78.402069	78.926247	78.246063	78.357079	78.598038	78.619362	78.867905	78.680756	78.789116	78.665894	79.290451	78.679932	78.743843	79.326782	78.928177	78.90921	78.677513	79.251503	0.0	0.0
78.240601	79.176849	79.16069	78.942123	79.068985	79.009491	88.394836	87.414078	88.122513	88.51442	89.251877	90.703865	100.0	80.363152	79.669128	80.479195	79.794365	79.325821	79.106232	78.814209	79.129517	78.867157	79.059151	79.034073	78.850136	78.993469	79.133095	79.128357	79.081116	78.879761	79.073883	78.63118	79.371994	79.377838	79.1353	78.756882	78.167213	78.134026	79.116676	78.890633	78.928764	79.106834	78.924416	79.203873	79.097946	79.120956	78.986008	79.185699	79.069916	78.908646	78.974625	79.027618	79.083099	78.982086	79.184875	78.854103	79.118332	79.047577	79.040764	79.025406	78.955338	79.082634	78.942596	78.901451	78.713226	78.913483	78.979752	78.98613	79.04644	79.047585	79.183258	78.380203	78.907402	78.994232	78.516907	78.815552	78.718582	78.908539	78.792931	78.865738	78.866074	78.756226	78.901283	79.022606	78.702637	78.897003	78.473045	78.350456	78.432678	78.374084	79.033447	78.491455	78.435944	78.49028	78.553131	78.553894	78.839882	78.702126	78.628937	78.183029	78.914093	78.31942	78.312973	78.489906	78.498352	78.980209	78.650757	78.635971	78.834915	79.116089	78.523827	78.444046	79.139099	78.855331	78.771515	78.583557	79.15123	0.0	0.0
78.479431	78.553917	78.578949	78.370911	78.632584	78.562271	80.26947	80.395004	80.475464	80.27533	80.451736	80.566864	80.363152	100.0	80.073074	80.78479	80.056152	78.866081	78.745377	78.626038	78.756241	78.548553	78.782867	78.81707	78.845596	78.768921	78.734779	78.63781	78.548676	78.843643	78.86972	78.393295	78.791939	79.013718	78.453796	78.800629	78.141434	78.207367	78.4366	78.451553	78.355606	78.270554	78.30349	78.533768	78.492935	78.534157	78.429108	78.49678	78.707344	78.603569	78.498978	78.500763	78.560638	78.38343	78.595078	78.387436	78.627884	78.601936	78.62748	78.617058	78.608429	78.497719	78.490044	78.37355	78.386078	78.312263	78.671036	78.508904	78.616089	78.701302	78.660278	78.405563	78.372765	78.612076	78.236969	78.50589	78.45105	78.641968	78.519714	78.507584	78.518333	78.550232	78.504837	78.447678	78.42598	78.526657	78.190445	78.127342	78.361565	78.13121	78.687706	78.549316	78.342789	78.486908	78.339325	78.430817	78.798981	78.663452	78.640984	78.129189	78.465439	78.198196	78.203331	78.133759	78.243408	78.508034	78.310898	78.443695	78.326767	78.635376	78.317673	78.349533	78.77858	78.422745	78.602905	78.182648	78.901718	0.0	0.0
77.758476	77.635887	77.827934	77.577332	77.617523	77.535072	79.578094	79.703804	79.73233	79.681671	79.840515	79.891579	79.669128	80.073074	100.0	82.874001	82.721283	78.092461	78.070641	77.743752	78.054749	77.720749	78.029434	77.994873	77.863831	77.911301	78.27478	78.069511	77.909004	77.890465	77.93795	77.893349	77.783432	78.062225	77.785995	77.837036	77.637787	77.539345	77.802246	77.727623	77.744064	77.651207	77.688553	77.686668	77.669418	77.652374	77.625191	77.562958	77.707855	77.761322	77.814621	77.500587	77.591583	77.589157	77.788933	77.636993	77.615219	77.540268	77.632271	77.577415	77.361374	77.6437	77.693459	77.525848	77.562897	77.613045	77.661209	77.768852	77.633377	77.550537	77.603195	77.969376	77.744247	77.939903	77.519882	77.738144	77.749573	77.720978	77.703583	77.656448	77.687286	77.873413	77.74559	77.721054	77.556656	77.707153	77.328667	77.461227	77.549774	77.487045	77.692856	77.701248	77.707413	77.680878	77.826248	77.783958	77.889587	77.775177	77.844955	77.669617	77.794769	77.378731	77.828026	77.655403	78.064201	77.71553	77.564972	77.891266	77.835693	77.787872	77.542404	77.696701	77.874161	77.495567	77.883026	77.388588	79.140793	0.0	0.0
78.266129	78.296837	78.387436	78.288635	78.127274	78.169205	80.300438	80.560852	80.554932	80.402496	80.588097	80.422058	80.479195	80.78479	82.874001	100.0	83.252129	78.799759	78.651291	78.278412	78.578094	78.441238	78.602028	78.527	78.471237	78.481438	78.743713	78.566277	78.574173	78.377625	78.50975	78.363564	78.497177	78.665764	78.304108	78.457932	78.023895	77.903938	78.263115	78.193741	78.118858	78.064758	78.001175	78.087952	78.224052	78.112091	78.128326	78.312469	78.197845	78.290733	77.970352	78.037376	78.169441	78.159714	78.358704	78.23703	78.25634	78.291893	78.358429	78.162033	78.17865	78.106743	78.084976	78.06752	77.875595	78.025139	78.142685	78.187256	78.365242	78.080917	78.178101	78.347603	78.192963	78.468277	78.072449	78.108856	78.190109	78.452438	78.217751	78.170639	78.269058	78.19516	78.164108	78.390854	78.125847	78.2061	77.839775	77.888763	78.027069	77.739532	78.386414	78.1418	77.959435	78.083069	78.182968	78.081535	78.449959	78.353394	78.519478	78.081528	78.398598	78.110657	78.230156	78.338013	78.310959	78.275703	78.033165	78.339302	78.340073	78.362915	78.179871	77.936333	78.343964	78.054245	78.182755	77.700325	79.296242	0.0	0.0
77.909889	77.931549	77.977844	77.779572	77.908478	77.848488	79.597572	79.921364	79.73304	79.541176	79.928589	79.690063	79.794365	80.056152	82.721283	83.252129	100.0	78.248856	78.082642	78.016319	77.983475	77.958488	78.202057	77.980087	78.04203	78.085938	78.284653	78.169952	78.142181	78.022308	78.091888	77.926682	78.073639	78.129143	77.958313	77.854782	77.817108	77.641693	77.952988	77.747437	77.744522	77.701187	77.712479	77.700554	77.76799	77.793335	77.660645	77.75592	77.832184	77.810165	77.905106	77.814911	77.856995	77.73896	77.992035	77.769623	77.826172	77.917389	77.939758	77.864929	77.693588	77.877136	77.635109	77.63884	77.803551	77.772842	77.773422	77.803421	77.916824	77.894836	77.79557	77.969681	77.984406	77.939529	77.736908	77.875961	77.812012	77.953972	77.855225	77.801956	77.822441	77.912598	77.914642	77.996796	77.819855	77.895767	77.62854	77.572784	77.609436	77.510628	77.777679	77.988937	77.773674	78.024765	77.759338	77.778381	78.087265	78.04715	78.113121	77.92614	78.07074	77.648094	77.865494	77.714066	77.812767	77.739792	77.647354	77.893753	77.972931	77.908417	77.828712	77.756866	77.945663	77.758148	77.886108	77.679733	78.989838	0.0	0.0
78.363983	82.820847	82.877151	82.602936	82.689911	82.67514	79.231514	79.02774	79.359497	79.310585	79.463501	79.446518	79.325821	78.866081	78.092461	78.799759	78.248856	100.0	83.123505	79.223755	79.908737	79.600464	79.851639	79.623077	79.754181	79.789993	79.813988	79.744583	79.733185	79.671692	79.880074	79.481369	80.698181	80.01445	80.045158	79.617683	79.979462	80.177834	82.983467	82.604553	82.572632	82.739868	82.638229	82.866287	82.587982	82.654259	82.656815	82.695892	82.717743	82.674896	82.619553	82.58139	82.659248	82.680786	82.917709	82.577293	82.793991	82.902527	82.835823	82.573837	82.539352	82.455261	82.406509	82.341614	81.995346	82.533112	82.669281	82.490372	82.683273	82.629616	82.760391	78.31646	81.030762	81.242302	80.410904	80.80954	80.703018	80.790421	81.037079	80.975098	81.010025	80.913483	80.684357	80.877426	80.848953	80.77002	82.648094	82.086929	82.728271	82.6073	82.590561	81.558212	81.549011	81.501869	81.58374	81.553146	82.023964	81.973167	82.005142	80.056679	79.763138	78.983994	79.020721	79.381195	79.533981	79.900597	79.63205	79.730942	78.740623	79.59169	79.272179	79.34491	79.799484	79.462807	79.494675	79.541161	77.984253	0.0	0.0
78.007675	82.167221	82.058525	81.792572	81.945747	81.785522	78.958588	78.946106	79.239159	79.162567	79.357407	79.231415	79.106232	78.745377	78.070641	78.651291	78.082642	83.123505	100.0	79.181175	79.76326	79.480347	79.833008	79.873947	79.564011	79.67627	79.66777	79.245079	79.749359	79.453949	79.541298	79.360847	80.3703	79.710052	79.76268	79.621307	79.74086	79.855316	81.896729	81.773041	81.720009	81.892159	81.841537	81.988586	81.944214	81.845169	81.846115	81.814545	81.827026	81.74987	81.892601	81.834457	81.767319	81.839523	82.071396	81.817184	82.100723	82.052521	81.865685	81.840233	81.804825	81.63942	81.698303	81.446014	81.309799	81.621689	81.754944	81.688461	81.916161	81.910477	81.832291	78.543701	80.513397	80.80127	80.003433	80.391068	80.210342	80.291885	80.600807	80.484566	80.659958	80.378754	80.183914	80.370415	80.268738	80.223709	81.038376	80.707718	81.097214	81.024826	81.488419	82.126358	82.214233	81.938309	81.861031	81.919495	83.597267	83.069641	83.010635	79.699738	79.668243	78.87561	78.955513	79.246803	79.413803	79.587357	79.479012	79.391724	78.720451	79.660568	78.96032	79.452354	79.717041	79.215836	79.242386	79.580307	77.947617	0.0	0.0
78.153618	79.034271	79.029503	78.820511	79.034058	78.895996	78.605637	78.606537	78.6745	78.768204	78.694176	78.723984	78.814209	78.626038	77.743752	78.278412	78.016319	79.223755	79.181175	100.0	82.62709	82.18605	82.878761	82.35215	82.552643	82.58461	79.978592	80.996086	81.208511	79.672226	79.895905	78.854965	79.396515	80.020828	79.124939	78.914581	78.476257	78.321442	79.015572	78.931885	78.97438	79.002556	78.936813	78.965134	78.954849	79.018066	78.941429	78.994598	78.870255	78.857071	78.877342	78.911858	79.13681	78.808762	79.005257	79.031998	79.04364	79.112427	78.894547	78.903275	78.807495	78.764282	78.754242	78.643005	78.555832	78.81073	78.961441	78.902443	78.935089	78.975311	78.879311	78.27034	78.785599	78.870842	78.477791	78.662384	78.547485	78.913803	78.711754	78.871902	78.827805	78.744301	78.811874	78.746941	78.754456	78.844254	78.486542	78.271896	78.601898	78.429581	78.793137	78.500076	78.524902	78.635635	78.424026	78.471222	78.889984	78.953903	78.801773	78.54483	82.439125	78.348938	78.411278	78.790733	78.668266	78.925156	78.835236	78.893005	79.105301	79.78981	78.754913	78.846832	78.903336	78.715706	79.706398	78.763489	77.794586	0.0	0.0
78.41571	79.671677	79.694649	79.43174	79.535873	79.586578	79.080444	79.059784	79.11277	79.124008	79.242249	79.307312	79.129517	78.756241	78.054749	78.578094	77.983475	79.908737	79.76326	82.62709	100.0	83.396721	84.411743	83.868248	83.940376	83.945526	80.656021	81.614365	82.005661	80.187088	80.499481	79.250259	79.973587	80.364639	79.552658	79.249893	78.898453	78.650772	79.605743	79.432518	79.492096	79.453857	79.435081	79.47612	79.450775	79.412514	79.53019	79.568497	79.545593	79.536423	79.450424	79.458557	79.658096	79.568535	79.70459	79.293411	79.494781	79.575394	79.475204	79.416473	79.387398	79.263924	79.341171	79.254425	79.169907	79.192009	79.319397	79.40062	79.410522	79.597527	79.612175	78.409149	79.095001	79.396294	78.79567	79.108475	78.884827	79.121033	79.053818	79.121651	79.199142	78.987976	78.965668	79.156036	79.145187	79.057022	78.761208	78.659775	78.964142	78.825348	79.156219	78.882095	78.792877	78.916023	78.788261	78.93824	79.269371	79.030357	79.070114	78.983154	83.973305	78.715645	78.789925	78.979271	79.01712	79.52301	79.346909	79.292793	79.323288	80.325729	78.983658	79.088425	79.257019	79.001892	80.30925	79.325813	77.876663	0.0	0.0
78.530716	79.291252	79.418915	79.076828	79.245026	79.128654	78.824966	79.001358	78.87925	78.815216	78.939377	78.888947	78.867157	78.548553	77.720749	78.441238	77.958488	79.600464	79.480347	82.18605	83.396721	100.0	85.994492	84.977638	85.041771	85.092216	79.981857	81.230118	81.505173	79.863319	80.176468	78.991776	79.634323	79.731186	79.298416	78.934883	78.72184	78.502167	79.231888	78.990433	79.032425	79.13623	79.120399	79.316071	79.199265	79.242767	79.210938	79.227249	79.192139	79.314407	79.068031	79.157166	79.282295	79.277588	79.333092	79.153397	79.343903	79.486565	79.119171	79.238144	79.138374	79.183922	79.078598	78.913071	78.997643	79.262383	79.18985	79.201416	79.354332	79.227859	79.181274	78.606354	78.976257	79.104675	78.729996	78.901871	78.952423	78.964554	78.993591	78.964882	79.106827	79.154594	79.023605	79.119644	79.086258	79.028931	78.756348	78.701157	78.625961	78.566437	78.89711	78.874367	78.842506	78.811798	78.780403	78.888184	79.084137	78.954483	79.057846	78.738861	87.721222	78.478966	78.665314	78.733383	78.873383	79.329048	79.066391	79.207169	79.112671	80.017914	78.975471	79.083084	79.174515	79.08371	79.930473	79.068069	77.875504	0.0	0.0
78.711334	79.427734	79.461655	79.255646	79.263306	79.319733	79.018707	78.878281	79.009399	79.00148	79.124992	79.105392	79.059151	78.782867	78.029434	78.602028	78.202057	79.851639	79.833008	82.878761	84.411743	85.994492	100.0	86.732132	87.316254	87.206772	80.272514	81.499352	82.069122	80.140007	80.374756	79.116669	79.703407	80.714798	79.398605	79.268967	78.713707	78.620438	79.385437	79.179749	79.177467	79.176605	79.210068	79.330078	79.146515	79.243423	79.188263	79.240959	79.301216	79.265884	79.249084	79.323502	79.333488	79.292404	79.435905	79.150452	79.330269	79.406181	79.231079	79.403526	79.217522	79.118637	79.268265	79.075119	79.033768	79.302658	79.328888	79.250748	79.306419	79.258331	79.299728	79.063644	78.979355	79.222572	78.689262	79.00061	79.022141	78.96447	79.26297	79.16275	79.147827	79.051514	79.047806	79.252151	78.986031	78.970535	78.784882	78.57959	78.999725	78.861404	79.106689	79.031265	79.045189	79.079041	78.845261	78.84996	79.286118	79.149467	79.382324	78.782898	87.271408	78.567345	78.861877	79.077011	79.191216	79.303452	79.158806	79.30172	79.053085	80.618378	79.063721	79.478012	79.236938	78.994965	80.176407	79.25853	77.71479	0.0	0.0
78.690552	79.318176	79.417915	79.253967	79.401001	79.478989	78.999512	78.971542	79.380676	79.174896	79.146553	79.061806	79.034073	78.81707	77.994873	78.527	77.980087	79.623077	79.873947	82.35215	83.868248	84.977638	86.732132	100.0	91.369171	91.745842	80.241379	81.311691	81.830154	80.14621	80.435135	79.008926	79.728165	80.356659	79.281242	79.25148	78.770386	78.601135	79.387672	79.193558	79.325012	79.37262	79.311554	79.436707	79.268066	79.341019	79.277184	79.317619	79.326355	79.379288	79.143959	79.396164	79.481339	79.429642	79.459251	79.182526	79.388718	79.53862	79.330154	79.21257	79.343643	79.36377	79.335106	79.174789	79.082596	79.113892	79.300781	79.197754	79.376968	79.407074	79.29335	78.911316	78.961487	79.083748	78.7491	79.05835	79.077309	79.195724	79.081665	79.136597	79.148499	79.108757	79.077698	79.166191	79.06192	79.070251	78.795258	78.704346	78.784798	78.689438	79.103455	78.918808	78.931305	79.081223	78.922325	78.974091	79.217178	79.052338	79.194382	78.812164	85.986153	78.801285	78.807419	79.178101	79.115051	79.249359	78.886002	79.101425	79.381668	80.656235	79.091591	79.415695	79.510895	78.943878	80.12796	79.206696	77.825638	0.0	0.0
78.43837	79.441254	79.363876	79.204613	79.417625	79.294586	78.78064	78.929039	78.838173	78.888489	78.94413	79.039688	78.850136	78.845596	77.863831	78.471237	78.04203	79.754181	79.564011	82.552643	83.940376	85.041771	87.316254	91.369171	100.0	93.165924	80.258545	81.291267	81.570251	80.068619	80.265137	78.924553	79.525375	80.1707	79.125443	79.186127	78.654884	78.487518	79.373642	79.249435	79.270721	79.185715	79.272301	79.267731	79.278183	79.231415	79.236176	79.371262	79.231247	79.269577	79.216606	79.250702	79.283051	79.286377	79.383865	79.16687	79.424271	79.437088	79.29245	79.183472	79.389	79.094963	79.270439	78.97406	78.926468	79.171288	79.133392	79.154678	79.23954	79.232948	79.092278	78.400452	78.987701	79.043335	78.711868	78.91449	78.891838	78.97403	79.031555	78.93222	79.109863	78.990944	79.017532	79.010811	78.946152	78.834595	78.675247	78.363144	78.710266	78.614288	79.128021	78.855026	78.964142	78.805862	78.824539	78.816681	79.205299	79.041725	79.096008	78.573364	86.346069	78.546143	78.623932	78.702454	78.983215	79.292809	78.944855	79.169914	79.037674	80.207504	78.714752	79.125153	79.158218	78.846466	79.949173	78.989449	78.055084	0.0	0.0
78.420242	79.408981	79.368301	79.3526	79.380585	79.25058	78.89682	78.938904	79.050247	78.991119	79.219757	79.028381	78.993469	78.768921	77.911301	78.481438	78.085938	79.789993	79.67627	82.58461	83.945526	85.092216	87.206772	91.745842	93.165924	100.0	80.298363	81.252747	81.711693	80.221283	80.403305	79.010155	79.687668	80.299026	79.18544	79.272682	78.666069	78.482803	79.41156	79.351852	79.388474	79.345268	79.289032	79.350388	79.3172	79.267464	79.365944	79.323944	79.334686	79.353302	79.273476	79.379135	79.224731	79.30941	79.3983	79.213943	79.366882	79.423111	79.409996	79.34111	79.214935	79.259171	79.143021	79.031174	79.084671	79.273552	79.299362	79.29985	79.394493	79.477951	79.454559	78.475555	79.088554	79.160927	78.836411	79.034821	78.940338	79.116089	79.104172	79.213562	79.205551	79.091339	78.986008	79.043091	78.96196	78.955566	78.915382	78.65181	78.794922	78.710526	79.156891	79.050156	79.016678	78.947861	78.888184	78.86853	79.288223	79.116043	79.248901	78.644943	86.234612	78.518311	78.702393	78.79393	79.010986	79.308182	79.054306	79.208939	79.301636	80.189903	79.012894	79.22084	79.317612	78.961075	80.130722	79.221405	78.130798	0.0	0.0
78.435638	79.914398	79.879745	79.615501	79.686165	79.725487	79.055557	78.969437	79.207947	79.176147	79.244476	79.161011	79.133095	78.734779	78.27478	78.743713	78.284653	79.813988	79.66777	79.978592	80.656021	79.981857	80.272514	80.241379	80.258545	80.298363	100.0	80.832108	81.483826	80.15802	80.597748	79.391464	80.29435	79.974533	79.629791	79.085052	79.387535	78.777924	79.726624	79.596939	79.59082	79.670395	79.630875	79.736221	79.67215	79.676727	79.722214	79.612488	79.673798	79.684692	79.942154	79.650528	79.742966	79.71357	79.854782	79.703613	79.900543	79.914413	79.69899	79.753998	79.6297	79.558357	79.679001	79.397202	79.254753	79.495491	79.486565	79.52829	79.753433	79.832901	79.879478	78.292511	79.438377	79.572418	78.961258	79.271866	79.111069	79.305222	79.187347	79.278412	79.353134	79.298111	79.216393	79.134888	79.297241	79.206497	78.96685	78.566666	78.821777	78.75634	79.26825	78.850731	78.813591	78.762978	78.848862	78.644653	79.191292	79.039337	79.167175	79.455673	80.522583	78.735741	79.02887	79.470428	80.133179	79.59491	79.459366	79.648544	79.816193	80.480858	78.919434	79.210808	79.686615	79.289635	80.512703	79.227829	77.701241	0.0	0.0
78.494354	79.434158	79.290298	79.222687	79.149231	79.229935	78.974319	79.167	79.001152	79.094269	79.09758	79.287766	79.128357	78.63781	78.069511	78.566277	78.169952	79.744583	79.245079	80.996086	81.614365	81.230118	81.499352	81.311691	81.291267	81.252747	80.832108	100.0	87.377411	80.19455	80.332245	79.248428	79.818611	79.518509	79.414536	79.028633	78.8647	78.646469	79.409912	79.110596	79.093567	79.196716	79.250954	79.118851	79.262207	79.257843	79.172379	79.246315	79.190559	79.228004	79.259041	79.257172	79.41066	79.373169	79.379395	79.274155	79.431961	79.404373	79.42804	79.240189	79.178955	79.152725	79.199936	79.212296	79.043976	79.16069	79.233322	79.221786	79.39653	79.270065	79.34343	78.40535	79.236786	79.33596	78.781631	79.021751	78.922668	79.062531	79.099274	78.926208	79.213104	78.845741	78.911484	79.169586	78.879227	78.89151	78.724197	78.594223	78.625145	78.534882	79.082275	78.836853	78.773048	78.793213	78.748718	78.704765	79.101913	79.101006	79.206482	78.828773	81.474411	78.647346	78.713928	78.929825	78.875153	79.400261	79.344017	79.495651	79.385406	80.390656	78.929276	79.019608	79.05481	78.827995	80.049896	79.236801	77.937057	0.0	0.0
78.456322	79.518097	79.513885	79.275497	79.452148	79.455513	79.02356	79.142952	79.198616	79.187912	79.193542	79.272331	79.081116	78.548676	77.909004	78.574173	78.142181	79.733185	79.749359	81.208511	82.005661	81.505173	82.069122	81.830154	81.570251	81.711693	81.483826	87.377411	100.0	80.279114	80.479279	79.238541	79.812897	80.06308	79.194946	79.022171	78.931038	78.54866	79.574966	79.27626	79.343094	79.437813	79.352142	79.453842	79.512573	79.450439	79.507782	79.534271	79.430672	79.432388	79.361916	79.464294	79.385048	79.363693	79.48851	79.250687	79.464661	79.510498	79.290596	79.413208	79.389984	79.267334	79.227386	78.98188	79.068832	79.162628	79.301987	79.240204	79.466843	79.398331	79.498947	79.018677	79.214424	79.3825	78.847237	79.17308	79.073792	79.052414	79.171303	79.018234	79.09671	79.030746	78.981819	79.052917	79.010406	78.908783	78.736115	78.503891	78.747925	78.582932	79.246063	78.977982	78.901566	78.924927	78.751503	78.919716	79.12088	79.132492	79.114967	78.929871	82.028961	78.656914	78.802032	79.199051	79.055847	79.572418	79.167824	79.481285	79.506912	80.826431	78.942551	79.25042	79.125732	78.96727	80.144135	79.091415	77.999352	0.0	0.0
78.557121	79.25209	79.382401	79.266335	79.295975	79.214729	78.922256	78.931778	79.040268	79.050591	79.071075	79.194283	78.879761	78.843643	77.890465	78.377625	78.022308	79.671692	79.453949	79.672226	80.187088	79.863319	80.140007	80.14621	80.068619	80.221283	80.15802	80.19455	80.279114	100.0	92.114929	78.790115	79.770462	79.640427	79.332397	79.057175	78.610596	78.485474	79.436768	79.293434	79.318634	79.144188	79.362411	79.222244	79.338623	79.148636	79.292053	79.276047	79.146233	79.295021	79.07225	79.181122	79.443268	79.323318	79.361526	79.153824	79.271759	79.338455	79.227493	79.173683	79.290268	79.117073	79.162201	79.188263	79.05899	79.220352	79.340134	79.282806	79.273651	79.392441	79.221931	78.490097	79.142746	79.299545	78.852234	79.148178	78.993942	79.079819	79.101532	79.140427	79.160652	79.252869	78.905685	79.184418	79.074127	78.979637	78.776169	78.507339	78.813019	78.612366	79.304138	78.844742	78.938622	78.901939	79.043381	78.826584	79.118637	79.123001	79.114014	78.567719	80.032585	78.37973	78.587616	78.827873	78.671555	79.142738	78.963913	79.013596	78.860184	87.004639	78.829674	79.24025	79.381912	79.120552	79.65715	79.253502	77.995506	0.0	0.0
78.378311	79.370087	79.507706	79.424469	79.648384	79.59037	79.054825	79.09391	79.170807	78.943314	79.532936	79.245399	79.073883	78.86972	77.93795	78.50975	78.091888	79.880074	79.541298	79.895905	80.499481	80.176468	80.374756	80.435135	80.265137	80.403305	80.597748	80.332245	80.479279	92.114929	100.0	78.896561	80.057999	79.670395	79.594582	79.238228	78.60791	78.535812	79.629242	79.422989	79.387657	79.323761	79.460983	79.520523	79.602417	79.536499	79.383148	79.482414	79.434731	79.312355	79.340164	79.476089	79.583138	79.53614	79.488487	79.285065	79.426811	79.403603	79.495117	79.462204	79.550156	79.432739	79.396706	79.184738	79.155403	79.312141	79.385956	79.341385	79.434433	79.486099	79.421089	78.551758	79.220741	79.391411	78.95874	79.155937	79.159439	79.153732	79.269852	79.080704	79.424515	79.332703	79.175514	79.306801	79.219482	79.025688	78.924454	78.575813	78.839325	78.638832	79.266251	78.874405	78.933487	79.048248	79.032837	79.031403	79.363556	79.244965	79.331024	78.629326	80.138718	78.483307	78.710449	79.078735	78.905609	79.305153	79.01712	79.205002	79.03228	87.449951	79.120735	79.332748	79.433884	79.125488	79.862862	79.310219	77.999817	0.0	0.0
77.629623	79.382523	79.324287	79.139496	79.132202	79.033058	78.573776	78.669647	78.700371	78.735497	78.796623	78.722733	78.63118	78.393295	77.893349	78.363564	77.926682	79.481369	79.360847	78.854965	79.250259	78.991776	79.116669	79.008926	78.924553	79.010155	79.391464	79.248428	79.238541	78.790115	78.896561	100.0	79.56601	78.719566	78.789902	78.380768	78.546188	78.438843	79.453712	79.340073	79.197182	79.171654	79.211876	79.366669	79.368629	79.418465	79.18586	79.144241	79.234283	79.216034	79.244034	79.020248	79.237747	79.267456	79.321121	79.352051	79.425865	79.48381	79.322632	79.267273	79.005585	78.996246	79.312973	78.844475	79.122345	79.126022	79.115341	79.31337	79.145477	79.15126	79.24749	77.936111	79.057098	78.994492	78.636414	78.716858	78.843674	78.976257	78.878098	78.9133	78.908333	79.057655	78.861069	79.031784	78.852112	78.812012	78.594711	78.530838	78.611984	78.520645	78.889847	78.644394	78.584137	78.638649	79.021072	78.590988	78.973862	78.881805	78.73069	78.624588	79.015198	79.41806	79.292534	79.564392	79.885117	83.059631	82.959274	87.047417	78.449615	78.687553	78.477013	78.447083	78.744553	78.367989	78.707619	79.178802	77.726494	0.0	0.0
78.34967	80.787689	80.828323	80.474426	80.519936	80.445145	79.178535	79.365845	79.472397	79.465736	79.685577	79.472137	79.371994	78.791939	77.783432	78.497177	78.073639	80.698181	80.3703	79.396515	79.973587	79.634323	79.703407	79.728165	79.525375	79.687668	80.29435	79.818611	79.812897	79.770462	80.057999	79.56601	100.0	80.224663	80.304016	79.699524	79.435211	79.279686	80.708313	80.467453	80.381439	80.557693	80.58165	80.602234	80.536217	80.443924	80.55761	80.443649	80.55278	80.447571	80.329315	80.547409	80.584435	80.34256	80.817749	80.405029	80.585251	80.638824	80.613342	80.471115	80.378334	80.263939	80.303436	80.214203	80.139069	80.306778	80.385452	80.484268	80.703781	80.646729	80.736092	78.321037	79.974106	80.15358	79.689995	80.265846	80.016953	79.925674	80.033691	79.951065	79.991905	80.070694	79.948654	80.006096	79.880997	79.794952	79.487091	79.33876	79.670471	79.400833	80.138367	79.381187	79.448608	79.50827	79.392136	79.496201	79.814865	79.634941	79.645447	79.4552	79.655281	78.943321	79.194412	79.344727	79.516327	80.052322	80.002472	79.884201	78.904831	79.918884	79.150101	79.754997	79.935959	79.806755	79.599854	80.009392	78.184578	0.0	0.0
