1408.269	580459.3	561879.115	1178537.6	2683680.3	1408.101	293387.161	561879.214	1408.522	2842458.3	561879.306	756828.3	1408.517	1408.293	293387.30	293387.68	1408.111	293387.125	293387.291	293387.281	1408.132	561879.307	1408.579	561879.17	561879.11	561879.67	1408.568	1408.258	1408.135	315750.8	1408.260	1408.387	1408.193	1408.523	1408.472	1408.91	1408.133	293387.160	561879.50	293387.105	1178540.18	135461.226	260554.78	72361.11	1239783.5	260554.62	72361.9	483913.177	1423.177	135461.148	1423.2419	1390.767	492670.403	1774743.3	2026248.3	1648923.232	1664069.6	119858.6	1423.444	227866.22	260554.81	2809036.3	1423.537	1423.433	2487276.10	2715209.8	1648923.279	1390.498	483913.181	1423.336	1423.767	1452.36	1452.98	1529886.3	2026193.15	1396.3701	2846779.3	1405.233	1405.280	1428.335	1396.2365	526977.6	2026186.151	222523.6	2026189.16	1396.3186	2494319.3	2026191.6	2233998.3	1428.1879	580165.46	64104.126	1405.13	2760090.3	2884832.3	2884833.3	2589818.4	2682541.3	1476724.4	2884834.3	2709784.3	1510468.4	1581038.3	2666127.3	486398.3	1565991.4	98228.3	1441095.3	2728853.3	352858.3	1742359.7	2052936.3	1479.5	1547283.3	1705566.3	1679167.3	1783501.3	2011012.3	2014076.3	1455.14	2748178.3	1367477.3	1983719.3	796606.3	2587848.3	2672567.5
100.0	92.234802	92.341171	89.592789	89.609695	89.49765	89.52095	92.275429	99.350197	92.266731	92.200439	92.198013	99.102661	89.460548	89.587067	89.313477	95.043396	89.510895	89.46273	89.465446	89.391327	92.347534	92.343994	92.21875	92.245346	92.237457	91.63253	93.526566	99.306351	94.506073	94.490524	95.027466	95.589684	95.506912	98.499496	89.441109	89.511948	89.512299	92.165375	89.451645	91.563889	78.886917	78.939667	78.840828	0.0	0.0	78.692024	78.905426	78.704659	0.0	0.0	0.0	0.0	0.0	0.0	0.0	0.0	0.0	0.0	0.0	0.0	0.0	0.0	0.0	0.0	0.0	0.0	0.0	0.0	0.0	78.78463	79.079788	79.103531	79.028748	0.0	0.0	0.0	0.0	0.0	0.0	0.0	0.0	0.0	0.0	0.0	0.0	0.0	0.0	0.0	0.0	0.0	0.0	0.0	0.0	0.0	0.0	0.0	0.0	0.0	0.0	0.0	0.0	0.0	0.0	0.0	0.0	0.0	0.0	0.0	0.0	0.0	0.0	0.0	0.0	0.0	0.0	0.0	0.0	0.0	0.0	0.0	0.0	0.0	0.0	0.0	0
92.234802	100.0	96.387978	89.347023	89.366699	89.256973	89.305702	98.481979	92.261734	98.514053	98.624832	96.113297	92.052444	89.266357	89.214302	89.137543	91.35144	89.25795	89.278824	89.336487	89.23877	96.440628	96.467743	97.217422	98.757965	98.415428	90.989532	91.062248	92.284729	90.957878	90.993469	91.293098	91.581848	91.546265	92.246544	89.212372	89.219849	89.331512	98.282402	89.316162	94.99678	79.512238	78.953415	0.0	78.281746	78.98436	0.0	0.0	0.0	0.0	0.0	0.0	0.0	0.0	0.0	0.0	0.0	0.0	0.0	0.0	0.0	0.0	0.0	0.0	0.0	0.0	0.0	0.0	0.0	0.0	0.0	78.73687	78.688278	78.779953	0.0	0.0	0.0	0.0	0.0	0.0	0.0	0.0	0.0	0.0	0.0	0.0	0.0	0.0	0.0	0.0	0.0	0.0	0.0	0.0	0.0	0.0	0.0	0.0	0.0	0.0	0.0	0.0	0.0	0.0	0.0	0.0	0.0	0.0	0.0	0.0	0.0	0.0	0.0	0.0	0.0	0.0	0.0	0.0	0.0	0.0	0.0	0.0	0.0	0.0	0.0	0
92.341171	96.387978	100.0	89.388268	89.395027	89.39576	89.359001	96.433571	92.336319	96.43338	96.41127	95.934021	92.19696	89.291542	89.350037	89.232269	91.464043	89.408524	89.419388	89.358002	89.325844	98.876602	98.722542	96.13932	96.391556	96.360443	91.067657	91.076797	92.341553	91.127228	91.190353	91.402847	91.737869	91.70166	92.299118	89.38147	89.30687	89.377579	96.307747	89.418152	94.803711	78.984428	78.79554	0.0	0.0	0.0	0.0	0.0	0.0	78.965492	78.858368	0.0	0.0	0.0	0.0	0.0	0.0	0.0	0.0	0.0	0.0	0.0	0.0	0.0	0.0	0.0	0.0	0.0	0.0	0.0	78.891991	0.0	0.0	0.0	0.0	0.0	0.0	0.0	0.0	0.0	0.0	0.0	0.0	0.0	0.0	0.0	0.0	0.0	0.0	0.0	0.0	0.0	0.0	0.0	0.0	0.0	0.0	0.0	0.0	0.0	0.0	0.0	0.0	0.0	0.0	0.0	0.0	0.0	0.0	0.0	0.0	0.0	0.0	0.0	0.0	0.0	0.0	0.0	0.0	0.0	0.0	0.0	0.0	0.0	0.0	0
89.592789	89.347023	89.388268	100.0	99.242447	91.529984	91.550186	89.422005	89.538399	89.418732	89.440353	89.345932	89.323471	91.522491	91.574623	91.344238	88.93885	91.496841	91.480713	91.555939	91.482727	89.532806	89.430519	89.341026	89.386192	89.451523	90.977158	88.822647	89.592422	88.604065	88.630722	88.974869	89.066574	89.027618	89.559067	91.567474	91.499756	91.563553	89.315414	91.577629	89.089325	79.321869	0.0	0.0	0.0	0.0	0.0	0.0	0.0	0.0	0.0	0.0	0.0	0.0	0.0	0.0	0.0	0.0	0.0	0.0	0.0	0.0	0.0	0.0	0.0	0.0	0.0	0.0	0.0	79.166847	79.025055	0.0	0.0	0.0	0.0	0.0	0.0	0.0	0.0	0.0	0.0	0.0	0.0	0.0	0.0	0.0	0.0	0.0	0.0	0.0	0.0	0.0	0.0	0.0	0.0	0.0	0.0	0.0	0.0	0.0	0.0	0.0	0.0	0.0	0.0	0.0	0.0	0.0	0.0	0.0	0.0	0.0	0.0	0.0	0.0	0.0	0.0	0.0	0.0	0.0	0.0	0.0	0.0	0.0	0.0	0
89.609695	89.366699	89.395027	99.242447	100.0	91.528633	91.471237	89.436249	89.498947	89.347244	89.391182	89.280418	89.31736	91.48764	91.592407	91.366531	88.931061	91.430534	91.517616	91.5439	91.503036	89.461487	89.380234	89.37883	89.363365	89.383392	90.9814	88.761826	89.551987	88.536133	88.643753	89.017731	89.003922	89.043312	89.486572	91.516434	91.527435	91.604134	89.336784	91.564011	89.078323	79.250023	0.0	79.108398	0.0	0.0	0.0	0.0	0.0	0.0	0.0	0.0	0.0	0.0	0.0	0.0	0.0	0.0	0.0	0.0	0.0	0.0	0.0	0.0	0.0	0.0	0.0	0.0	79.081444	79.113327	78.885109	0.0	0.0	0.0	0.0	0.0	0.0	0.0	0.0	0.0	0.0	0.0	0.0	0.0	0.0	0.0	0.0	0.0	0.0	0.0	0.0	0.0	0.0	0.0	0.0	0.0	0.0	0.0	0.0	0.0	0.0	0.0	0.0	0.0	0.0	0.0	0.0	0.0	0.0	0.0	0.0	0.0	0.0	0.0	0.0	0.0	0.0	0.0	0.0	0.0	0.0	0.0	0.0	0.0	0.0	0
89.49765	89.256973	89.39576	91.529984	91.528633	100.0	98.468628	89.370056	89.457733	89.329025	89.241669	89.340179	89.257263	97.988403	97.987045	98.47802	89.244743	97.967674	98.012177	98.402542	98.334023	89.45755	89.407227	89.162811	89.300072	89.251381	90.116638	88.867714	89.523087	88.787354	88.867676	89.270325	89.199768	89.204666	89.497742	98.553864	98.234665	98.497627	89.194412	98.472969	88.770157	79.267883	0.0	78.918098	0.0	0.0	0.0	0.0	0.0	0.0	0.0	0.0	0.0	0.0	0.0	0.0	0.0	0.0	0.0	0.0	0.0	0.0	0.0	0.0	0.0	0.0	0.0	0.0	0.0	0.0	0.0	78.753265	78.525879	78.560371	0.0	0.0	0.0	0.0	0.0	0.0	0.0	0.0	0.0	0.0	0.0	0.0	0.0	0.0	0.0	0.0	0.0	0.0	0.0	0.0	0.0	0.0	0.0	0.0	0.0	0.0	0.0	0.0	0.0	0.0	0.0	0.0	0.0	0.0	0.0	0.0	0.0	0.0	0.0	0.0	0.0	0.0	0.0	0.0	0.0	0.0	0.0	0.0	0.0	0.0	0.0	0
89.52095	89.305702	89.359001	91.550186	91.471237	98.468628	100.0	89.201874	89.501266	89.224548	89.270279	89.300049	89.2556	97.940849	97.954285	98.393135	89.250938	97.974289	98.029144	98.349892	98.280655	89.416031	89.362289	89.168747	89.284485	89.246002	90.138657	88.911514	89.525894	88.974136	88.880791	89.261307	89.160706	89.197128	89.441147	98.373772	98.281441	98.45594	89.164024	98.419846	88.717133	79.23494	0.0	0.0	0.0	0.0	0.0	0.0	0.0	0.0	0.0	0.0	0.0	0.0	0.0	0.0	0.0	0.0	0.0	0.0	0.0	0.0	0.0	0.0	0.0	0.0	0.0	0.0	0.0	0.0	0.0	78.924065	78.84539	78.92868	0.0	0.0	0.0	0.0	0.0	0.0	0.0	0.0	0.0	0.0	0.0	0.0	0.0	0.0	0.0	0.0	0.0	0.0	0.0	0.0	0.0	0.0	0.0	0.0	0.0	0.0	0.0	0.0	0.0	0.0	0.0	0.0	0.0	0.0	0.0	0.0	0.0	0.0	0.0	0.0	0.0	0.0	0.0	0.0	0.0	0.0	0.0	0.0	0.0	0.0	0.0	0
92.275429	98.481979	96.433571	89.422005	89.436249	89.370056	89.201874	100.0	92.212128	99.197098	98.573303	96.171104	92.027466	89.294708	89.256279	89.148422	91.260643	89.296783	89.269501	89.284668	89.173203	96.459167	96.521591	97.260574	98.570641	98.71376	90.931747	91.02179	92.211716	90.936104	90.961449	91.272141	91.606514	91.526314	92.2173	89.288651	89.1931	89.358002	98.508392	89.264877	95.047485	79.321144	0.0	0.0	78.430382	0.0	0.0	0.0	0.0	0.0	0.0	0.0	0.0	0.0	0.0	0.0	0.0	0.0	0.0	0.0	0.0	0.0	0.0	0.0	0.0	0.0	0.0	0.0	0.0	0.0	0.0	0.0	78.687828	78.725288	0.0	0.0	0.0	0.0	0.0	0.0	0.0	0.0	0.0	0.0	0.0	0.0	0.0	0.0	0.0	0.0	0.0	0.0	0.0	0.0	0.0	0.0	0.0	0.0	0.0	0.0	0.0	0.0	0.0	0.0	0.0	0.0	0.0	0.0	0.0	0.0	0.0	0.0	0.0	0.0	0.0	0.0	0.0	0.0	0.0	0.0	0.0	0.0	0.0	0.0	0.0	0
99.350197	92.261734	92.336319	89.538399	89.498947	89.457733	89.501266	92.212128	100.0	92.238319	92.188225	92.161278	99.051201	89.464905	89.525978	89.371025	95.075348	89.52739	89.426338	89.482857	89.37899	92.270752	92.333618	92.154785	92.193489	92.222298	91.687103	93.619904	99.340027	94.482979	94.523216	94.978836	95.522789	95.505142	98.466125	89.397316	89.488235	89.467834	92.111023	89.429848	91.621689	78.869102	0.0	0.0	0.0	0.0	0.0	0.0	0.0	0.0	0.0	0.0	0.0	0.0	0.0	0.0	0.0	0.0	0.0	0.0	0.0	0.0	0.0	0.0	0.0	0.0	0.0	0.0	0.0	0.0	0.0	0.0	79.16433	78.962868	0.0	0.0	0.0	0.0	0.0	0.0	0.0	0.0	0.0	0.0	0.0	0.0	0.0	0.0	0.0	0.0	0.0	0.0	0.0	0.0	0.0	0.0	0.0	0.0	0.0	0.0	0.0	0.0	0.0	0.0	0.0	0.0	0.0	0.0	0.0	0.0	0.0	0.0	0.0	0.0	0.0	0.0	0.0	0.0	0.0	0.0	0.0	0.0	0.0	0.0	0.0	0
92.266731	98.514053	96.43338	89.418732	89.347244	89.329025	89.224548	99.197098	92.238319	100.0	98.556007	96.167343	92.020821	89.351944	89.214355	89.162933	91.244415	89.281357	89.190376	89.274445	89.174614	96.435638	96.520302	97.141922	98.355408	98.63855	90.948021	91.00473	92.208229	90.87426	90.950233	91.215942	91.538742	91.554604	92.22728	89.235558	89.227615	89.238831	98.459053	89.247925	94.967949	79.298958	0.0	0.0	0.0	0.0	0.0	0.0	0.0	0.0	0.0	0.0	0.0	0.0	0.0	0.0	0.0	0.0	0.0	0.0	0.0	0.0	0.0	0.0	0.0	0.0	0.0	0.0	0.0	0.0	0.0	0.0	78.917419	78.905312	0.0	0.0	0.0	0.0	0.0	0.0	0.0	0.0	0.0	0.0	0.0	0.0	0.0	0.0	0.0	0.0	0.0	0.0	0.0	0.0	0.0	0.0	0.0	0.0	0.0	0.0	0.0	0.0	0.0	0.0	0.0	0.0	0.0	0.0	0.0	0.0	0.0	0.0	0.0	0.0	0.0	0.0	0.0	0.0	0.0	0.0	0.0	0.0	0.0	0.0	0.0	0
92.200439	98.624832	96.41127	89.440353	89.391182	89.241669	89.270279	98.573303	92.188225	98.556007	100.0	96.128769	92.064911	89.221115	89.21077	89.100708	91.284355	89.202553	89.248688	89.279259	89.174049	96.457558	96.474442	97.273865	98.661888	98.425659	90.934708	91.036377	92.222061	90.883621	90.975418	91.272469	91.568954	91.502396	92.178459	89.273209	89.136253	89.258209	98.296066	89.190247	94.982567	79.555847	0.0	0.0	0.0	0.0	0.0	0.0	0.0	0.0	0.0	0.0	0.0	0.0	0.0	0.0	0.0	0.0	0.0	0.0	0.0	0.0	0.0	0.0	0.0	0.0	0.0	0.0	0.0	0.0	0.0	0.0	78.716423	78.879341	0.0	0.0	0.0	0.0	0.0	0.0	0.0	0.0	0.0	0.0	0.0	0.0	0.0	0.0	0.0	0.0	0.0	0.0	0.0	0.0	0.0	0.0	0.0	0.0	0.0	0.0	0.0	0.0	0.0	0.0	0.0	0.0	0.0	0.0	0.0	0.0	0.0	0.0	0.0	0.0	0.0	0.0	0.0	0.0	0.0	0.0	0.0	0.0	0.0	0.0	0.0	0
92.198013	96.113297	95.934021	89.345932	89.280418	89.340179	89.300049	96.171104	92.161278	96.167343	96.128769	100.0	91.977531	89.240257	89.231613	89.201248	91.231544	89.347923	89.256317	89.315552	89.289474	95.921478	95.901665	95.851379	96.133469	96.161591	90.990601	90.958069	92.174072	90.908417	90.977417	91.261185	91.592308	91.564758	92.14534	89.37204	89.238281	89.313179	96.061356	89.409027	94.802696	79.205643	78.649399	0.0	0.0	0.0	0.0	78.905304	0.0	0.0	0.0	0.0	0.0	0.0	0.0	0.0	0.0	0.0	0.0	0.0	0.0	0.0	0.0	0.0	0.0	0.0	0.0	0.0	0.0	0.0	0.0	0.0	0.0	0.0	0.0	0.0	0.0	0.0	0.0	0.0	0.0	0.0	0.0	0.0	0.0	0.0	0.0	0.0	0.0	0.0	0.0	0.0	0.0	0.0	0.0	0.0	0.0	0.0	0.0	0.0	0.0	0.0	0.0	0.0	0.0	0.0	0.0	0.0	0.0	0.0	0.0	0.0	0.0	0.0	0.0	0.0	0.0	0.0	0.0	0.0	0.0	0.0	0.0	0.0	0.0	0
99.102661	92.052444	92.19696	89.323471	89.31736	89.257263	89.2556	92.027466	99.051201	92.020821	92.064911	91.977531	100.0	89.238785	89.373138	89.186966	94.901978	89.310173	89.224854	89.276436	89.223816	92.106499	92.105148	91.936485	91.99791	91.978447	91.482956	93.406746	99.048813	94.265648	94.250534	94.795898	95.36834	95.292572	98.360489	89.29673	89.242188	89.263916	91.996719	89.262131	91.465492	79.1493	0.0	0.0	0.0	0.0	0.0	0.0	0.0	0.0	0.0	0.0	0.0	0.0	0.0	0.0	0.0	0.0	0.0	78.368874	0.0	0.0	0.0	0.0	0.0	0.0	0.0	0.0	0.0	0.0	0.0	79.211662	0.0	0.0	0.0	0.0	0.0	0.0	0.0	0.0	0.0	0.0	0.0	0.0	0.0	0.0	0.0	0.0	0.0	0.0	0.0	0.0	0.0	0.0	0.0	0.0	0.0	0.0	0.0	0.0	0.0	0.0	0.0	0.0	0.0	0.0	0.0	0.0	0.0	0.0	0.0	0.0	0.0	0.0	0.0	0.0	0.0	0.0	0.0	0.0	0.0	0.0	0.0	0.0	0.0	0
89.460548	89.266357	89.291542	91.522491	91.48764	97.988403	97.940849	89.294708	89.464905	89.351944	89.221115	89.240257	89.238785	100.0	98.598846	97.711037	89.289688	98.577026	98.633942	97.826355	97.872314	89.367767	89.265564	89.161789	89.21167	89.253174	90.145317	88.909142	89.599281	88.781914	88.885185	89.375618	89.219131	89.1521	89.511368	97.886398	97.738235	97.956093	89.131523	97.925507	88.829224	79.006294	0.0	0.0	0.0	0.0	0.0	0.0	0.0	0.0	0.0	0.0	0.0	0.0	0.0	0.0	0.0	0.0	78.758385	0.0	0.0	0.0	0.0	0.0	0.0	0.0	0.0	0.0	0.0	0.0	0.0	0.0	0.0	0.0	0.0	0.0	0.0	0.0	0.0	0.0	0.0	0.0	0.0	0.0	0.0	0.0	0.0	0.0	0.0	0.0	0.0	0.0	0.0	0.0	0.0	0.0	0.0	0.0	0.0	0.0	0.0	0.0	0.0	0.0	0.0	0.0	0.0	0.0	0.0	0.0	0.0	0.0	0.0	0.0	0.0	0.0	0.0	0.0	0.0	0.0	0.0	0.0	0.0	0.0	0.0	0
89.587067	89.214302	89.350037	91.574623	91.592407	97.987045	97.954285	89.256279	89.525978	89.214355	89.21077	89.231613	89.373138	98.598846	100.0	97.856979	89.436005	98.612823	98.60202	97.819229	97.869133	89.360748	89.279411	89.263023	89.252899	89.212067	90.086624	88.973755	89.535835	88.85376	89.028595	89.421448	89.313179	89.311493	89.542938	97.940514	97.846405	98.032379	89.093842	97.967438	88.918968	79.173668	0.0	78.72155	0.0	0.0	0.0	0.0	0.0	0.0	0.0	0.0	0.0	0.0	0.0	0.0	0.0	0.0	0.0	0.0	0.0	0.0	0.0	0.0	0.0	0.0	0.0	0.0	0.0	0.0	0.0	0.0	0.0	0.0	0.0	0.0	0.0	0.0	0.0	0.0	0.0	0.0	0.0	0.0	0.0	0.0	0.0	0.0	0.0	0.0	0.0	0.0	0.0	0.0	0.0	0.0	0.0	0.0	0.0	0.0	0.0	0.0	0.0	0.0	0.0	0.0	0.0	0.0	0.0	0.0	0.0	0.0	0.0	0.0	0.0	0.0	0.0	0.0	0.0	0.0	0.0	0.0	0.0	0.0	0.0	0
89.313477	89.137543	89.232269	91.344238	91.366531	98.47802	98.393135	89.148422	89.371025	89.162933	89.100708	89.201248	89.186966	97.711037	97.856979	100.0	89.121307	97.89872	97.865158	98.2547	98.295273	89.230003	89.228371	89.026627	89.199158	89.156265	89.993973	88.886734	89.351959	88.751144	88.783722	89.12291	89.107674	89.063622	89.283226	98.444427	98.108871	98.437668	89.068832	98.399002	88.622604	0.0	0.0	0.0	0.0	0.0	0.0	0.0	0.0	0.0	0.0	0.0	0.0	0.0	0.0	0.0	0.0	0.0	0.0	0.0	0.0	0.0	0.0	0.0	0.0	0.0	0.0	0.0	0.0	0.0	0.0	0.0	0.0	0.0	0.0	0.0	0.0	0.0	0.0	0.0	0.0	0.0	0.0	0.0	0.0	0.0	0.0	0.0	0.0	0.0	0.0	0.0	0.0	0.0	0.0	0.0	0.0	0.0	0.0	0.0	0.0	0.0	0.0	0.0	0.0	0.0	0.0	0.0	0.0	0.0	0.0	0.0	0.0	0.0	0.0	0.0	0.0	0.0	0.0	0.0	0.0	0.0	0.0	0.0	0.0	0
95.043396	91.35144	91.464043	88.93885	88.931061	89.244743	89.250938	91.260643	95.075348	91.244415	91.284355	91.231544	94.901978	89.289688	89.436005	89.121307	100.0	89.387962	89.392242	89.264854	89.231743	91.459015	91.5009	91.136353	91.304688	91.270088	90.595871	92.825378	95.013718	95.436325	95.536575	98.722076	96.07254	96.136963	94.949524	89.217438	89.25235	89.259949	91.173737	89.347435	90.636124	0.0	0.0	0.0	0.0	0.0	0.0	0.0	0.0	0.0	0.0	0.0	0.0	0.0	0.0	0.0	0.0	0.0	0.0	0.0	0.0	0.0	0.0	0.0	0.0	0.0	0.0	0.0	0.0	0.0	0.0	0.0	0.0	0.0	0.0	0.0	0.0	0.0	0.0	0.0	0.0	0.0	0.0	0.0	0.0	0.0	0.0	0.0	0.0	0.0	0.0	0.0	0.0	0.0	0.0	0.0	0.0	0.0	0.0	0.0	0.0	0.0	0.0	0.0	0.0	0.0	0.0	0.0	0.0	0.0	0.0	0.0	0.0	0.0	0.0	0.0	0.0	0.0	0.0	0.0	0.0	0.0	0.0	0.0	0.0	0
89.510895	89.25795	89.408524	91.496841	91.430534	97.967674	97.974289	89.296783	89.52739	89.281357	89.202553	89.347923	89.310173	98.577026	98.612823	97.89872	89.387962	100.0	98.735779	97.883156	97.904663	89.393158	89.433556	89.146011	89.212463	89.277657	90.096184	88.973434	89.504242	88.935287	88.981552	89.411255	89.258072	89.244392	89.432312	97.983841	97.882019	97.997162	89.149841	97.981613	88.768478	79.025078	0.0	0.0	0.0	0.0	0.0	0.0	0.0	0.0	0.0	0.0	0.0	0.0	0.0	0.0	0.0	0.0	0.0	0.0	0.0	0.0	0.0	0.0	0.0	0.0	0.0	0.0	0.0	0.0	0.0	0.0	0.0	0.0	0.0	0.0	0.0	0.0	0.0	0.0	0.0	0.0	0.0	0.0	0.0	0.0	0.0	0.0	0.0	0.0	0.0	0.0	0.0	0.0	0.0	0.0	0.0	0.0	0.0	0.0	0.0	0.0	0.0	0.0	0.0	0.0	0.0	0.0	0.0	0.0	0.0	0.0	0.0	0.0	0.0	0.0	0.0	0.0	0.0	0.0	0.0	0.0	0.0	0.0	0.0	0
89.46273	89.278824	89.419388	91.480713	91.517616	98.012177	98.029144	89.269501	89.426338	89.190376	89.248688	89.256317	89.224854	98.633942	98.60202	97.865158	89.392242	98.735779	100.0	97.943298	97.954163	89.404137	89.393105	89.091171	89.228531	89.29483	90.106049	88.881378	89.542244	88.869041	88.88134	89.325287	89.274887	89.264267	89.512161	97.963638	97.960251	98.041008	89.152374	98.015137	88.769165	79.060905	0.0	0.0	0.0	0.0	0.0	0.0	0.0	0.0	0.0	0.0	0.0	0.0	0.0	0.0	0.0	0.0	0.0	0.0	0.0	0.0	0.0	0.0	0.0	0.0	0.0	0.0	0.0	0.0	0.0	0.0	0.0	0.0	0.0	0.0	0.0	0.0	0.0	0.0	0.0	0.0	0.0	0.0	0.0	0.0	0.0	0.0	0.0	0.0	0.0	0.0	0.0	0.0	0.0	0.0	0.0	0.0	0.0	0.0	0.0	0.0	0.0	0.0	0.0	0.0	0.0	0.0	0.0	0.0	0.0	0.0	0.0	0.0	0.0	0.0	0.0	0.0	0.0	0.0	0.0	0.0	0.0	0.0	0.0	0
89.465446	89.336487	89.358002	91.555939	91.5439	98.402542	98.349892	89.284668	89.482857	89.274445	89.279259	89.315552	89.276436	97.826355	97.819229	98.2547	89.264854	97.883156	97.943298	100.0	98.705643	89.430878	89.351135	89.198349	89.303833	89.273636	90.158592	88.863525	89.489403	88.810455	88.793335	89.272232	89.191483	89.167496	89.491806	98.346046	98.270676	98.348816	89.132736	98.410263	88.760368	79.232315	0.0	0.0	0.0	0.0	0.0	0.0	0.0	0.0	0.0	0.0	0.0	0.0	0.0	0.0	0.0	0.0	0.0	0.0	0.0	0.0	0.0	0.0	0.0	0.0	0.0	0.0	0.0	0.0	0.0	0.0	0.0	0.0	0.0	0.0	0.0	0.0	0.0	0.0	0.0	0.0	0.0	0.0	0.0	0.0	0.0	0.0	0.0	0.0	0.0	0.0	0.0	0.0	0.0	0.0	0.0	0.0	0.0	0.0	0.0	0.0	0.0	0.0	0.0	0.0	0.0	0.0	0.0	0.0	0.0	0.0	0.0	0.0	0.0	0.0	0.0	0.0	0.0	0.0	0.0	0.0	0.0	0.0	0.0	0
89.391327	89.23877	89.325844	91.482727	91.503036	98.334023	98.280655	89.173203	89.37899	89.174614	89.174049	89.289474	89.223816	97.872314	97.869133	98.295273	89.231743	97.904663	97.954163	98.705643	100.0	89.340134	89.283005	89.146103	89.146713	89.191498	90.076553	88.782677	89.42688	88.722321	88.784935	89.227287	89.094231	89.100479	89.356987	98.322884	98.275826	98.312553	89.10836	98.409698	88.764664	78.640953	0.0	0.0	0.0	0.0	0.0	0.0	0.0	0.0	0.0	0.0	0.0	0.0	0.0	0.0	0.0	0.0	0.0	0.0	0.0	0.0	0.0	0.0	0.0	0.0	0.0	0.0	0.0	0.0	0.0	0.0	0.0	0.0	0.0	0.0	0.0	0.0	0.0	0.0	0.0	0.0	0.0	0.0	0.0	0.0	0.0	0.0	0.0	0.0	0.0	0.0	0.0	0.0	0.0	0.0	0.0	0.0	0.0	0.0	0.0	0.0	0.0	0.0	0.0	0.0	0.0	0.0	0.0	0.0	0.0	0.0	0.0	0.0	0.0	0.0	0.0	0.0	0.0	0.0	0.0	0.0	0.0	0.0	0.0	0
92.347534	96.440628	98.876602	89.532806	89.461487	89.45755	89.416031	96.459167	92.270752	96.435638	96.457558	95.921478	92.106499	89.367767	89.360748	89.230003	91.459015	89.393158	89.404137	89.430878	89.340134	100.0	98.937683	96.136681	96.432205	96.413269	91.014549	91.159576	92.320419	91.167442	91.165024	91.400856	91.742989	91.726166	92.26651	89.409218	89.348999	89.481384	96.331589	89.391296	94.815979	79.270157	0.0	0.0	0.0	0.0	0.0	0.0	0.0	0.0	0.0	0.0	0.0	0.0	0.0	0.0	0.0	0.0	0.0	0.0	0.0	0.0	0.0	0.0	0.0	0.0	0.0	0.0	0.0	0.0	0.0	0.0	0.0	0.0	0.0	0.0	0.0	0.0	0.0	0.0	0.0	0.0	0.0	0.0	0.0	0.0	0.0	0.0	0.0	0.0	0.0	0.0	0.0	0.0	0.0	0.0	0.0	0.0	0.0	0.0	0.0	0.0	0.0	0.0	0.0	0.0	0.0	0.0	0.0	0.0	0.0	0.0	0.0	0.0	0.0	0.0	0.0	0.0	0.0	0.0	0.0	0.0	0.0	0.0	0.0	0
92.343994	96.467743	98.722542	89.430519	89.380234	89.407227	89.362289	96.521591	92.333618	96.520302	96.474442	95.901665	92.105148	89.265564	89.279411	89.228371	91.5009	89.433556	89.393105	89.351135	89.283005	98.937683	100.0	96.252548	96.315292	96.487305	91.042511	91.054199	92.328156	91.172012	91.1782	91.393982	91.747574	91.723267	92.333939	89.394226	89.330368	89.35762	96.454979	89.325699	94.820084	79.108627	0.0	0.0	0.0	0.0	0.0	0.0	0.0	0.0	0.0	0.0	0.0	0.0	0.0	0.0	0.0	0.0	0.0	0.0	0.0	0.0	0.0	0.0	0.0	0.0	0.0	0.0	0.0	0.0	0.0	0.0	0.0	0.0	0.0	0.0	0.0	0.0	0.0	0.0	0.0	0.0	0.0	0.0	0.0	0.0	0.0	0.0	0.0	0.0	0.0	0.0	0.0	0.0	0.0	0.0	0.0	0.0	0.0	0.0	0.0	0.0	0.0	0.0	0.0	0.0	0.0	0.0	0.0	0.0	0.0	0.0	0.0	0.0	0.0	0.0	0.0	0.0	0.0	0.0	0.0	0.0	0.0	0.0	0.0	0
92.21875	97.217422	96.13932	89.341026	89.37883	89.162811	89.168747	97.260574	92.154785	97.141922	97.273865	95.851379	91.936485	89.161789	89.263023	89.026627	91.136353	89.146011	89.091171	89.198349	89.146103	96.136681	96.252548	100.0	97.097168	97.26593	90.861649	91.02317	92.081863	90.964203	90.954834	91.205307	91.396698	91.459122	92.074539	89.101395	89.156342	89.149101	97.279449	89.167831	94.844925	79.246414	0.0	0.0	0.0	0.0	0.0	0.0	0.0	0.0	0.0	0.0	0.0	0.0	0.0	0.0	0.0	0.0	0.0	0.0	0.0	0.0	0.0	0.0	0.0	0.0	0.0	0.0	0.0	0.0	0.0	0.0	0.0	0.0	0.0	0.0	0.0	0.0	0.0	0.0	0.0	0.0	0.0	0.0	0.0	0.0	0.0	0.0	0.0	0.0	0.0	0.0	0.0	0.0	0.0	0.0	0.0	0.0	0.0	0.0	0.0	0.0	0.0	0.0	0.0	0.0	0.0	0.0	0.0	0.0	0.0	0.0	0.0	0.0	0.0	0.0	0.0	0.0	0.0	0.0	0.0	0.0	0.0	0.0	0.0	0
92.245346	98.757965	96.391556	89.386192	89.363365	89.300072	89.284485	98.570641	92.193489	98.355408	98.661888	96.133469	91.99791	89.21167	89.252899	89.199158	91.304688	89.212463	89.228531	89.303833	89.146713	96.432205	96.315292	97.097168	100.0	98.392273	90.957733	90.948227	92.195129	90.903793	90.938965	91.257156	91.568314	91.500946	92.182106	89.283386	89.214539	89.273979	98.304657	89.26181	94.984299	79.242462	0.0	0.0	0.0	0.0	0.0	0.0	0.0	0.0	0.0	0.0	0.0	0.0	0.0	0.0	0.0	0.0	0.0	0.0	0.0	0.0	0.0	0.0	0.0	0.0	0.0	0.0	0.0	0.0	0.0	0.0	0.0	0.0	0.0	0.0	0.0	0.0	0.0	0.0	0.0	0.0	0.0	0.0	0.0	0.0	0.0	0.0	0.0	0.0	0.0	0.0	0.0	0.0	0.0	0.0	0.0	0.0	0.0	0.0	0.0	0.0	0.0	0.0	0.0	0.0	0.0	0.0	0.0	0.0	0.0	0.0	0.0	0.0	0.0	0.0	0.0	0.0	0.0	0.0	0.0	0.0	0.0	0.0	0.0	0
92.237457	98.415428	96.360443	89.451523	89.383392	89.251381	89.246002	98.71376	92.222298	98.63855	98.425659	96.161591	91.978447	89.253174	89.212067	89.156265	91.270088	89.277657	89.29483	89.273636	89.191498	96.413269	96.487305	97.26593	98.392273	100.0	90.970299	91.001877	92.225983	90.913315	90.946381	91.229172	91.566536	91.531982	92.175415	89.239716	89.139366	89.272934	98.630356	89.243034	95.01281	79.465057	0.0	0.0	0.0	0.0	0.0	0.0	0.0	0.0	0.0	0.0	0.0	0.0	0.0	0.0	0.0	0.0	0.0	0.0	0.0	0.0	0.0	0.0	0.0	0.0	0.0	0.0	0.0	0.0	0.0	0.0	0.0	0.0	0.0	0.0	0.0	0.0	0.0	0.0	0.0	0.0	0.0	0.0	0.0	0.0	0.0	0.0	0.0	0.0	0.0	0.0	0.0	0.0	0.0	0.0	0.0	0.0	0.0	0.0	0.0	0.0	0.0	0.0	0.0	0.0	0.0	0.0	0.0	0.0	0.0	0.0	0.0	0.0	0.0	0.0	0.0	0.0	0.0	0.0	0.0	0.0	0.0	0.0	0.0	0
91.63253	90.989532	91.067657	90.977158	90.9814	90.116638	90.138657	90.931747	91.687103	90.948021	90.934708	90.990601	91.482956	90.145317	90.086624	89.993973	90.595871	90.096184	90.106049	90.158592	90.076553	91.014549	91.042511	90.861649	90.957733	90.970299	100.0	90.528946	91.719345	90.147842	90.223969	90.604385	90.90152	90.899887	91.628601	90.165482	90.160461	90.139381	90.87587	90.237183	90.483673	79.221382	0.0	0.0	0.0	0.0	0.0	0.0	0.0	0.0	0.0	0.0	0.0	0.0	0.0	0.0	0.0	0.0	0.0	0.0	0.0	0.0	0.0	0.0	0.0	0.0	0.0	0.0	0.0	0.0	0.0	0.0	0.0	0.0	0.0	0.0	0.0	0.0	0.0	0.0	0.0	0.0	0.0	0.0	0.0	0.0	0.0	0.0	0.0	0.0	0.0	0.0	0.0	0.0	0.0	0.0	0.0	0.0	0.0	0.0	0.0	0.0	0.0	0.0	0.0	0.0	0.0	0.0	0.0	0.0	0.0	0.0	0.0	0.0	0.0	0.0	0.0	0.0	0.0	0.0	0.0	0.0	0.0	0.0	0.0	0
93.526566	91.062248	91.076797	88.822647	88.761826	88.867714	88.911514	91.02179	93.619904	91.00473	91.036377	90.958069	93.406746	88.909142	88.973755	88.886734	92.825378	88.973434	88.881378	88.863525	88.782677	91.159576	91.054199	91.02317	90.948227	91.001877	90.528946	100.0	93.617752	92.404434	92.438141	92.82074	93.04332	93.025223	93.505966	88.898209	88.882057	88.910889	90.909088	88.997833	90.564919	78.841965	0.0	0.0	0.0	0.0	0.0	0.0	0.0	0.0	0.0	0.0	0.0	0.0	0.0	0.0	0.0	0.0	0.0	0.0	0.0	0.0	0.0	0.0	0.0	0.0	0.0	0.0	0.0	0.0	0.0	0.0	0.0	0.0	0.0	0.0	0.0	0.0	0.0	0.0	0.0	0.0	0.0	0.0	0.0	0.0	0.0	0.0	0.0	0.0	0.0	0.0	0.0	0.0	0.0	0.0	0.0	0.0	0.0	0.0	0.0	0.0	0.0	0.0	0.0	0.0	0.0	0.0	0.0	0.0	0.0	0.0	0.0	0.0	0.0	0.0	0.0	0.0	0.0	0.0	0.0	0.0	0.0	0.0	0.0	0
99.306351	92.284729	92.341553	89.592422	89.551987	89.523087	89.525894	92.211716	99.340027	92.208229	92.222061	92.174072	99.048813	89.599281	89.535835	89.351959	95.013718	89.504242	89.542244	89.489403	89.42688	92.320419	92.328156	92.081863	92.195129	92.225983	91.719345	93.617752	100.0	94.488861	94.512161	94.865402	95.381744	95.47673	98.573303	89.538933	89.465134	89.535927	92.141586	89.560852	91.639175	79.10685	0.0	0.0	0.0	0.0	0.0	0.0	0.0	0.0	0.0	0.0	0.0	0.0	0.0	0.0	0.0	0.0	0.0	0.0	0.0	0.0	0.0	0.0	0.0	0.0	0.0	0.0	0.0	0.0	0.0	0.0	0.0	0.0	0.0	0.0	0.0	0.0	0.0	0.0	0.0	0.0	0.0	0.0	0.0	0.0	0.0	0.0	0.0	0.0	0.0	0.0	0.0	0.0	0.0	0.0	0.0	0.0	0.0	0.0	0.0	0.0	0.0	0.0	0.0	0.0	0.0	0.0	0.0	0.0	0.0	0.0	0.0	0.0	0.0	0.0	0.0	0.0	0.0	0.0	0.0	0.0	0.0	0.0	0.0	0
94.506073	90.957878	91.127228	88.604065	88.536133	88.787354	88.974136	90.936104	94.482979	90.87426	90.883621	90.908417	94.265648	88.781914	88.85376	88.751144	95.436325	88.935287	88.869041	88.810455	88.722321	91.167442	91.172012	90.964203	90.903793	90.913315	90.147842	92.404434	94.488861	100.0	99.092194	95.490631	95.422729	95.383087	94.389603	88.855354	88.863083	88.859238	90.807999	88.840729	90.237183	79.190109	0.0	0.0	0.0	0.0	0.0	0.0	0.0	0.0	0.0	0.0	0.0	0.0	0.0	0.0	0.0	0.0	0.0	0.0	0.0	0.0	0.0	0.0	0.0	0.0	0.0	0.0	0.0	0.0	0.0	0.0	0.0	0.0	0.0	0.0	0.0	0.0	0.0	0.0	0.0	0.0	0.0	0.0	0.0	0.0	0.0	0.0	0.0	0.0	0.0	0.0	0.0	0.0	0.0	0.0	0.0	0.0	0.0	0.0	0.0	0.0	0.0	0.0	0.0	0.0	0.0	0.0	0.0	0.0	0.0	0.0	0.0	0.0	0.0	0.0	0.0	0.0	0.0	0.0	0.0	0.0	0.0	0.0	0.0	0
94.490524	90.993469	91.190353	88.630722	88.643753	88.867676	88.880791	90.961449	94.523216	90.950233	90.975418	90.977417	94.250534	88.885185	89.028595	88.783722	95.536575	88.981552	88.88134	88.793335	88.784935	91.165024	91.1782	90.954834	90.938965	90.946381	90.223969	92.438141	94.512161	99.092194	100.0	95.515663	95.375008	95.419495	94.35939	88.868042	88.785789	88.854446	90.827423	88.893433	90.371834	79.163826	0.0	0.0	0.0	0.0	0.0	0.0	0.0	0.0	0.0	0.0	0.0	0.0	0.0	0.0	0.0	0.0	0.0	0.0	0.0	0.0	0.0	0.0	0.0	0.0	0.0	0.0	0.0	0.0	0.0	0.0	0.0	0.0	0.0	0.0	0.0	0.0	0.0	0.0	0.0	0.0	0.0	0.0	0.0	0.0	0.0	0.0	0.0	0.0	0.0	0.0	0.0	0.0	0.0	0.0	0.0	0.0	0.0	0.0	0.0	0.0	0.0	0.0	0.0	0.0	0.0	0.0	0.0	0.0	0.0	0.0	0.0	0.0	0.0	0.0	0.0	0.0	0.0	0.0	0.0	0.0	0.0	0.0	0.0	0
95.027466	91.293098	91.402847	88.974869	89.017731	89.270325	89.261307	91.272141	94.978836	91.215942	91.272469	91.261185	94.795898	89.375618	89.421448	89.12291	98.722076	89.411255	89.325287	89.272232	89.227287	91.400856	91.393982	91.205307	91.257156	91.229172	90.604385	92.82074	94.865402	95.490631	95.515663	100.0	95.919785	96.119751	94.880997	89.184448	89.270355	89.216568	91.140564	89.29097	90.710022	79.263481	0.0	0.0	0.0	0.0	0.0	0.0	0.0	0.0	0.0	0.0	0.0	0.0	0.0	0.0	0.0	0.0	0.0	0.0	0.0	0.0	0.0	0.0	0.0	0.0	0.0	0.0	0.0	0.0	0.0	0.0	0.0	0.0	0.0	0.0	0.0	0.0	0.0	0.0	0.0	0.0	0.0	0.0	0.0	0.0	0.0	0.0	0.0	0.0	0.0	0.0	0.0	0.0	0.0	0.0	0.0	0.0	0.0	0.0	0.0	0.0	0.0	0.0	0.0	0.0	0.0	0.0	0.0	0.0	0.0	0.0	0.0	0.0	0.0	0.0	0.0	0.0	0.0	0.0	0.0	0.0	0.0	0.0	0.0	0
95.589684	91.581848	91.737869	89.066574	89.003922	89.199768	89.160706	91.606514	95.522789	91.538742	91.568954	91.592308	95.36834	89.219131	89.313179	89.107674	96.07254	89.258072	89.274887	89.191483	89.094231	91.742989	91.747574	91.396698	91.568314	91.566536	90.90152	93.04332	95.381744	95.422729	95.375008	95.919785	100.0	98.586136	95.454895	89.224548	89.169846	89.190544	91.526489	89.208076	90.894073	78.9944	0.0	0.0	0.0	0.0	0.0	0.0	0.0	0.0	0.0	0.0	0.0	0.0	0.0	0.0	0.0	0.0	0.0	0.0	0.0	0.0	0.0	0.0	0.0	0.0	0.0	0.0	0.0	0.0	0.0	0.0	0.0	0.0	0.0	0.0	0.0	0.0	0.0	0.0	0.0	0.0	0.0	0.0	0.0	0.0	0.0	0.0	0.0	0.0	0.0	0.0	0.0	0.0	0.0	0.0	0.0	0.0	0.0	0.0	0.0	0.0	0.0	0.0	0.0	0.0	0.0	0.0	0.0	0.0	0.0	0.0	0.0	0.0	0.0	0.0	0.0	0.0	0.0	0.0	0.0	0.0	0.0	0.0	0.0	0
95.506912	91.546265	91.70166	89.027618	89.043312	89.204666	89.197128	91.526314	95.505142	91.554604	91.502396	91.564758	95.292572	89.1521	89.311493	89.063622	96.136963	89.244392	89.264267	89.167496	89.100479	91.726166	91.723267	91.459122	91.500946	91.531982	90.899887	93.025223	95.47673	95.383087	95.419495	96.119751	98.586136	100.0	95.424728	89.228882	89.143997	89.16272	91.501595	89.177094	90.916214	79.226357	0.0	0.0	0.0	0.0	0.0	0.0	0.0	0.0	0.0	0.0	0.0	0.0	0.0	0.0	0.0	0.0	0.0	0.0	0.0	0.0	0.0	0.0	0.0	0.0	0.0	0.0	0.0	0.0	0.0	0.0	0.0	0.0	0.0	0.0	0.0	0.0	0.0	0.0	0.0	0.0	0.0	0.0	0.0	0.0	0.0	0.0	0.0	0.0	0.0	0.0	0.0	0.0	0.0	0.0	0.0	0.0	0.0	0.0	0.0	0.0	0.0	0.0	0.0	0.0	0.0	0.0	0.0	0.0	0.0	0.0	0.0	0.0	0.0	0.0	0.0	0.0	0.0	0.0	0.0	0.0	0.0	0.0	0.0	0
98.499496	92.246544	92.299118	89.559067	89.486572	89.497742	89.441147	92.2173	98.466125	92.22728	92.178459	92.14534	98.360489	89.511368	89.542938	89.283226	94.949524	89.432312	89.512161	89.491806	89.356987	92.26651	92.333939	92.074539	92.182106	92.175415	91.628601	93.505966	98.573303	94.389603	94.35939	94.880997	95.454895	95.424728	100.0	89.461136	89.390518	89.469254	92.116501	89.486099	91.682205	79.196976	78.891777	0.0	0.0	0.0	0.0	0.0	0.0	0.0	0.0	0.0	0.0	0.0	0.0	0.0	0.0	0.0	0.0	0.0	0.0	0.0	0.0	0.0	0.0	0.0	0.0	0.0	0.0	0.0	0.0	0.0	79.077057	0.0	0.0	0.0	0.0	0.0	0.0	0.0	0.0	0.0	0.0	0.0	0.0	0.0	0.0	0.0	0.0	0.0	0.0	0.0	0.0	0.0	0.0	0.0	0.0	0.0	0.0	0.0	0.0	0.0	0.0	0.0	0.0	0.0	0.0	0.0	0.0	0.0	0.0	0.0	0.0	0.0	0.0	0.0	0.0	0.0	0.0	0.0	0.0	0.0	0.0	0.0	0.0	0
89.441109	89.212372	89.38147	91.567474	91.516434	98.553864	98.373772	89.288651	89.397316	89.235558	89.273209	89.37204	89.29673	97.886398	97.940514	98.444427	89.217438	97.983841	97.963638	98.346046	98.322884	89.409218	89.394226	89.101395	89.283386	89.239716	90.165482	88.898209	89.538933	88.855354	88.868042	89.184448	89.224548	89.228882	89.461136	100.0	98.315994	98.428314	89.163422	98.428177	88.776436	79.177414	0.0	0.0	0.0	0.0	0.0	0.0	0.0	0.0	0.0	0.0	0.0	0.0	0.0	0.0	0.0	0.0	0.0	0.0	0.0	0.0	0.0	0.0	0.0	0.0	0.0	0.0	78.647835	0.0	0.0	78.729134	78.651474	0.0	0.0	0.0	0.0	0.0	0.0	0.0	0.0	0.0	0.0	0.0	0.0	0.0	0.0	0.0	0.0	0.0	0.0	0.0	0.0	0.0	0.0	0.0	0.0	0.0	0.0	0.0	0.0	0.0	0.0	0.0	0.0	0.0	0.0	0.0	0.0	0.0	0.0	0.0	0.0	0.0	0.0	0.0	0.0	0.0	0.0	0.0	0.0	0.0	0.0	0.0	0.0	0
89.511948	89.219849	89.30687	91.499756	91.527435	98.234665	98.281441	89.1931	89.488235	89.227615	89.136253	89.238281	89.242188	97.738235	97.846405	98.108871	89.25235	97.882019	97.960251	98.270676	98.275826	89.348999	89.330368	89.156342	89.214539	89.139366	90.160461	88.882057	89.465134	88.863083	88.785789	89.270355	89.169846	89.143997	89.390518	98.315994	100.0	98.256165	89.122726	98.35463	88.719803	79.13681	0.0	0.0	0.0	0.0	0.0	0.0	0.0	0.0	0.0	0.0	0.0	0.0	0.0	0.0	0.0	0.0	0.0	0.0	0.0	0.0	0.0	0.0	0.0	0.0	0.0	0.0	0.0	0.0	0.0	0.0	78.52565	0.0	0.0	0.0	0.0	0.0	0.0	0.0	0.0	0.0	0.0	0.0	0.0	0.0	0.0	0.0	0.0	0.0	0.0	0.0	0.0	0.0	0.0	0.0	0.0	0.0	0.0	0.0	0.0	0.0	0.0	0.0	0.0	0.0	0.0	0.0	0.0	0.0	0.0	0.0	0.0	0.0	0.0	0.0	0.0	0.0	0.0	0.0	0.0	0.0	0.0	0.0	0.0	0
89.512299	89.331512	89.377579	91.563553	91.604134	98.497627	98.45594	89.358002	89.467834	89.238831	89.258209	89.313179	89.263916	97.956093	98.032379	98.437668	89.259949	97.997162	98.041008	98.348816	98.312553	89.481384	89.35762	89.149101	89.273979	89.272934	90.139381	88.910889	89.535927	88.859238	88.854446	89.216568	89.190544	89.16272	89.469254	98.428314	98.256165	100.0	89.171417	98.496277	88.760735	78.936729	0.0	0.0	0.0	0.0	0.0	0.0	0.0	0.0	0.0	0.0	0.0	0.0	0.0	0.0	0.0	0.0	0.0	0.0	0.0	0.0	0.0	0.0	0.0	0.0	0.0	0.0	0.0	0.0	0.0	0.0	78.769897	0.0	0.0	0.0	0.0	0.0	0.0	0.0	0.0	0.0	0.0	0.0	0.0	0.0	0.0	0.0	0.0	0.0	0.0	0.0	0.0	0.0	0.0	0.0	0.0	0.0	0.0	0.0	0.0	0.0	0.0	0.0	0.0	0.0	0.0	0.0	0.0	0.0	0.0	0.0	0.0	0.0	0.0	0.0	0.0	0.0	0.0	0.0	0.0	0.0	0.0	0.0	0.0	0
92.165375	98.282402	96.307747	89.315414	89.336784	89.194412	89.164024	98.508392	92.111023	98.459053	98.296066	96.061356	91.996719	89.131523	89.093842	89.068832	91.173737	89.149841	89.152374	89.132736	89.10836	96.331589	96.454979	97.279449	98.304657	98.630356	90.87587	90.909088	92.141586	90.807999	90.827423	91.140564	91.526489	91.501595	92.116501	89.163422	89.122726	89.171417	100.0	89.14756	95.015656	78.640366	0.0	0.0	0.0	0.0	0.0	0.0	0.0	0.0	0.0	0.0	0.0	0.0	0.0	0.0	0.0	0.0	0.0	0.0	0.0	0.0	0.0	0.0	0.0	0.0	0.0	0.0	0.0	0.0	0.0	78.139282	78.047523	0.0	0.0	0.0	0.0	0.0	0.0	0.0	0.0	0.0	0.0	0.0	0.0	0.0	0.0	0.0	0.0	0.0	0.0	0.0	0.0	0.0	0.0	0.0	0.0	0.0	0.0	0.0	0.0	0.0	0.0	0.0	0.0	0.0	0.0	0.0	0.0	0.0	0.0	0.0	0.0	0.0	0.0	0.0	0.0	0.0	0.0	0.0	0.0	0.0	0.0	0.0	0.0	0
89.451645	89.316162	89.418152	91.577629	91.564011	98.472969	98.419846	89.264877	89.429848	89.247925	89.190247	89.409027	89.262131	97.925507	97.967438	98.399002	89.347435	97.981613	98.015137	98.410263	98.409698	89.391296	89.325699	89.167831	89.26181	89.243034	90.237183	88.997833	89.560852	88.840729	88.893433	89.29097	89.208076	89.177094	89.486099	98.428177	98.35463	98.496277	89.14756	100.0	88.780388	79.256363	0.0	0.0	0.0	0.0	0.0	0.0	0.0	0.0	0.0	0.0	0.0	0.0	0.0	0.0	0.0	0.0	0.0	0.0	0.0	0.0	0.0	0.0	0.0	0.0	0.0	0.0	0.0	0.0	0.0	78.844711	78.710052	0.0	0.0	0.0	0.0	0.0	0.0	0.0	0.0	0.0	0.0	0.0	0.0	0.0	0.0	0.0	0.0	0.0	0.0	0.0	0.0	0.0	0.0	0.0	0.0	0.0	0.0	0.0	0.0	0.0	0.0	0.0	0.0	0.0	0.0	0.0	0.0	0.0	0.0	0.0	0.0	0.0	0.0	0.0	0.0	0.0	0.0	0.0	0.0	0.0	0.0	0.0	0.0	0
91.563889	94.99678	94.803711	89.089325	89.078323	88.770157	88.717133	95.047485	91.621689	94.967949	94.982567	94.802696	91.465492	88.829224	88.918968	88.622604	90.636124	88.768478	88.769165	88.760368	88.764664	94.815979	94.820084	94.844925	94.984299	95.01281	90.483673	90.564919	91.639175	90.237183	90.371834	90.710022	90.894073	90.916214	91.682205	88.776436	88.719803	88.760735	95.015656	88.780388	100.0	0.0	0.0	78.711716	78.188927	79.071136	0.0	79.18103	79.168106	0.0	79.158585	0.0	0.0	0.0	0.0	0.0	0.0	0.0	79.285339	79.196304	78.307419	79.204689	78.993317	78.881454	79.26339	79.271202	78.395683	78.686913	79.067505	79.395081	79.061661	78.934494	78.71286	78.92289	0.0	0.0	0.0	0.0	0.0	0.0	0.0	0.0	0.0	0.0	0.0	0.0	0.0	0.0	0.0	0.0	0.0	0.0	0.0	0.0	0.0	0.0	0.0	0.0	0.0	0.0	0.0	0.0	0.0	0.0	0.0	0.0	0.0	0.0	0.0	0.0	0.0	0.0	0.0	0.0	0.0	0.0	0.0	0.0	0.0	0.0	0.0	0.0	0.0	0.0	0.0	0
78.886917	79.512238	78.984428	79.321869	79.250023	79.267883	79.23494	79.321144	78.869102	79.298958	79.555847	79.205643	79.1493	79.006294	79.173668	0.0	0.0	79.025078	79.060905	79.232315	78.640953	79.270157	79.108627	79.246414	79.242462	79.465057	79.221382	78.841965	79.10685	79.190109	79.163826	79.263481	78.9944	79.226357	79.196976	79.177414	79.13681	78.936729	78.640366	79.256363	0.0	100.0	87.83107	91.086105	81.950439	87.87323	91.073715	93.080399	92.815979	99.16951	98.701187	81.358322	81.392639	81.483261	79.34996	79.454979	79.077919	78.851105	98.443222	91.730072	87.823303	95.431763	95.681076	93.016235	92.610222	92.779327	79.364273	81.234016	93.012756	93.239685	92.859528	82.246643	82.075684	82.185379	0.0	0.0	0.0	0.0	0.0	0.0	0.0	0.0	0.0	0.0	0.0	0.0	0.0	0.0	0.0	0.0	0.0	0.0	0.0	0.0	0.0	0.0	0.0	0.0	0.0	0.0	0.0	0.0	0.0	0.0	0.0	0.0	0.0	0.0	0.0	0.0	0.0	0.0	0.0	0.0	0.0	0.0	0.0	0.0	0.0	0.0	0.0	0.0	0.0	0.0	0.0	0
78.939667	78.953415	78.79554	0.0	0.0	0.0	0.0	0.0	0.0	0.0	0.0	78.649399	0.0	0.0	0.0	0.0	0.0	0.0	0.0	0.0	0.0	0.0	0.0	0.0	0.0	0.0	0.0	0.0	0.0	0.0	0.0	0.0	0.0	0.0	78.891777	0.0	0.0	0.0	0.0	0.0	0.0	87.83107	100.0	87.198853	82.631439	99.274353	87.107361	88.602539	88.233429	87.439102	87.53009	80.942551	80.96759	81.123123	78.800789	78.999146	78.801842	78.80574	87.573898	87.402039	98.687927	87.28405	87.563477	88.439674	87.890465	88.12236	78.973175	81.017487	88.567947	88.310226	88.241829	82.637787	82.645416	82.587547	0.0	0.0	0.0	0.0	0.0	0.0	0.0	0.0	0.0	0.0	0.0	0.0	0.0	0.0	0.0	0.0	0.0	0.0	0.0	0.0	0.0	0.0	0.0	0.0	0.0	0.0	0.0	0.0	0.0	0.0	0.0	0.0	0.0	0.0	0.0	0.0	0.0	0.0	0.0	0.0	0.0	0.0	0.0	0.0	0.0	0.0	0.0	0.0	0.0	0.0	0.0	0
78.840828	0.0	0.0	0.0	79.108398	78.918098	0.0	0.0	0.0	0.0	0.0	0.0	0.0	0.0	78.72155	0.0	0.0	0.0	0.0	0.0	0.0	0.0	0.0	0.0	0.0	0.0	0.0	0.0	0.0	0.0	0.0	0.0	0.0	0.0	0.0	0.0	0.0	0.0	0.0	0.0	78.711716	91.086105	87.198853	100.0	81.620796	87.080559	98.998108	92.042236	92.210312	90.666321	90.618408	80.855759	80.819748	81.067444	79.096375	79.288803	78.941147	78.94133	90.721138	90.473999	86.919495	90.497299	90.498589	92.051758	91.592865	91.971802	79.19091	80.631012	91.984901	92.366409	92.210175	81.826202	81.68013	81.80983	0.0	0.0	0.0	0.0	0.0	0.0	0.0	0.0	0.0	0.0	0.0	0.0	0.0	0.0	0.0	0.0	0.0	0.0	0.0	0.0	0.0	0.0	0.0	0.0	0.0	0.0	0.0	0.0	0.0	0.0	0.0	0.0	0.0	0.0	0.0	0.0	0.0	0.0	0.0	0.0	0.0	0.0	0.0	0.0	0.0	0.0	0.0	0.0	0.0	0.0	0.0	0
0.0	78.281746	0.0	0.0	0.0	0.0	0.0	78.430382	0.0	0.0	0.0	0.0	0.0	0.0	0.0	0.0	0.0	0.0	0.0	0.0	0.0	0.0	0.0	0.0	0.0	0.0	0.0	0.0	0.0	0.0	0.0	0.0	0.0	0.0	0.0	0.0	0.0	0.0	0.0	0.0	78.188927	81.950439	82.631439	81.620796	100.0	82.543571	81.684334	82.118996	81.918617	81.561996	81.646255	80.801941	80.555862	80.678223	78.716064	78.937042	78.677719	78.666275	81.665741	81.711342	82.335922	81.50058	81.77774	82.00087	81.846405	81.893753	78.928406	80.679047	82.132057	81.828285	81.853409	98.494385	99.09758	98.391586	0.0	0.0	0.0	0.0	0.0	0.0	0.0	0.0	0.0	0.0	0.0	0.0	0.0	0.0	0.0	0.0	0.0	0.0	0.0	0.0	0.0	0.0	0.0	0.0	0.0	0.0	0.0	0.0	0.0	0.0	0.0	0.0	0.0	0.0	0.0	0.0	0.0	0.0	0.0	0.0	0.0	0.0	0.0	0.0	0.0	0.0	0.0	0.0	0.0	0.0	0.0	0
0.0	78.98436	0.0	0.0	0.0	0.0	0.0	0.0	0.0	0.0	0.0	0.0	0.0	0.0	0.0	0.0	0.0	0.0	0.0	0.0	0.0	0.0	0.0	0.0	0.0	0.0	0.0	0.0	0.0	0.0	0.0	0.0	0.0	0.0	0.0	0.0	0.0	0.0	0.0	0.0	79.071136	87.87323	99.274353	87.080559	82.543571	100.0	87.092354	88.556381	88.267097	87.348038	87.384544	81.102493	80.977463	81.106407	78.809769	78.905899	78.961693	79.025406	87.598747	87.367607	98.680008	87.212784	87.416229	88.312622	87.846039	88.005524	79.011826	81.001045	88.494164	88.308914	88.252563	82.544342	82.666496	82.557205	0.0	0.0	0.0	0.0	0.0	0.0	0.0	0.0	0.0	0.0	0.0	0.0	0.0	0.0	0.0	0.0	0.0	0.0	0.0	0.0	0.0	0.0	0.0	0.0	0.0	0.0	0.0	0.0	0.0	0.0	0.0	0.0	0.0	0.0	0.0	0.0	0.0	0.0	0.0	0.0	0.0	0.0	0.0	0.0	0.0	0.0	0.0	0.0	0.0	0.0	0.0	0
78.692024	0.0	0.0	0.0	0.0	0.0	0.0	0.0	0.0	0.0	0.0	0.0	0.0	0.0	0.0	0.0	0.0	0.0	0.0	0.0	0.0	0.0	0.0	0.0	0.0	0.0	0.0	0.0	0.0	0.0	0.0	0.0	0.0	0.0	0.0	0.0	0.0	0.0	0.0	0.0	0.0	91.073715	87.107361	98.998108	81.684334	87.092354	100.0	92.148643	92.259842	90.693748	90.716522	80.907578	81.085892	80.927643	79.036919	79.268707	79.013046	79.232101	90.704185	90.515533	87.006393	90.536285	90.483437	92.15596	91.650421	92.093437	79.297852	80.835419	92.108223	92.464691	92.25943	81.775818	81.631668	81.777466	0.0	0.0	0.0	0.0	0.0	0.0	0.0	0.0	0.0	0.0	0.0	0.0	0.0	0.0	0.0	0.0	0.0	0.0	0.0	0.0	0.0	0.0	0.0	0.0	0.0	0.0	0.0	0.0	0.0	0.0	0.0	0.0	0.0	0.0	0.0	0.0	0.0	0.0	0.0	0.0	0.0	0.0	0.0	0.0	0.0	0.0	0.0	0.0	0.0	0.0	0.0	0
78.905426	0.0	0.0	0.0	0.0	0.0	0.0	0.0	0.0	0.0	0.0	78.905304	0.0	0.0	0.0	0.0	0.0	0.0	0.0	0.0	0.0	0.0	0.0	0.0	0.0	0.0	0.0	0.0	0.0	0.0	0.0	0.0	0.0	0.0	0.0	0.0	0.0	0.0	0.0	0.0	79.18103	93.080399	88.602539	92.042236	82.118996	88.556381	92.148643	100.0	93.994911	92.777054	92.783142	81.359482	81.387009	81.465218	78.942047	79.003326	78.91275	79.358994	92.712296	92.328125	88.555176	92.435318	92.430344	98.235191	93.745789	94.201813	79.093071	81.272224	99.952606	94.314514	93.995987	82.333221	82.241394	82.228127	0.0	0.0	0.0	0.0	0.0	0.0	0.0	0.0	0.0	0.0	0.0	0.0	0.0	0.0	0.0	0.0	0.0	0.0	0.0	0.0	0.0	0.0	0.0	0.0	0.0	0.0	0.0	0.0	0.0	0.0	0.0	0.0	0.0	0.0	0.0	0.0	0.0	0.0	0.0	0.0	0.0	0.0	0.0	0.0	0.0	0.0	0.0	0.0	0.0	0.0	0.0	0
78.704659	0.0	0.0	0.0	0.0	0.0	0.0	0.0	0.0	0.0	0.0	0.0	0.0	0.0	0.0	0.0	0.0	0.0	0.0	0.0	0.0	0.0	0.0	0.0	0.0	0.0	0.0	0.0	0.0	0.0	0.0	0.0	0.0	0.0	0.0	0.0	0.0	0.0	0.0	0.0	79.168106	92.815979	88.233429	92.210312	81.918617	88.267097	92.259842	93.994911	100.0	92.568298	92.528961	80.959671	81.165588	81.160233	78.840782	79.128983	78.91568	79.051842	92.536201	92.022171	88.182854	92.228775	92.252228	93.913483	93.267555	94.88382	78.906235	80.944107	93.950836	96.515663	99.994492	82.108002	82.019661	81.928116	0.0	0.0	0.0	0.0	0.0	0.0	0.0	0.0	0.0	0.0	0.0	0.0	0.0	0.0	0.0	0.0	0.0	0.0	0.0	0.0	0.0	0.0	0.0	0.0	0.0	0.0	0.0	0.0	0.0	0.0	0.0	0.0	0.0	0.0	0.0	0.0	0.0	0.0	0.0	0.0	0.0	0.0	0.0	0.0	0.0	0.0	0.0	0.0	0.0	0.0	0.0	0
0.0	0.0	78.965492	0.0	0.0	0.0	0.0	0.0	0.0	0.0	0.0	0.0	0.0	0.0	0.0	0.0	0.0	0.0	0.0	0.0	0.0	0.0	0.0	0.0	0.0	0.0	0.0	0.0	0.0	0.0	0.0	0.0	0.0	0.0	0.0	0.0	0.0	0.0	0.0	0.0	0.0	99.16951	87.439102	90.666321	81.561996	87.348038	90.693748	92.777054	92.568298	100.0	98.570831	80.988365	81.161682	81.239273	79.088547	79.09668	78.81414	79.157898	98.3396	91.474686	87.310883	95.172272	95.54892	92.741867	92.281227	92.446213	79.163399	80.934151	92.753479	92.908104	92.529556	81.661072	81.649002	81.687988	0.0	0.0	0.0	0.0	0.0	0.0	0.0	0.0	0.0	0.0	0.0	0.0	0.0	0.0	0.0	0.0	0.0	0.0	0.0	0.0	0.0	0.0	0.0	0.0	0.0	0.0	0.0	0.0	0.0	0.0	0.0	0.0	0.0	0.0	0.0	0.0	0.0	0.0	0.0	0.0	0.0	0.0	0.0	0.0	0.0	0.0	0.0	0.0	0.0	0.0	0.0	0
0.0	0.0	78.858368	0.0	0.0	0.0	0.0	0.0	0.0	0.0	0.0	0.0	0.0	0.0	0.0	0.0	0.0	0.0	0.0	0.0	0.0	0.0	0.0	0.0	0.0	0.0	0.0	0.0	0.0	0.0	0.0	0.0	0.0	0.0	0.0	0.0	0.0	0.0	0.0	0.0	79.158585	98.701187	87.53009	90.618408	81.646255	87.384544	90.716522	92.783142	92.528961	98.570831	100.0	80.918434	81.090073	81.34996	78.952087	79.02169	78.76001	78.989304	98.275108	91.306084	87.365654	95.097664	95.466202	92.697571	92.198532	92.483734	79.071648	80.895996	92.732407	92.885376	92.479706	81.751152	81.664322	81.652664	0.0	0.0	0.0	0.0	0.0	0.0	0.0	0.0	0.0	0.0	0.0	0.0	0.0	0.0	0.0	0.0	0.0	0.0	0.0	0.0	0.0	0.0	0.0	0.0	0.0	0.0	0.0	0.0	0.0	0.0	0.0	0.0	0.0	0.0	0.0	0.0	0.0	0.0	0.0	0.0	0.0	0.0	0.0	0.0	0.0	0.0	0.0	0.0	0.0	0.0	0.0	0
