1736473.3	386.162	386.161	386.182	2583231.6	754521.3	2291939.3	2815360.3	1841611.3	1736577.3	1378077.3	2817706.3	1752526.3	1735675.3	984260.6	1736312.3	1368417.4	2613770.3	29449.42	1523420.3	1986026.4	2919917.3	2067451.4	1368430.4	1907413.3	1523429.3	2726076.3	2806346.3	2845820.10	240521.3	1571470.3	1736428.3	2182425.3	379684.3	2171756.3	2937795.4	2819999.3	484088.4	1184720.7	384.95	386.180	384.94	384.1004	384.1008	754523.3	936136.8	387.278	384.431	1825933.3	386.177	395491.3	387.283	384.393	386.178	1703971.3	2731096.3	754764.3	395492.8	754762.3	754522.3	1328306.3	29449.15	2731112.3	1981173.3	1138194.8	1138189.6	1223565.8	1138190.4	1408223.5	2035449.3	385.8	451876.4	293958.16	1144306.3	1312183.9	2048897.3	1041147.3	1841653.4	363754.4	398.4	398.16	2364272.4	1566260.3	698761.4	2028343.3	2795216.3	50338.5	538025.6	1418105.3	1079460.3	2849093.3	2587071.3	990285.3	1500304.3	1764276.3	348824.51	1841654.4	1736592.3	2613771.3	2819997.3	2603277.3	1736358.3	1566263.3	391.9	2135650.3	1736380.3	1500301.3	2895568.3	2813827.4	908946.3	1335060.3	136098.3	1120688.3	1532558.3	1907415.3	887144.4	2726075.3	398.14	1335060.80
100.0	77.743164	77.741257	77.866837	77.93924	77.83847	78.468971	78.358932	78.071014	78.543999	78.358337	78.378098	78.240601	78.443024	77.758476	78.266129	77.909889	78.363983	78.007675	78.153618	78.41571	78.530716	78.711334	78.690552	78.43837	78.420242	78.435638	78.494354	78.456322	78.557121	78.378311	77.629623	78.34967	80.090469	78.212898	78.431122	0.0	0.0	78.031891	77.86058	77.864426	77.825607	77.792191	77.852982	77.811264	77.851898	77.908661	77.895737	78.042404	77.843704	78.105148	77.929779	77.838326	77.890282	77.863235	77.897171	77.816162	77.748581	77.826302	77.741287	77.946632	77.813873	77.767471	77.747444	77.763313	77.698837	77.940582	78.001083	77.739914	77.963821	77.916458	98.880714	77.829132	78.027245	77.624947	78.049896	77.809586	77.971893	77.900322	77.839905	77.85099	77.790176	77.96933	78.050827	77.816483	77.986687	77.816101	77.549278	77.657349	77.587196	78.050613	77.700172	77.58979	77.879906	78.252014	77.967224	78.01709	77.877441	77.871712	77.655037	78.512985	77.442009	77.80455	78.01339	77.648636	78.030304	77.698135	77.747139	78.500122	78.021782	78.326851	78.277908	78.66745	78.084991	78.367325	78.239578	0.0	0.0	0.0
77.743164	100.0	96.002281	88.819061	88.810989	88.932121	78.915375	79.234894	78.928574	79.185066	79.32576	79.207947	79.176849	78.553787	77.635887	78.296837	77.931549	82.820847	82.167221	79.034271	79.671677	79.291252	79.427734	79.318176	79.441254	79.408981	79.914398	79.434158	79.518097	79.25209	79.370087	79.382523	80.787689	79.628571	80.019615	79.212181	79.735916	80.037125	89.07019	88.721581	88.728127	88.900391	88.841614	88.94693	88.815201	88.842644	88.855614	88.81295	88.850929	88.851562	88.850616	88.52594	88.906143	88.873222	96.004593	90.323563	91.739182	91.686401	90.421875	90.321396	87.766052	88.325089	87.625885	87.131256	87.525848	87.015198	87.966095	88.354416	89.490219	89.358109	89.158722	77.925941	80.929565	81.106094	80.544724	81.124748	81.156723	80.64695	81.24614	80.784332	80.76458	81.539536	80.556854	80.804337	80.510208	80.690292	81.60939	82.168106	81.901108	81.511017	83.053589	80.892029	80.939407	80.760979	80.997421	81.131821	81.214325	81.14949	81.030167	79.885925	79.501144	78.949326	78.767563	79.224602	79.325752	79.794525	79.742378	79.506165	79.751984	79.531708	79.39856	78.944931	79.810295	79.503998	79.184204	78.719437	77.663857	0.0	0.0
77.741257	96.002281	100.0	88.972694	89.023727	89.03038	78.874756	79.241837	78.857544	78.996918	79.373978	79.297791	79.230263	78.527863	77.676971	78.351334	77.91095	82.871613	82.13739	79.154068	79.708603	79.379982	79.477844	79.447586	79.426926	79.421478	79.978363	79.4086	79.616455	79.313217	79.488853	79.409241	80.848221	79.60788	80.067215	79.433487	79.74337	80.106842	89.16925	88.897926	88.839066	89.089745	89.038147	89.07489	88.897835	88.996124	88.995888	88.910202	88.945724	88.948685	88.948463	88.687485	88.918015	88.975937	96.699814	90.467056	91.740097	91.858246	90.630058	90.438919	87.913467	88.354477	87.715302	87.338165	87.608734	87.081879	88.069946	88.368973	89.441238	89.342728	89.107407	77.884689	81.048248	81.23716	80.462585	81.071182	81.23584	80.711136	81.360275	80.897934	80.848572	81.460815	80.66761	81.073235	80.575699	80.697311	81.720535	82.130173	82.029251	81.707283	83.223511	80.989243	80.967148	80.760841	81.115112	81.205261	81.222183	81.090256	81.129532	79.88517	79.391647	79.045624	78.890343	79.348602	79.469955	79.716049	79.805588	79.782623	79.820312	79.561859	79.502457	78.938057	79.899139	79.628098	79.272034	78.740219	77.533401	0.0	0.0
77.866837	88.819061	88.972694	100.0	92.822128	93.193161	78.701538	79.100014	78.708473	78.890228	79.035645	78.985245	78.942123	78.364502	77.577332	78.288635	77.779572	82.602936	81.792572	78.820511	79.43174	79.076828	79.255646	79.253967	79.204613	79.3526	79.615501	79.222687	79.275497	79.266335	79.424469	79.139496	80.474426	79.558823	79.867294	78.939072	79.751373	79.992081	91.438751	97.435394	98.165894	94.387054	94.883896	92.804306	92.366547	92.322601	92.300385	92.26223	93.686859	93.717026	92.750641	92.193802	93.234116	93.19413	88.8508	89.247383	88.789108	88.87915	88.938835	88.758133	87.004875	87.362198	87.169006	86.823372	87.405785	86.865036	87.762619	87.260399	87.543846	88.044624	87.599686	78.120224	80.981934	81.046021	80.301834	80.779434	80.603897	80.501122	80.699707	80.460907	80.406509	80.802216	80.483978	80.503281	80.357254	80.445114	82.053497	81.324448	81.534309	81.782646	83.016487	80.852753	80.744415	80.661934	81.065628	81.191147	81.040604	80.97744	80.94545	79.739807	79.167992	78.792542	78.5867	79.003387	79.096924	79.342804	79.775589	79.660782	79.519669	79.250931	79.24865	79.026344	79.638748	79.49588	78.984268	78.483398	77.65847	0.0	0.0
77.93924	88.810989	89.023727	92.822128	100.0	93.112549	78.895004	79.140808	78.893829	78.955811	79.067154	79.167496	79.068985	78.642578	77.617523	78.127274	77.908478	82.689911	81.945747	79.034058	79.535873	79.245026	79.263306	79.401001	79.417625	79.380585	79.686165	79.149231	79.452148	79.295975	79.648384	79.132202	80.519936	79.630051	80.045319	79.126801	79.794357	79.937927	91.168869	92.741684	92.809174	93.357895	93.167343	94.62233	93.988548	94.065376	94.248383	94.030838	94.286819	93.923248	94.038574	92.379936	93.534042	93.124832	88.856232	89.542526	88.939255	88.988052	89.090858	88.746651	87.128334	87.412231	87.489014	86.994759	87.779495	86.962189	87.800385	87.654129	87.5793	88.151779	87.690018	78.200485	80.852859	81.065315	80.338203	80.793785	80.629669	80.638641	80.743034	80.605019	80.473167	80.834831	80.51413	80.6586	80.317917	80.469543	82.110687	81.391418	81.717728	81.887939	83.040695	80.995918	80.882675	80.75528	80.87764	81.151009	81.091393	80.845116	80.987946	79.662537	79.30748	78.826889	78.744751	79.044128	79.176453	79.373703	79.847374	79.696777	79.508011	79.471481	79.125549	78.90052	79.762108	79.453217	79.089104	78.547913	77.618553	0.0	0.0
77.83847	88.932121	89.03038	93.193161	93.112549	100.0	78.730164	78.944031	78.785889	78.842743	79.033997	78.981415	79.009491	78.558167	77.535072	78.169205	77.848488	82.67514	81.785522	78.895996	79.586578	79.128654	79.319733	79.478989	79.294586	79.25058	79.725487	79.229935	79.455513	79.214729	79.59037	79.033058	80.445145	79.461563	79.838478	79.082649	79.623566	79.970512	91.210312	93.180595	93.299957	93.987221	94.00177	93.805786	92.917328	93.052231	93.010712	92.869659	93.15126	93.721924	93.496574	93.907661	97.894653	98.240906	88.99205	89.472771	88.943069	89.012268	89.099365	88.858765	87.059845	87.438232	87.295639	86.909225	87.466118	87.015762	87.789192	87.406876	87.604408	88.060837	87.671188	77.946915	80.772293	81.00502	80.434189	80.749893	80.627464	80.406998	80.679405	80.501724	80.483521	80.732468	80.463959	80.529221	80.327942	80.392403	82.143997	81.36319	81.784439	81.808868	83.053696	80.862747	80.848785	80.632645	81.10994	81.349777	80.962601	81.053314	80.908218	79.690704	79.319008	78.750351	78.712395	79.0746	79.262711	79.360947	79.749229	79.439697	79.534813	79.398621	79.186699	78.957733	79.691513	79.562881	79.007507	78.614655	77.350525	0.0	0.0
78.468971	78.915375	78.874756	78.701538	78.895004	78.730164	100.0	87.198669	85.902832	87.164612	88.014191	88.453995	88.304382	80.240753	79.552155	80.296997	79.685806	79.305191	79.059372	78.558723	78.909271	78.792328	79.091766	79.211929	78.809372	78.989235	79.125519	79.03672	79.177208	79.028534	79.241348	78.471458	79.398933	79.314514	78.946892	78.73848	78.149155	78.012512	78.89415	78.727638	78.766113	78.809006	78.843666	78.882797	78.875542	78.786285	78.887932	78.792061	78.826126	78.790085	78.814331	78.780106	78.648956	78.704773	78.908798	78.840385	78.903351	78.877335	78.877594	78.851624	78.693008	78.844467	78.755585	78.582703	78.764557	78.49379	78.771133	78.773109	78.73674	78.864365	78.828293	78.2855	78.825371	78.914848	78.603165	78.676285	78.673691	78.791885	78.740639	78.723618	78.86618	78.688728	78.73114	78.851486	78.75856	78.876343	78.252869	78.373001	78.274109	78.219383	78.777786	78.377548	78.205414	78.371361	78.454254	78.462166	78.633514	78.478333	78.743713	78.286652	78.813866	78.127541	78.145576	78.768166	78.441757	78.595078	78.373932	78.418922	78.906372	78.796783	78.548904	78.535873	79.001259	78.572983	78.822083	78.367981	79.151779	0.0	0.0
78.358932	79.234894	79.241837	79.100014	79.140808	78.944031	87.198669	100.0	89.494781	89.096207	88.943314	89.099045	88.10128	80.527954	79.6707	80.566521	79.756973	79.378784	79.333649	78.792313	79.042282	78.946564	79.112808	79.288162	78.90593	78.903938	79.285248	79.155289	79.179634	79.082657	79.209	78.630928	79.422943	79.620575	79.143486	78.621758	78.474716	78.151588	79.146805	79.106293	79.049423	79.03064	78.983673	79.106926	79.001419	79.053558	79.072372	79.108162	78.958847	79.040405	79.035133	78.983582	78.975998	78.963593	79.122253	79.194611	79.303085	79.122986	79.145416	79.1642	78.806488	79.106285	78.961929	78.931381	78.899399	78.77742	79.035599	79.001488	79.080505	79.026413	79.187836	78.557968	78.948975	78.994598	78.667549	78.982056	78.761246	78.884636	79.069794	79.034607	78.950439	78.998375	78.892723	79.051086	78.813156	79.005676	78.634811	78.286339	78.464226	78.331177	78.990677	78.584106	78.488129	78.63266	78.516174	78.648125	78.886703	78.872894	78.930557	78.479095	78.982521	78.30896	78.509735	78.965988	78.521721	78.964188	78.623451	78.652283	79.427078	79.693161	79.073776	78.701202	79.396454	78.78952	78.981133	78.588882	79.155403	0.0	0.0
78.071014	78.928574	78.857544	78.708473	78.893829	78.785889	85.902832	89.494781	100.0	87.652756	87.72789	88.001305	87.133362	80.316658	79.736664	80.412071	79.68396	79.015976	78.86734	78.473297	78.890579	78.886093	78.849022	78.803848	78.762009	78.829247	79.089386	78.968628	78.962433	78.846527	79.025558	78.577538	79.279633	79.23465	78.844948	78.566772	78.454109	77.979324	78.793274	78.739357	78.737381	78.881531	78.835083	78.770615	78.77037	78.963882	78.906677	78.943588	78.762474	78.768288	78.87619	78.747002	78.835129	78.79538	78.973282	78.816345	78.885025	78.861237	78.880997	78.766281	78.819107	78.874985	78.66629	78.688011	78.713028	78.451088	78.799828	78.820175	78.871292	78.925461	78.847061	78.261826	78.697006	78.816887	78.323433	78.508118	78.584015	78.667709	78.78817	78.731522	78.698578	78.731949	78.614227	78.841202	78.646103	78.957344	78.147072	78.278458	78.374542	78.088486	78.728622	78.463974	78.438293	78.40435	78.516151	78.522835	78.694977	78.76152	78.639709	78.408371	78.859421	78.303543	78.568741	78.397842	78.489349	78.839584	78.539764	78.423126	79.04718	78.403526	78.550873	78.324326	78.945221	78.514725	78.645958	78.377625	79.089996	0.0	0.0
78.543999	79.185066	78.996918	78.890228	78.955811	78.842743	87.164612	89.096207	87.652756	100.0	91.369797	89.114044	88.51442	80.326889	79.681671	80.402496	79.541176	79.310585	79.162567	78.768204	79.124008	78.815216	79.00148	79.174896	78.888489	78.991119	79.176147	79.094269	79.187912	79.050591	78.943314	78.735497	79.465736	79.280365	79.014404	78.776192	78.200211	78.104095	78.984207	78.837341	78.912743	79.020752	78.908783	78.99984	78.836525	79.093933	78.921692	78.974136	78.812347	78.862511	79.091408	78.824097	78.974426	78.846603	79.11235	78.98748	79.031921	78.99086	78.964951	79.079269	78.827446	78.959427	79.003113	78.798485	78.858444	78.77919	79.012108	78.956963	78.860764	79.044258	78.9841	78.451263	78.838257	78.801102	78.614838	78.641945	78.623917	78.769531	78.818573	78.754242	78.677292	78.861328	78.638123	78.745132	78.687332	78.85463	78.425339	78.286263	78.316376	78.351852	78.924225	78.43428	78.336311	78.478485	78.657494	78.638062	78.737457	78.712677	78.734055	78.14904	78.826935	78.290237	78.415207	78.562325	78.52565	78.867218	78.58699	78.651123	79.320595	79.343872	79.355469	78.651779	79.251923	78.802727	78.658646	78.600853	79.284378	0.0	0.0
78.358337	79.32576	79.373978	79.035645	79.067154	79.033997	88.014191	88.943314	87.72789	91.369797	100.0	89.717918	89.251877	80.445404	79.840515	80.588097	79.928589	79.463501	79.357407	78.694176	79.242249	78.939377	79.124992	79.146553	78.94413	79.219757	79.244476	79.09758	79.193542	79.071075	79.532936	78.796623	79.685577	79.606949	79.219177	78.979279	78.418686	78.413132	79.145493	78.969879	78.986565	79.061516	78.993286	79.159096	78.976234	79.049118	79.164856	79.139877	79.046844	78.992508	79.134018	78.980835	79.061996	79.033524	79.204788	79.158951	79.36055	79.384064	79.201843	79.197418	79.18853	79.283173	79.177902	78.984192	79.094879	78.879883	79.224487	79.080154	79.234177	79.296951	79.304825	78.392899	78.936989	79.073311	78.820839	78.934967	78.779327	78.861816	78.945435	78.848755	78.985329	78.919792	79.018639	79.009827	78.906265	78.879997	78.544006	78.413971	78.454376	78.533287	79.030594	78.653587	78.651337	78.461304	78.633911	78.596497	79.012245	78.822601	78.926422	78.217667	79.057892	78.220901	78.422287	78.654869	78.704498	78.942291	78.723137	78.664101	79.254227	78.608147	78.780289	78.584259	79.424698	78.930222	78.948669	78.723709	79.300011	0.0	0.0
78.378098	79.207947	79.297791	78.985245	79.167496	78.981415	88.453995	89.099045	88.001305	89.114044	89.717918	100.0	90.703865	80.615265	79.891579	80.422058	79.690063	79.446518	79.231415	78.723984	79.307312	78.888947	79.105392	79.061806	79.039688	79.028381	79.161011	79.287766	79.272331	79.194283	79.245399	78.722733	79.472137	79.58313	79.249573	78.830643	78.41861	78.30014	79.210922	79.034157	78.959641	79.005325	79.016037	79.109344	79.190262	79.111649	79.241127	79.299652	79.145844	79.022919	79.099976	79.105232	79.060974	79.093422	79.29882	79.040207	79.302673	79.298569	79.174438	79.122307	79.082748	79.144531	79.099579	79.078644	78.880493	78.870232	79.083923	79.195679	79.127884	79.353607	79.151398	78.330727	79.029869	79.059273	78.600784	78.939575	78.778198	79.075127	79.009407	78.915237	79.045631	79.034866	78.851883	78.996811	78.878189	79.07811	78.617371	78.323814	78.566444	78.491905	79.17572	78.507141	78.34938	78.675995	78.634193	78.496857	78.782806	78.71814	78.757202	78.402069	78.926247	78.200806	78.357079	78.598038	78.583008	78.867905	78.680756	78.789116	79.290451	78.677513	78.743843	78.552582	79.326782	78.928177	78.90921	78.665894	79.251503	0.0	0.0
78.240601	79.176849	79.230263	78.942123	79.068985	79.009491	88.304382	88.10128	87.133362	88.51442	89.251877	90.703865	100.0	80.354797	79.669128	80.479195	79.794365	79.325821	79.106232	78.814209	79.129517	78.867157	79.059151	79.034073	78.850136	78.993469	79.133095	79.128357	79.081116	78.879761	79.073883	78.63118	79.371994	79.377838	79.1353	78.756882	78.322647	78.134026	79.023834	78.929077	78.890633	79.106834	78.924416	79.157425	78.986008	78.984436	79.092079	79.073624	79.069916	79.043945	78.908646	78.957321	79.083099	78.917679	79.184875	78.854103	79.118332	79.047577	79.040764	79.096298	79.082634	78.996841	78.942596	78.901451	78.913483	78.689636	78.979752	78.98613	79.071121	79.183258	79.086456	78.380203	78.907402	78.994232	78.516907	78.815552	78.718582	78.908539	78.792931	78.865738	78.756226	78.855042	78.901283	79.022606	78.702637	78.864395	78.473045	78.350456	78.348175	78.374084	79.033447	78.491455	78.435944	78.49028	78.553894	78.553131	78.839882	78.702126	78.628937	78.183029	78.914093	78.340759	78.312973	78.489906	78.433418	78.980209	78.650757	78.635971	79.116089	78.583557	78.444046	78.487946	79.139099	78.855331	78.771515	78.834915	79.15123	0.0	0.0
78.443024	78.553787	78.527863	78.364502	78.642578	78.558167	80.240753	80.527954	80.316658	80.326889	80.445404	80.615265	80.354797	100.0	80.060211	80.752441	80.028908	78.886475	78.714882	78.627777	78.729507	78.518707	78.747498	78.808983	78.894638	78.733124	78.687546	78.610107	78.552917	78.803833	78.879364	78.402168	78.73159	78.982971	78.477081	78.77404	78.025574	78.185333	78.418861	78.43924	78.455048	78.323219	78.332993	78.511093	78.383492	78.499405	78.516022	78.523392	78.691177	78.576492	78.62883	78.420654	78.617569	78.443016	78.627731	78.426994	78.628998	78.593452	78.64534	78.487396	78.461014	78.576668	78.487373	78.34462	78.341148	78.276337	78.622467	78.455605	78.539268	78.654701	78.653	78.44693	78.366486	78.552048	78.273132	78.41925	78.46431	78.642395	78.558014	78.471176	78.54837	78.486557	78.498627	78.465576	78.424408	78.439545	78.196533	78.120796	78.070801	78.154724	78.630356	78.531433	78.356628	78.460449	78.361404	78.303055	78.72963	78.644325	78.639389	78.137146	78.41967	78.13472	78.220207	78.15239	78.240204	78.539284	78.340294	78.451401	78.643723	78.154816	78.383179	78.307419	78.724106	78.412018	78.562927	78.333389	78.88327	0.0	0.0
77.758476	77.635887	77.676971	77.577332	77.617523	77.535072	79.552155	79.6707	79.736664	79.681671	79.840515	79.891579	79.669128	80.060211	100.0	82.874001	82.721283	78.092461	78.070641	77.743752	78.054749	77.720749	78.029434	77.994873	77.863831	77.911301	78.27478	78.069511	77.909004	77.890465	77.93795	77.893349	77.783432	78.062225	77.785995	77.837036	77.388535	77.539345	77.70015	77.657837	77.727623	77.651207	77.688553	77.708176	77.625191	77.710793	77.559723	77.532257	77.707855	77.514145	77.761322	77.522018	77.591583	77.543304	77.788933	77.636993	77.615219	77.540268	77.632271	77.663452	77.6437	77.521652	77.693459	77.525848	77.613045	77.386612	77.661209	77.768852	77.548172	77.603195	77.532936	77.969376	77.744247	77.939903	77.519882	77.738144	77.749573	77.720978	77.703583	77.656448	77.873413	77.683975	77.74559	77.721054	77.556656	77.773842	77.328667	77.461227	77.473099	77.487045	77.692856	77.701248	77.707413	77.680878	77.783958	77.826248	77.889587	77.775177	77.844955	77.669617	77.794769	77.432991	77.828026	77.655403	77.524887	77.71553	77.564972	77.891266	77.787872	77.388588	77.696701	77.694153	77.874161	77.495567	77.883026	77.835693	79.140793	0.0	0.0
78.266129	78.296837	78.351334	78.288635	78.127274	78.169205	80.296997	80.566521	80.412071	80.402496	80.588097	80.422058	80.479195	80.752441	82.874001	100.0	83.252129	78.799759	78.651291	78.278412	78.578094	78.441238	78.602028	78.527	78.471237	78.481438	78.743713	78.566277	78.574173	78.377625	78.50975	78.363564	78.497177	78.665764	78.304108	78.457932	77.918274	77.903938	78.143738	78.23082	78.193741	78.064758	78.001175	78.037117	78.128326	78.21328	78.271751	78.12468	78.197845	78.137924	78.290733	77.993607	78.169441	78.22229	78.358704	78.23703	78.25634	78.291893	78.358429	78.310791	78.106743	78.13546	78.084976	78.06752	78.025139	77.888107	78.142685	78.187256	78.234825	78.178101	78.203438	78.347603	78.192963	78.468277	78.072449	78.108856	78.190109	78.452438	78.217751	78.170639	78.19516	78.25444	78.164108	78.390854	78.125847	78.305496	77.839775	77.888763	77.820114	77.739532	78.386414	78.1418	77.959435	78.083069	78.081535	78.182968	78.449959	78.353394	78.519478	78.081528	78.398598	78.160202	78.230156	78.338013	77.986526	78.275703	78.033165	78.339302	78.362915	77.700325	77.936333	78.14415	78.343964	78.054245	78.182755	78.340073	79.296242	0.0	0.0
77.909889	77.931549	77.91095	77.779572	77.908478	77.848488	79.685806	79.756973	79.68396	79.541176	79.928589	79.690063	79.794365	80.028908	82.721283	83.252129	100.0	78.248856	78.082642	78.016319	77.983475	77.958488	78.202057	77.980087	78.04203	78.085938	78.284653	78.169952	78.142181	78.022308	78.091888	77.926682	78.073639	78.129143	77.958313	77.854782	77.737564	77.641693	77.874542	77.775925	77.747437	77.701187	77.712479	77.761696	77.660645	77.78096	77.816818	77.709274	77.832184	77.837524	77.810165	77.858864	77.856995	77.807953	77.992035	77.769623	77.826172	77.917389	77.939758	77.725632	77.877136	77.850357	77.635109	77.63884	77.772842	77.780365	77.773422	77.803421	77.865402	77.79557	77.754295	77.969681	77.984406	77.939529	77.736908	77.875961	77.812012	77.953972	77.855225	77.801956	77.912598	77.879707	77.914642	77.996796	77.819855	77.977592	77.62854	77.572784	77.612335	77.510628	77.777679	77.988937	77.773674	78.024765	77.778381	77.759338	78.087265	78.04715	78.113121	77.92614	78.07074	77.836411	77.865494	77.714066	77.859665	77.739792	77.647354	77.893753	77.908417	77.679733	77.756866	77.781372	77.945663	77.758148	77.886108	77.972931	78.989838	0.0	0.0
78.363983	82.820847	82.871613	82.602936	82.689911	82.67514	79.305191	79.378784	79.015976	79.310585	79.463501	79.446518	79.325821	78.886475	78.092461	78.799759	78.248856	100.0	83.123505	79.223755	79.908737	79.600464	79.851639	79.623077	79.754181	79.789993	79.813988	79.744583	79.733185	79.671692	79.880074	79.481369	80.698181	80.01445	80.045158	79.617683	79.945595	80.177834	82.841148	82.517578	82.604553	82.739868	82.638229	82.852692	82.656815	82.821976	82.75444	82.597092	82.717743	82.649719	82.674896	82.547844	82.659248	82.732147	82.917709	82.577293	82.793991	82.902527	82.835823	82.697418	82.455261	82.569458	82.406509	82.341614	82.533112	81.989929	82.669281	82.490372	82.808853	82.760391	82.669579	78.31646	81.030762	81.242302	80.410904	80.80954	80.703018	80.790421	81.037079	80.975098	80.913483	81.024826	80.684357	80.877426	80.848953	80.809174	82.648094	82.086929	82.434158	82.6073	82.590561	81.558212	81.549011	81.501869	81.553146	81.58374	82.023964	81.973167	82.005142	80.056679	79.763138	78.95813	79.020721	79.381195	79.567413	79.900597	79.63205	79.730942	79.59169	79.541161	79.34491	79.361328	79.799484	79.462807	79.494675	78.740623	77.984253	0.0	0.0
78.007675	82.167221	82.13739	81.792572	81.945747	81.785522	79.059372	79.333649	78.86734	79.162567	79.357407	79.231415	79.106232	78.714882	78.070641	78.651291	78.082642	83.123505	100.0	79.181175	79.76326	79.480347	79.833008	79.873947	79.564011	79.67627	79.66777	79.245079	79.749359	79.453949	79.541298	79.360847	80.3703	79.710052	79.76268	79.621307	79.729095	79.855316	81.936523	81.728851	81.773041	81.892159	81.841537	81.995285	81.846115	81.862213	81.813232	81.744736	81.827026	81.881561	81.74987	81.766792	81.767319	81.82608	82.071396	81.817184	82.100723	82.052521	81.865685	81.793762	81.63942	81.769882	81.698303	81.446014	81.621689	81.263527	81.754944	81.688461	81.896179	81.832291	81.875305	78.543701	80.513397	80.80127	80.003433	80.391068	80.210342	80.291885	80.600807	80.484566	80.378754	80.690948	80.183914	80.370415	80.268738	80.242065	81.038376	80.707718	80.907486	81.024826	81.488419	82.126358	82.214233	81.938309	81.919495	81.861031	83.597267	83.069641	83.010635	79.699738	79.668243	78.915649	78.955513	79.246803	79.485123	79.587357	79.479012	79.391724	79.660568	79.580307	79.452354	79.119072	79.717041	79.215836	79.242386	78.720451	77.947617	0.0	0.0
78.153618	79.034271	79.154068	78.820511	79.034058	78.895996	78.558723	78.792313	78.473297	78.768204	78.694176	78.723984	78.814209	78.627777	77.743752	78.278412	78.016319	79.223755	79.181175	100.0	82.62709	82.18605	82.878761	82.35215	82.552643	82.58461	79.978592	80.996086	81.208511	79.672226	79.895905	78.854965	79.396515	80.020828	79.124939	78.914581	78.436142	78.321442	78.990952	78.937119	78.931885	79.002556	78.936813	78.950264	78.941429	78.896576	78.960007	78.924469	78.870255	78.880127	78.857071	78.78421	79.13681	78.895264	79.005257	79.031998	79.04364	79.112427	78.894547	78.819382	78.764282	78.776474	78.754242	78.643005	78.81073	78.574326	78.961441	78.902443	78.803398	78.879311	79.019234	78.27034	78.785599	78.870842	78.477791	78.662384	78.547485	78.913803	78.711754	78.871902	78.744301	78.803986	78.811874	78.746941	78.754456	78.714638	78.486542	78.271896	78.387207	78.429581	78.793137	78.500076	78.524902	78.635635	78.471222	78.424026	78.889984	78.953903	78.801773	78.54483	82.439125	78.37738	78.411278	78.790733	78.689865	78.925156	78.835236	78.893005	79.78981	78.763489	78.846832	78.819382	78.903336	78.715706	79.706398	79.105301	77.794586	0.0	0.0
78.41571	79.671677	79.708603	79.43174	79.535873	79.586578	78.909271	79.042282	78.890579	79.124008	79.242249	79.307312	79.129517	78.729507	78.054749	78.578094	77.983475	79.908737	79.76326	82.62709	100.0	83.396721	84.411743	83.868248	83.940376	83.945526	80.656021	81.614365	82.005661	80.187088	80.499481	79.250259	79.973587	80.364639	79.552658	79.249893	78.885651	78.650772	79.6241	79.46846	79.432518	79.453857	79.435081	79.471855	79.53019	79.51001	79.472351	79.520653	79.545593	79.354485	79.536423	79.349739	79.658096	79.621979	79.70459	79.293411	79.494781	79.575394	79.475204	79.466934	79.263924	79.34819	79.341171	79.254425	79.192009	79.179245	79.319397	79.40062	79.465698	79.612175	79.670967	78.409149	79.095001	79.396294	78.79567	79.108475	78.884827	79.121033	79.053818	79.121651	78.987976	79.136215	78.965668	79.156036	79.145187	79.069778	78.761208	78.659775	78.697327	78.825348	79.156219	78.882095	78.792877	78.916023	78.93824	78.788261	79.269371	79.030357	79.070114	78.983154	83.973305	78.782257	78.789925	78.979271	79.007156	79.52301	79.346909	79.292793	80.325729	79.325813	79.088425	78.971718	79.257019	79.001892	80.30925	79.323288	77.876663	0.0	0.0
78.530716	79.291252	79.379982	79.076828	79.245026	79.128654	78.792328	78.946564	78.886093	78.815216	78.939377	78.888947	78.867157	78.518707	77.720749	78.441238	77.958488	79.600464	79.480347	82.18605	83.396721	100.0	85.994492	84.977638	85.041771	85.092216	79.981857	81.230118	81.505173	79.863319	80.176468	78.991776	79.634323	79.731186	79.298416	78.934883	78.711807	78.502167	79.221016	79.117615	78.990433	79.13623	79.120399	79.352661	79.210938	79.297272	79.256912	79.178261	79.192139	79.142189	79.314407	79.083588	79.282295	79.164642	79.333092	79.153397	79.343903	79.486565	79.119171	79.12664	79.183922	79.209564	79.078598	78.913071	79.262383	78.962692	79.18985	79.201416	79.154007	79.181274	79.244545	78.606354	78.976257	79.104675	78.729996	78.901871	78.952423	78.964554	78.993591	78.964882	79.154594	79.120872	79.023605	79.119644	79.086258	79.111725	78.756348	78.701157	78.535706	78.566437	78.89711	78.874367	78.842506	78.811798	78.888184	78.780403	79.084137	78.954483	79.057846	78.738861	87.721222	78.513618	78.665314	78.733383	78.834946	79.329048	79.066391	79.207169	80.017914	79.068069	79.083084	79.129509	79.174515	79.08371	79.930473	79.112671	77.875504	0.0	0.0
78.711334	79.427734	79.477844	79.255646	79.263306	79.319733	79.091766	79.112808	78.849022	79.00148	79.124992	79.105392	79.059151	78.747498	78.029434	78.602028	78.202057	79.851639	79.833008	82.878761	84.411743	85.994492	100.0	86.732132	87.316254	87.206772	80.272514	81.499352	82.069122	80.140007	80.374756	79.116669	79.703407	80.714798	79.398605	79.268967	78.679367	78.620438	79.358818	79.239212	79.179749	79.176605	79.210068	79.297104	79.188263	79.255135	79.252274	79.199402	79.301216	79.149635	79.265884	79.277031	79.333488	79.363663	79.435905	79.150452	79.330269	79.406181	79.231079	79.267105	79.118637	79.272514	79.268265	79.075119	79.302658	79.004227	79.328888	79.250748	79.334885	79.299728	79.343292	79.063644	78.979355	79.222572	78.689262	79.00061	79.022141	78.96447	79.26297	79.16275	79.051514	79.169083	79.047806	79.252151	78.986031	79.033913	78.784882	78.57959	78.671478	78.861404	79.106689	79.031265	79.045189	79.079041	78.84996	78.845261	79.286118	79.149467	79.382324	78.782898	87.271408	78.623199	78.861877	79.077011	79.187469	79.303452	79.158806	79.30172	80.618378	79.25853	79.478012	78.890533	79.236938	78.994965	80.176407	79.053085	77.71479	0.0	0.0
78.690552	79.318176	79.447586	79.253967	79.401001	79.478989	79.211929	79.288162	78.803848	79.174896	79.146553	79.061806	79.034073	78.808983	77.994873	78.527	77.980087	79.623077	79.873947	82.35215	83.868248	84.977638	86.732132	100.0	91.369171	91.745842	80.241379	81.311691	81.830154	80.14621	80.435135	79.008926	79.728165	80.356659	79.281242	79.25148	78.75354	78.601135	79.259453	79.214157	79.193558	79.37262	79.311554	79.428696	79.277184	79.341255	79.429092	79.307816	79.326355	79.315384	79.379288	79.338982	79.481339	79.436554	79.459251	79.182526	79.388718	79.53862	79.330154	79.230965	79.36377	79.370209	79.335106	79.174789	79.113892	79.031586	79.300781	79.197754	79.386955	79.29335	79.453331	78.911316	78.961487	79.083748	78.7491	79.05835	79.077309	79.195724	79.081665	79.136597	79.108757	79.17382	79.077698	79.166191	79.06192	79.154709	78.795258	78.704346	78.877136	78.689438	79.103455	78.918808	78.931305	79.081223	78.974091	78.922325	79.217178	79.052338	79.194382	78.812164	85.986153	78.867157	78.807419	79.178101	79.155212	79.249359	78.886002	79.101425	80.656235	79.206696	79.415695	78.968369	79.510895	78.943878	80.12796	79.381668	77.825638	0.0	0.0
78.43837	79.441254	79.426926	79.204613	79.417625	79.294586	78.809372	78.90593	78.762009	78.888489	78.94413	79.039688	78.850136	78.894638	77.863831	78.471237	78.04203	79.754181	79.564011	82.552643	83.940376	85.041771	87.316254	91.369171	100.0	93.165924	80.258545	81.291267	81.570251	80.068619	80.265137	78.924553	79.525375	80.1707	79.125443	79.186127	78.514717	78.487518	79.336922	79.256676	79.249435	79.185715	79.272301	79.271683	79.236176	79.243752	79.322617	79.355164	79.231247	79.240295	79.269577	79.294212	79.283051	79.298203	79.383865	79.16687	79.424271	79.437088	79.29245	79.218987	79.094963	79.283035	79.270439	78.97406	79.171288	78.930252	79.133392	79.154678	79.268997	79.092278	79.216843	78.400452	78.987701	79.043335	78.711868	78.91449	78.891838	78.97403	79.031555	78.93222	78.990944	79.05616	79.017532	79.010811	78.946152	78.957825	78.675247	78.363144	78.53537	78.614288	79.128021	78.855026	78.964142	78.805862	78.816681	78.824539	79.205299	79.041725	79.096008	78.573364	86.346069	78.614822	78.623932	78.702454	78.92173	79.292809	78.944855	79.169914	80.207504	78.989449	79.125153	79.060318	79.158218	78.846466	79.949173	79.037674	78.055084	0.0	0.0
78.420242	79.408981	79.421478	79.3526	79.380585	79.25058	78.989235	78.903938	78.829247	78.991119	79.219757	79.028381	78.993469	78.733124	77.911301	78.481438	78.085938	79.789993	79.67627	82.58461	83.945526	85.092216	87.206772	91.745842	93.165924	100.0	80.298363	81.252747	81.711693	80.221283	80.403305	79.010155	79.687668	80.299026	79.18544	79.272682	78.685577	78.482803	79.460464	79.424072	79.351852	79.345268	79.289032	79.370361	79.365944	79.284561	79.423508	79.222198	79.334686	79.278488	79.353302	79.297104	79.224731	79.298401	79.3983	79.213943	79.366882	79.423111	79.409996	79.202744	79.259171	79.346252	79.143021	79.031174	79.273552	79.02597	79.299362	79.29985	79.377495	79.454559	79.41925	78.475555	79.088554	79.160927	78.836411	79.034821	78.940338	79.116089	79.104172	79.213562	79.091339	79.17453	78.986008	79.043091	78.96196	78.983208	78.915382	78.65181	78.668716	78.710526	79.156891	79.050156	79.016678	78.947861	78.86853	78.888184	79.288223	79.116043	79.248901	78.644943	86.234612	78.47477	78.702393	78.79393	78.902435	79.308182	79.054306	79.208939	80.189903	79.221405	79.22084	79.039307	79.317612	78.961075	80.130722	79.301636	78.130798	0.0	0.0
78.435638	79.914398	79.978363	79.615501	79.686165	79.725487	79.125519	79.285248	79.089386	79.176147	79.244476	79.161011	79.133095	78.687546	78.27478	78.743713	78.284653	79.813988	79.66777	79.978592	80.656021	79.981857	80.272514	80.241379	80.258545	80.298363	100.0	80.832108	81.483826	80.15802	80.597748	79.391464	80.29435	79.974533	79.629791	79.085052	79.288345	78.777924	79.749008	79.583824	79.596939	79.670395	79.630875	79.751968	79.722214	79.621414	79.654022	79.634796	79.673798	79.66703	79.684692	79.504097	79.742966	79.747345	79.854782	79.703613	79.900543	79.914413	79.69899	79.763657	79.558357	79.770981	79.679001	79.397202	79.495491	79.330605	79.486565	79.52829	79.827499	79.879478	79.844254	78.292511	79.438377	79.572418	78.961258	79.271866	79.111069	79.305222	79.187347	79.278412	79.298111	79.337029	79.216393	79.134888	79.297241	79.210464	78.96685	78.566666	78.705963	78.75634	79.26825	78.850731	78.813591	78.762978	78.644653	78.848862	79.191292	79.039337	79.167175	79.455673	80.522583	78.773254	79.02887	79.470428	79.368881	79.59491	79.459366	79.648544	80.480858	79.227829	79.210808	78.907059	79.686615	79.289635	80.512703	79.816193	77.701241	0.0	0.0
78.494354	79.434158	79.4086	79.222687	79.149231	79.229935	79.03672	79.155289	78.968628	79.094269	79.09758	79.287766	79.128357	78.610107	78.069511	78.566277	78.169952	79.744583	79.245079	80.996086	81.614365	81.230118	81.499352	81.311691	81.291267	81.252747	80.832108	100.0	87.377411	80.19455	80.332245	79.248428	79.818611	79.518509	79.414536	79.028633	78.667908	78.646469	79.262527	79.175766	79.110596	79.196716	79.250954	79.08667	79.172379	79.237083	79.335526	79.216469	79.190559	79.062263	79.228004	79.233185	79.41066	79.375534	79.379395	79.274155	79.431961	79.404373	79.42804	79.320541	79.152725	79.303337	79.199936	79.212296	79.16069	78.992256	79.233322	79.221786	79.438324	79.34343	79.380737	78.40535	79.236786	79.33596	78.781631	79.021751	78.922668	79.062531	79.099274	78.926208	78.845741	79.148659	78.911484	79.169586	78.879227	78.90683	78.724197	78.594223	78.622269	78.534882	79.082275	78.836853	78.773048	78.793213	78.704765	78.748718	79.101913	79.101006	79.206482	78.828773	81.474411	78.636078	78.713928	78.929825	78.904739	79.400261	79.344017	79.495651	80.390656	79.236801	79.019608	79.038284	79.05481	78.827995	80.049896	79.385406	77.937057	0.0	0.0
78.456322	79.518097	79.616455	79.275497	79.452148	79.455513	79.177208	79.179634	78.962433	79.187912	79.193542	79.272331	79.081116	78.552917	77.909004	78.574173	78.142181	79.733185	79.749359	81.208511	82.005661	81.505173	82.069122	81.830154	81.570251	81.711693	81.483826	87.377411	100.0	80.279114	80.479279	79.238541	79.812897	80.06308	79.194946	79.022171	78.821747	78.54866	79.435059	79.287971	79.27626	79.437813	79.352142	79.5298	79.507782	79.475861	79.405991	79.414978	79.430672	79.254883	79.432388	79.310135	79.385048	79.480431	79.48851	79.250687	79.464661	79.510498	79.290596	79.411774	79.267334	79.246941	79.227386	78.98188	79.162628	78.90377	79.301987	79.240204	79.3675	79.498947	79.356758	79.018677	79.214424	79.3825	78.847237	79.17308	79.073792	79.052414	79.171303	79.018234	79.030746	79.10981	78.981819	79.052917	79.010406	79.013916	78.736115	78.503891	78.512756	78.582932	79.246063	78.977982	78.901566	78.924927	78.919716	78.751503	79.12088	79.132492	79.114967	78.929871	82.028961	78.748863	78.802032	79.199051	78.94915	79.572418	79.167824	79.481285	80.826431	79.091415	79.25042	79.109482	79.125732	78.96727	80.144135	79.506912	77.999352	0.0	0.0
78.557121	79.25209	79.313217	79.266335	79.295975	79.214729	79.028534	79.082657	78.846527	79.050591	79.071075	79.194283	78.879761	78.803833	77.890465	78.377625	78.022308	79.671692	79.453949	79.672226	80.187088	79.863319	80.140007	80.14621	80.068619	80.221283	80.15802	80.19455	80.279114	100.0	92.114929	78.790115	79.770462	79.640427	79.332397	79.057175	78.61467	78.485474	79.276321	79.20752	79.293434	79.144188	79.362411	79.280716	79.292053	79.245239	79.194992	79.384094	79.146233	79.157227	79.295021	79.227859	79.443268	79.252388	79.361526	79.153824	79.271759	79.338455	79.227493	79.217773	79.117073	79.32753	79.162201	79.188263	79.220352	78.994102	79.340134	79.282806	79.187439	79.221931	79.296593	78.490097	79.142746	79.299545	78.852234	79.148178	78.993942	79.079819	79.101532	79.140427	79.252869	79.057205	78.905685	79.184418	79.074127	78.973892	78.776169	78.507339	78.648895	78.612366	79.304138	78.844742	78.938622	78.901939	78.826584	79.043381	79.118637	79.123001	79.114014	78.567719	80.032585	78.386093	78.587616	78.827873	78.614716	79.142738	78.963913	79.013596	87.004639	79.253502	79.24025	79.069763	79.381912	79.120552	79.65715	78.860184	77.995506	0.0	0.0
78.378311	79.370087	79.488853	79.424469	79.648384	79.59037	79.241348	79.209	79.025558	78.943314	79.532936	79.245399	79.073883	78.879364	77.93795	78.50975	78.091888	79.880074	79.541298	79.895905	80.499481	80.176468	80.374756	80.435135	80.265137	80.403305	80.597748	80.332245	80.479279	92.114929	100.0	78.896561	80.057999	79.670395	79.594582	79.238228	78.536224	78.535812	79.492828	79.491547	79.422989	79.323761	79.460983	79.482353	79.383148	79.4534	79.514984	79.492661	79.434731	79.393776	79.312355	79.345581	79.583138	79.509758	79.488487	79.285065	79.426811	79.403603	79.495117	79.439209	79.432739	79.515991	79.396706	79.184738	79.312141	79.133804	79.385956	79.341385	79.353851	79.421089	79.444672	78.551758	79.220741	79.391411	78.95874	79.155937	79.159439	79.153732	79.269852	79.080704	79.332703	79.384964	79.175514	79.306801	79.219482	79.152298	78.924454	78.575813	78.64502	78.638832	79.266251	78.874405	78.933487	79.048248	79.031403	79.032837	79.363556	79.244965	79.331024	78.629326	80.138718	78.5382	78.710449	79.078735	78.860062	79.305153	79.01712	79.205002	87.449951	79.310219	79.332748	79.17189	79.433884	79.125488	79.862862	79.03228	77.999817	0.0	0.0
77.629623	79.382523	79.409241	79.139496	79.132202	79.033058	78.471458	78.630928	78.577538	78.735497	78.796623	78.722733	78.63118	78.402168	77.893349	78.363564	77.926682	79.481369	79.360847	78.854965	79.250259	78.991776	79.116669	79.008926	78.924553	79.010155	79.391464	79.248428	79.238541	78.790115	78.896561	100.0	79.56601	78.719566	78.789902	78.380768	78.599411	78.438843	79.247581	79.1362	79.340073	79.171654	79.211876	79.352219	79.18586	79.357681	79.233307	79.056686	79.234283	79.232986	79.216034	78.966263	79.237747	78.987495	79.321121	79.352051	79.425865	79.48381	79.322632	79.252525	78.996246	79.031319	79.312973	78.844475	79.126022	78.885704	79.115341	79.31337	79.149071	79.24749	79.056778	77.936111	79.057098	78.994492	78.636414	78.716858	78.843674	78.976257	78.878098	78.9133	79.057655	78.89389	78.861069	79.031784	78.852112	78.828522	78.594711	78.530838	78.529045	78.520645	78.889847	78.644394	78.584137	78.638649	78.590988	79.021072	78.973862	78.881805	78.73069	78.624588	79.015198	79.414764	79.292534	79.564392	79.798172	83.059631	82.959274	87.047417	78.687553	79.178802	78.447083	78.297424	78.744553	78.367989	78.707619	78.449615	77.726494	0.0	0.0
78.34967	80.787689	80.848221	80.474426	80.519936	80.445145	79.398933	79.422943	79.279633	79.465736	79.685577	79.472137	79.371994	78.73159	77.783432	78.497177	78.073639	80.698181	80.3703	79.396515	79.973587	79.634323	79.703407	79.728165	79.525375	79.687668	80.29435	79.818611	79.812897	79.770462	80.057999	79.56601	100.0	80.224663	80.304016	79.699524	79.400452	79.279686	81.001846	80.483574	80.467453	80.557693	80.58165	80.599564	80.55761	80.503426	80.512589	80.400681	80.55278	80.357895	80.447571	80.378021	80.584435	80.398933	80.817749	80.405029	80.585251	80.638824	80.613342	80.46138	80.263939	80.493858	80.303436	80.214203	80.306778	80.050064	80.385452	80.484268	80.56031	80.736092	80.52282	78.321037	79.974106	80.15358	79.689995	80.265846	80.016953	79.925674	80.033691	79.951065	80.070694	80.095734	79.948654	80.006096	79.880997	79.790939	79.487091	79.33876	79.536919	79.400833	80.138367	79.381187	79.448608	79.50827	79.496201	79.392136	79.814865	79.634941	79.645447	79.4552	79.655281	79.022461	79.194412	79.344727	79.530518	80.052322	80.002472	79.884201	79.918884	80.009392	79.754997	79.313553	79.935959	79.806755	79.599854	78.904831	78.184578	0.0	0.0
