135461.232	1178540.18	1408.269	2683680.3	561879.246	561879.176	1408.91	1408.101	561879.50	293387.105	1408.81	1178537.6	1408.517	561879.216	561879.228	1408.472	561879.11	1408.522	561879.306	1408.110	293387.283	293387.291	1408.293	293387.169	293387.345	1408.132	2812759.3	561879.307	561879.67	561879.17	1408.568	1408.258	1408.135	315750.8	1408.260	1408.111	1408.387	1408.193	1408.523	2842458.3	293387.102	293387.106	260554.78	1423.2392	72361.11	1423.767	1423.172	483913.181	1423.537	260554.123	72361.9	1052585.4	483913.115	1423.450	1390.399	492670.215	1774743.3	1648923.265	1402.301	1648923.116	1664069.6	119858.6	135461.75	227866.22	260554.81	2809036.3	1423.433	2487276.10	2715209.8	1390.281	1239783.5	1452.36	1452.98	1496303.3	2026193.15	1396.3701	2846779.3	1405.234	1405.246	2026189.16	1396.3186	2494319.3	1428.1808	1392.492	1396.420	2026186.43	222523.6	2026191.6	226900.8	2608254.3	580165.46	1396.149	64104.126	2760090.3	2884832.3	2884833.3	2589818.4	2682541.3	1476724.4	2884834.3	2709784.3	1510468.4	1581038.3	2666127.3	486398.3	1565991.4	98228.3	1441095.3	2728853.3	352858.3	1742359.7	2052936.3	1479.5	1547283.3	1705566.3	1679167.3	1783501.3	2011012.3	2014076.3	1455.14	2748178.3	1367477.3	1983719.3	796606.3	2587848.3	2672567.5
100.0	79.548012	79.036293	79.146461	79.252151	79.192154	79.05909	79.136292	78.710068	79.322838	79.297668	79.245689	78.886787	79.178444	79.433182	79.294571	79.302094	78.977692	79.493347	79.159348	78.981583	79.071716	79.036896	79.209587	78.822495	78.750977	79.226692	79.208138	79.420471	79.264252	79.089226	79.002098	79.248566	79.195129	79.239456	79.414703	79.247147	79.038795	79.411278	79.32901	79.39183	79.219559	87.977524	99.93689	91.159554	92.980309	92.958771	93.164871	95.787003	87.873589	91.232178	93.345207	93.173355	98.558884	81.255531	81.487976	81.425987	79.420273	79.426819	79.361435	78.965668	78.864548	98.836548	91.870758	87.922646	95.566032	93.129578	92.738144	92.938202	81.387642	82.000687	82.311371	82.081757	82.172714	0.0	0.0	0.0	0.0	0.0	0.0	0.0	0.0	0.0	0.0	0.0	0.0	0.0	0.0	0.0	0.0	0.0	0.0	0.0	0.0	0.0	0.0	0.0	0.0	0.0	0.0	0.0	0.0	0.0	0.0	0.0	0.0	0.0	0.0	0.0	0.0	0.0	0.0	0.0	0.0	0.0	0.0	0.0	0.0	0.0	0.0	0.0	0.0	0.0	0.0	0.0	0
79.548012	100.0	91.563889	89.078323	95.037445	94.98201	88.776436	88.770157	95.015656	88.780388	88.781158	89.089325	91.465492	94.811569	95.04039	91.682205	94.984299	91.621689	94.982567	88.813568	88.697968	88.769165	88.829224	88.716476	88.649719	88.764664	94.728485	94.815979	95.01281	94.844925	90.483673	90.564919	91.639175	90.237183	90.371834	90.636124	90.710022	90.894073	90.916214	94.967949	88.788155	88.707016	0.0	0.0	78.711716	79.061661	79.062668	79.067505	78.993317	0.0	0.0	79.127068	0.0	0.0	0.0	0.0	0.0	0.0	0.0	0.0	0.0	0.0	78.969551	79.196304	78.307419	79.204689	78.881454	79.26339	79.271202	78.342056	78.188927	78.934494	78.71286	78.873871	0.0	0.0	0.0	0.0	0.0	0.0	0.0	0.0	0.0	0.0	0.0	0.0	0.0	0.0	0.0	0.0	0.0	0.0	0.0	0.0	0.0	0.0	0.0	0.0	0.0	0.0	0.0	0.0	0.0	0.0	0.0	0.0	0.0	0.0	0.0	0.0	0.0	0.0	0.0	0.0	0.0	0.0	0.0	0.0	0.0	0.0	0.0	0.0	0.0	0.0	0.0	0
79.036293	91.563889	100.0	89.609695	92.280441	92.229698	89.441109	89.49765	92.165375	89.451645	89.435539	89.592789	99.102661	92.368149	92.250999	98.499496	92.245346	99.350197	92.200439	89.634811	89.482437	89.46273	89.460548	89.487	89.409508	89.391327	92.347214	92.347534	92.237457	92.21875	91.63253	93.526566	99.306351	94.506073	94.490524	95.043396	95.027466	95.589684	95.506912	92.266731	89.461945	89.462646	78.939667	0.0	78.840828	78.78463	78.691521	0.0	0.0	0.0	78.692024	78.92337	0.0	0.0	0.0	0.0	0.0	0.0	0.0	0.0	0.0	0.0	0.0	0.0	0.0	0.0	0.0	0.0	0.0	0.0	0.0	79.079788	79.103531	78.818794	0.0	0.0	0.0	0.0	0.0	0.0	0.0	0.0	0.0	0.0	0.0	0.0	0.0	0.0	0.0	0.0	0.0	0.0	0.0	0.0	0.0	0.0	0.0	0.0	0.0	0.0	0.0	0.0	0.0	0.0	0.0	0.0	0.0	0.0	0.0	0.0	0.0	0.0	0.0	0.0	0.0	0.0	0.0	0.0	0.0	0.0	0.0	0.0	0.0	0.0	0.0	0
79.146461	89.078323	89.609695	100.0	89.411026	89.419098	91.516434	91.528633	89.336784	91.564011	91.472275	99.242447	89.31736	89.47757	89.381332	89.486572	89.363365	89.498947	89.391182	91.475372	91.508453	91.517616	91.48764	91.481308	91.455124	91.503036	89.456696	89.461487	89.383392	89.37883	90.9814	88.761826	89.551987	88.536133	88.643753	88.931061	89.017731	89.003922	89.043312	89.347244	91.557587	91.555878	0.0	0.0	79.108398	78.885109	0.0	79.081444	0.0	78.785378	0.0	0.0	0.0	0.0	0.0	0.0	0.0	0.0	0.0	0.0	0.0	0.0	0.0	0.0	0.0	0.0	0.0	0.0	0.0	0.0	0.0	0.0	0.0	0.0	0.0	0.0	0.0	0.0	0.0	0.0	0.0	0.0	0.0	0.0	0.0	0.0	0.0	0.0	0.0	0.0	0.0	0.0	0.0	0.0	0.0	0.0	0.0	0.0	0.0	0.0	0.0	0.0	0.0	0.0	0.0	0.0	0.0	0.0	0.0	0.0	0.0	0.0	0.0	0.0	0.0	0.0	0.0	0.0	0.0	0.0	0.0	0.0	0.0	0.0	0.0	0
79.252151	95.037445	92.280441	89.411026	100.0	97.422554	89.269585	89.283188	97.477524	89.257278	89.270508	89.441643	92.129501	96.384048	98.415222	92.279251	97.405884	92.255852	97.422119	89.298187	89.280624	89.297951	89.241882	89.288467	89.176926	89.210129	96.320869	96.35788	97.463409	97.409286	91.071419	91.087761	92.305618	90.961037	91.002571	91.387421	91.302917	91.681076	91.624855	97.437851	89.276321	89.266815	0.0	79.184456	0.0	0.0	0.0	0.0	79.063942	78.851601	0.0	0.0	0.0	0.0	0.0	0.0	0.0	0.0	0.0	0.0	0.0	0.0	0.0	0.0	0.0	0.0	0.0	0.0	0.0	0.0	0.0	0.0	78.871086	78.9701	0.0	0.0	0.0	0.0	0.0	0.0	0.0	0.0	0.0	0.0	0.0	0.0	0.0	0.0	0.0	0.0	0.0	0.0	0.0	0.0	0.0	0.0	0.0	0.0	0.0	0.0	0.0	0.0	0.0	0.0	0.0	0.0	0.0	0.0	0.0	0.0	0.0	0.0	0.0	0.0	0.0	0.0	0.0	0.0	0.0	0.0	0.0	0.0	0.0	0.0	0.0	0
79.192154	94.98201	92.229698	89.419098	97.422554	100.0	89.28566	89.268326	98.41906	89.318527	89.24572	89.406311	92.055283	96.523254	97.444702	92.21814	98.428146	92.219818	98.472778	89.348297	89.280708	89.254868	89.258255	89.280319	89.179871	89.250977	96.412399	96.47197	98.585724	97.217041	90.995369	91.001801	92.248253	90.898048	90.949821	91.26265	91.264854	91.616798	91.625511	98.485741	89.268608	89.250282	78.755943	0.0	0.0	0.0	0.0	0.0	78.993996	0.0	0.0	0.0	0.0	0.0	0.0	0.0	0.0	0.0	0.0	0.0	0.0	0.0	0.0	0.0	0.0	0.0	0.0	0.0	0.0	0.0	0.0	0.0	78.564529	78.643494	0.0	0.0	0.0	0.0	0.0	0.0	0.0	0.0	0.0	0.0	0.0	0.0	0.0	0.0	0.0	0.0	0.0	0.0	0.0	0.0	0.0	0.0	0.0	0.0	0.0	0.0	0.0	0.0	0.0	0.0	0.0	0.0	0.0	0.0	0.0	0.0	0.0	0.0	0.0	0.0	0.0	0.0	0.0	0.0	0.0	0.0	0.0	0.0	0.0	0.0	0.0	0
79.05909	88.776436	89.441109	91.516434	89.269585	89.28566	100.0	98.553864	89.163422	98.428177	98.39576	91.567474	89.29673	89.424759	89.256943	89.461136	89.283386	89.397316	89.273209	97.913414	97.892845	97.963638	97.886398	98.186737	98.449738	98.322884	89.372116	89.409218	89.239716	89.101395	90.165482	88.898209	89.538933	88.855354	88.868042	89.217438	89.184448	89.224548	89.228882	89.235558	98.412125	98.425095	0.0	78.770279	0.0	0.0	0.0	78.647835	0.0	0.0	0.0	0.0	0.0	0.0	0.0	0.0	0.0	0.0	0.0	0.0	0.0	0.0	0.0	0.0	0.0	0.0	0.0	0.0	0.0	0.0	0.0	78.729134	78.651474	78.728279	0.0	0.0	0.0	0.0	0.0	0.0	0.0	0.0	0.0	0.0	0.0	0.0	0.0	0.0	0.0	0.0	0.0	0.0	0.0	0.0	0.0	0.0	0.0	0.0	0.0	0.0	0.0	0.0	0.0	0.0	0.0	0.0	0.0	0.0	0.0	0.0	0.0	0.0	0.0	0.0	0.0	0.0	0.0	0.0	0.0	0.0	0.0	0.0	0.0	0.0	0.0	0
79.136292	88.770157	89.49765	91.528633	89.283188	89.268326	98.553864	100.0	89.194412	98.472969	98.303787	91.529984	89.257263	89.430786	89.211983	89.497742	89.300072	89.457733	89.241669	97.905838	97.952019	98.012177	97.988403	98.119064	98.447968	98.334023	89.367332	89.45755	89.251381	89.162811	90.116638	88.867714	89.523087	88.787354	88.867676	89.244743	89.270325	89.199768	89.204666	89.329025	98.410011	98.434662	0.0	0.0	78.918098	0.0	0.0	0.0	0.0	0.0	0.0	0.0	0.0	0.0	0.0	0.0	0.0	0.0	0.0	0.0	0.0	0.0	0.0	0.0	0.0	0.0	0.0	0.0	0.0	0.0	0.0	78.753265	78.525879	78.83239	0.0	0.0	0.0	0.0	0.0	0.0	0.0	0.0	0.0	0.0	0.0	0.0	0.0	0.0	0.0	0.0	0.0	0.0	0.0	0.0	0.0	0.0	0.0	0.0	0.0	0.0	0.0	0.0	0.0	0.0	0.0	0.0	0.0	0.0	0.0	0.0	0.0	0.0	0.0	0.0	0.0	0.0	0.0	0.0	0.0	0.0	0.0	0.0	0.0	0.0	0.0	0
78.710068	95.015656	92.165375	89.336784	97.477524	98.41906	89.163422	89.194412	100.0	89.14756	89.158707	89.315414	91.996719	96.401291	97.490166	92.116501	98.304657	92.111023	98.296066	89.213379	89.111877	89.152374	89.131523	89.145096	89.108917	89.10836	96.326538	96.331589	98.630356	97.279449	90.87587	90.909088	92.141586	90.807999	90.827423	91.173737	91.140564	91.526489	91.501595	98.459053	89.150475	89.154526	0.0	0.0	0.0	0.0	0.0	0.0	0.0	0.0	0.0	0.0	0.0	0.0	0.0	0.0	0.0	0.0	0.0	0.0	0.0	0.0	0.0	0.0	0.0	0.0	0.0	0.0	0.0	0.0	0.0	78.139282	78.047523	78.08577	0.0	0.0	0.0	0.0	0.0	0.0	0.0	0.0	0.0	0.0	0.0	0.0	0.0	0.0	0.0	0.0	0.0	0.0	0.0	0.0	0.0	0.0	0.0	0.0	0.0	0.0	0.0	0.0	0.0	0.0	0.0	0.0	0.0	0.0	0.0	0.0	0.0	0.0	0.0	0.0	0.0	0.0	0.0	0.0	0.0	0.0	0.0	0.0	0.0	0.0	0.0	0
79.322838	88.780388	89.451645	91.564011	89.257278	89.318527	98.428177	98.472969	89.14756	100.0	98.313782	91.577629	89.262131	89.38942	89.267929	89.486099	89.26181	89.429848	89.190247	97.902695	97.95726	98.015137	97.925507	98.200592	98.637222	98.409698	89.360107	89.391296	89.243034	89.167831	90.237183	88.997833	89.560852	88.840729	88.893433	89.347435	89.29097	89.208076	89.177094	89.247925	98.546326	98.461624	0.0	0.0	0.0	0.0	0.0	0.0	0.0	0.0	0.0	0.0	0.0	0.0	0.0	0.0	0.0	0.0	0.0	0.0	0.0	0.0	0.0	0.0	0.0	0.0	0.0	0.0	0.0	0.0	0.0	78.844711	78.710052	78.852409	0.0	0.0	0.0	0.0	0.0	0.0	0.0	0.0	0.0	0.0	0.0	0.0	0.0	0.0	0.0	0.0	0.0	0.0	0.0	0.0	0.0	0.0	0.0	0.0	0.0	0.0	0.0	0.0	0.0	0.0	0.0	0.0	0.0	0.0	0.0	0.0	0.0	0.0	0.0	0.0	0.0	0.0	0.0	0.0	0.0	0.0	0.0	0.0	0.0	0.0	0.0	0
79.297668	88.781158	89.435539	91.472275	89.270508	89.24572	98.39576	98.303787	89.158707	98.313782	100.0	91.457901	89.248215	89.356476	89.20343	89.406189	89.229172	89.414536	89.244308	97.971687	97.974968	98.064018	97.926727	98.343811	98.325455	98.21035	89.327042	89.359497	89.32515	89.07399	90.150681	88.885666	89.517715	88.806824	88.788742	89.198723	89.222206	89.189148	89.116432	89.286819	98.316109	98.289581	0.0	0.0	0.0	0.0	0.0	0.0	0.0	0.0	0.0	0.0	0.0	0.0	0.0	0.0	0.0	0.0	0.0	0.0	0.0	0.0	0.0	0.0	0.0	0.0	0.0	0.0	0.0	0.0	0.0	78.759399	78.949142	78.924217	0.0	0.0	0.0	0.0	0.0	0.0	0.0	0.0	0.0	0.0	0.0	0.0	0.0	0.0	0.0	0.0	0.0	0.0	0.0	0.0	0.0	0.0	0.0	0.0	0.0	0.0	0.0	0.0	0.0	0.0	0.0	0.0	0.0	0.0	0.0	0.0	0.0	0.0	0.0	0.0	0.0	0.0	0.0	0.0	0.0	0.0	0.0	0.0	0.0	0.0	0.0	0
79.245689	89.089325	89.592789	99.242447	89.441643	89.406311	91.567474	91.529984	89.315414	91.577629	91.457901	100.0	89.323471	89.484367	89.371483	89.559067	89.386192	89.538399	89.440353	91.506981	91.500984	91.480713	91.522491	91.464851	91.472992	91.482727	89.437866	89.532806	89.451523	89.341026	90.977158	88.822647	89.592422	88.604065	88.630722	88.93885	88.974869	89.066574	89.027618	89.418732	91.510895	91.494102	0.0	0.0	0.0	79.025055	78.975624	0.0	0.0	0.0	0.0	0.0	0.0	0.0	0.0	0.0	0.0	0.0	0.0	0.0	0.0	0.0	0.0	0.0	0.0	0.0	0.0	0.0	0.0	0.0	0.0	0.0	0.0	0.0	0.0	0.0	0.0	0.0	0.0	0.0	0.0	0.0	0.0	0.0	0.0	0.0	0.0	0.0	0.0	0.0	0.0	0.0	0.0	0.0	0.0	0.0	0.0	0.0	0.0	0.0	0.0	0.0	0.0	0.0	0.0	0.0	0.0	0.0	0.0	0.0	0.0	0.0	0.0	0.0	0.0	0.0	0.0	0.0	0.0	0.0	0.0	0.0	0.0	0.0	0.0	0
78.886787	91.465492	99.102661	89.31736	92.129501	92.055283	89.29673	89.257263	91.996719	89.262131	89.248215	89.323471	100.0	92.193939	92.022858	98.360489	91.99791	99.051201	92.064911	89.415306	89.293968	89.224854	89.238785	89.250801	89.172363	89.223816	92.097931	92.106499	91.978447	91.936485	91.482956	93.406746	99.048813	94.265648	94.250534	94.901978	94.795898	95.36834	95.292572	92.020821	89.302422	89.217873	0.0	0.0	0.0	0.0	0.0	0.0	0.0	0.0	0.0	0.0	0.0	0.0	0.0	0.0	0.0	0.0	0.0	0.0	0.0	0.0	0.0	78.368874	0.0	0.0	0.0	0.0	0.0	0.0	0.0	79.211662	0.0	0.0	0.0	0.0	0.0	0.0	0.0	0.0	0.0	0.0	0.0	0.0	0.0	0.0	0.0	0.0	0.0	0.0	0.0	0.0	0.0	0.0	0.0	0.0	0.0	0.0	0.0	0.0	0.0	0.0	0.0	0.0	0.0	0.0	0.0	0.0	0.0	0.0	0.0	0.0	0.0	0.0	0.0	0.0	0.0	0.0	0.0	0.0	0.0	0.0	0.0	0.0	0.0	0
79.178444	94.811569	92.368149	89.47757	96.384048	96.523254	89.424759	89.430786	96.401291	89.38942	89.356476	89.484367	92.193939	100.0	96.368279	92.361015	96.508606	92.382568	96.468864	89.378212	89.412933	89.382324	89.300629	89.310699	89.302826	89.309052	98.944038	98.952316	96.425262	96.168213	91.085083	91.221481	92.357834	91.105217	91.156227	91.545502	91.472473	91.842575	91.780731	96.460526	89.438583	89.342072	78.943108	79.191147	0.0	0.0	0.0	0.0	0.0	0.0	0.0	0.0	0.0	0.0	0.0	0.0	0.0	0.0	0.0	0.0	0.0	0.0	0.0	0.0	0.0	0.0	0.0	0.0	0.0	0.0	0.0	0.0	0.0	0.0	0.0	0.0	0.0	0.0	0.0	0.0	0.0	0.0	0.0	0.0	0.0	0.0	0.0	0.0	0.0	0.0	0.0	0.0	0.0	0.0	0.0	0.0	0.0	0.0	0.0	0.0	0.0	0.0	0.0	0.0	0.0	0.0	0.0	0.0	0.0	0.0	0.0	0.0	0.0	0.0	0.0	0.0	0.0	0.0	0.0	0.0	0.0	0.0	0.0	0.0	0.0	0
79.433182	95.04039	92.250999	89.381332	98.415222	97.444702	89.256943	89.211983	97.490166	89.267929	89.20343	89.371483	92.022858	96.368279	100.0	92.249313	97.371811	92.23587	97.384247	89.268326	89.272903	89.291763	89.216454	89.230827	89.171814	89.182343	96.272064	96.297112	97.428932	97.274323	91.009239	90.955437	92.263306	90.876495	90.907593	91.345123	91.332962	91.600174	91.611847	97.450272	89.260498	89.259109	0.0	0.0	0.0	0.0	0.0	0.0	0.0	0.0	0.0	0.0	0.0	0.0	0.0	0.0	0.0	0.0	0.0	0.0	0.0	0.0	79.198784	0.0	0.0	0.0	0.0	0.0	0.0	0.0	0.0	0.0	78.766312	0.0	0.0	0.0	0.0	0.0	0.0	0.0	0.0	0.0	0.0	0.0	0.0	0.0	0.0	0.0	0.0	0.0	0.0	0.0	0.0	0.0	0.0	0.0	0.0	0.0	0.0	0.0	0.0	0.0	0.0	0.0	0.0	0.0	0.0	0.0	0.0	0.0	0.0	0.0	0.0	0.0	0.0	0.0	0.0	0.0	0.0	0.0	0.0	0.0	0.0	0.0	0.0	0
79.294571	91.682205	98.499496	89.486572	92.279251	92.21814	89.461136	89.497742	92.116501	89.486099	89.406189	89.559067	98.360489	92.361015	92.249313	100.0	92.182106	98.466125	92.178459	89.586334	89.474983	89.512161	89.511368	89.484161	89.363892	89.356987	92.31604	92.26651	92.175415	92.074539	91.628601	93.505966	98.573303	94.389603	94.35939	94.949524	94.880997	95.454895	95.424728	92.22728	89.438408	89.458313	78.891777	0.0	0.0	0.0	0.0	0.0	0.0	0.0	0.0	0.0	0.0	0.0	0.0	0.0	0.0	0.0	0.0	0.0	0.0	0.0	0.0	0.0	0.0	0.0	0.0	0.0	0.0	0.0	0.0	0.0	79.077057	0.0	0.0	0.0	0.0	0.0	0.0	0.0	0.0	0.0	0.0	0.0	0.0	0.0	0.0	0.0	0.0	0.0	0.0	0.0	0.0	0.0	0.0	0.0	0.0	0.0	0.0	0.0	0.0	0.0	0.0	0.0	0.0	0.0	0.0	0.0	0.0	0.0	0.0	0.0	0.0	0.0	0.0	0.0	0.0	0.0	0.0	0.0	0.0	0.0	0.0	0.0	0.0	0
79.302094	94.984299	92.245346	89.363365	97.405884	98.428146	89.283386	89.300072	98.304657	89.26181	89.229172	89.386192	91.99791	96.508606	97.371811	92.182106	100.0	92.193489	98.661888	89.370285	89.268631	89.228531	89.21167	89.292908	89.125916	89.146713	96.394928	96.432205	98.392273	97.097168	90.957733	90.948227	92.195129	90.903793	90.938965	91.304688	91.257156	91.568314	91.500946	98.355408	89.239662	89.299706	0.0	0.0	0.0	0.0	0.0	0.0	0.0	0.0	0.0	0.0	0.0	0.0	0.0	0.0	0.0	0.0	0.0	0.0	0.0	0.0	0.0	0.0	0.0	0.0	0.0	0.0	0.0	0.0	0.0	0.0	0.0	78.578667	0.0	0.0	0.0	0.0	0.0	0.0	0.0	0.0	0.0	0.0	0.0	0.0	0.0	0.0	0.0	0.0	0.0	0.0	0.0	0.0	0.0	0.0	0.0	0.0	0.0	0.0	0.0	0.0	0.0	0.0	0.0	0.0	0.0	0.0	0.0	0.0	0.0	0.0	0.0	0.0	0.0	0.0	0.0	0.0	0.0	0.0	0.0	0.0	0.0	0.0	0.0	0
78.977692	91.621689	99.350197	89.498947	92.255852	92.219818	89.397316	89.457733	92.111023	89.429848	89.414536	89.538399	99.051201	92.382568	92.23587	98.466125	92.193489	100.0	92.188225	89.612564	89.578575	89.426338	89.464905	89.453217	89.315903	89.37899	92.321281	92.270752	92.222298	92.154785	91.687103	93.619904	99.340027	94.482979	94.523216	95.075348	94.978836	95.522789	95.505142	92.238319	89.483528	89.473221	0.0	0.0	0.0	0.0	0.0	0.0	0.0	0.0	0.0	0.0	0.0	0.0	0.0	0.0	0.0	0.0	0.0	0.0	0.0	0.0	0.0	0.0	0.0	0.0	0.0	0.0	0.0	0.0	0.0	0.0	79.16433	78.891045	0.0	0.0	0.0	0.0	0.0	0.0	0.0	0.0	0.0	0.0	0.0	0.0	0.0	0.0	0.0	0.0	0.0	0.0	0.0	0.0	0.0	0.0	0.0	0.0	0.0	0.0	0.0	0.0	0.0	0.0	0.0	0.0	0.0	0.0	0.0	0.0	0.0	0.0	0.0	0.0	0.0	0.0	0.0	0.0	0.0	0.0	0.0	0.0	0.0	0.0	0.0	0
79.493347	94.982567	92.200439	89.391182	97.422119	98.472778	89.273209	89.241669	98.296066	89.190247	89.244308	89.440353	92.064911	96.468864	97.384247	92.178459	98.661888	92.188225	100.0	89.380753	89.259933	89.248688	89.221115	89.209389	89.129684	89.174049	96.411057	96.457558	98.425659	97.273865	90.934708	91.036377	92.222061	90.883621	90.975418	91.284355	91.272469	91.568954	91.502396	98.556007	89.261887	89.261757	0.0	0.0	0.0	0.0	0.0	0.0	0.0	0.0	0.0	0.0	0.0	0.0	0.0	0.0	0.0	0.0	0.0	0.0	0.0	0.0	0.0	0.0	0.0	0.0	0.0	0.0	0.0	0.0	0.0	0.0	78.716423	78.864197	0.0	0.0	0.0	0.0	0.0	0.0	0.0	0.0	0.0	0.0	0.0	0.0	0.0	0.0	0.0	0.0	0.0	0.0	0.0	0.0	0.0	0.0	0.0	0.0	0.0	0.0	0.0	0.0	0.0	0.0	0.0	0.0	0.0	0.0	0.0	0.0	0.0	0.0	0.0	0.0	0.0	0.0	0.0	0.0	0.0	0.0	0.0	0.0	0.0	0.0	0.0	0
79.159348	88.813568	89.634811	91.475372	89.298187	89.348297	97.913414	97.905838	89.213379	97.902695	97.971687	91.506981	89.415306	89.378212	89.268326	89.586334	89.370285	89.612564	89.380753	100.0	98.680275	98.38829	98.32695	98.071304	97.853745	97.855995	89.309845	89.345932	89.326416	89.230423	90.161087	89.071564	89.646355	88.954437	89.0084	89.413071	89.480927	89.313843	89.353699	89.387222	97.885986	97.921234	0.0	0.0	0.0	0.0	0.0	0.0	0.0	0.0	0.0	0.0	0.0	0.0	0.0	0.0	0.0	0.0	0.0	0.0	0.0	0.0	0.0	0.0	0.0	0.0	0.0	0.0	0.0	0.0	0.0	0.0	0.0	0.0	0.0	0.0	0.0	0.0	0.0	0.0	0.0	0.0	0.0	0.0	0.0	0.0	0.0	0.0	0.0	0.0	0.0	0.0	0.0	0.0	0.0	0.0	0.0	0.0	0.0	0.0	0.0	0.0	0.0	0.0	0.0	0.0	0.0	0.0	0.0	0.0	0.0	0.0	0.0	0.0	0.0	0.0	0.0	0.0	0.0	0.0	0.0	0.0	0.0	0.0	0.0	0
78.981583	88.697968	89.482437	91.508453	89.280624	89.280708	97.892845	97.952019	89.111877	97.95726	97.974968	91.500984	89.293968	89.412933	89.272903	89.474983	89.268631	89.578575	89.259933	98.680275	100.0	98.425827	98.389694	98.171982	97.925392	97.893356	89.337555	89.371964	89.236717	89.169647	90.143784	88.94101	89.560074	88.853912	88.875397	89.360992	89.308144	89.216705	89.27433	89.295303	97.930557	97.938019	0.0	0.0	0.0	0.0	0.0	0.0	0.0	0.0	0.0	0.0	0.0	0.0	0.0	0.0	0.0	0.0	0.0	0.0	0.0	0.0	0.0	0.0	0.0	0.0	0.0	0.0	0.0	0.0	0.0	0.0	0.0	0.0	0.0	0.0	0.0	0.0	0.0	0.0	0.0	0.0	0.0	0.0	0.0	0.0	0.0	0.0	0.0	0.0	0.0	0.0	0.0	0.0	0.0	0.0	0.0	0.0	0.0	0.0	0.0	0.0	0.0	0.0	0.0	0.0	0.0	0.0	0.0	0.0	0.0	0.0	0.0	0.0	0.0	0.0	0.0	0.0	0.0	0.0	0.0	0.0	0.0	0.0	0.0	0
79.071716	88.769165	89.46273	91.517616	89.297951	89.254868	97.963638	98.012177	89.152374	98.015137	98.064018	91.480713	89.224854	89.382324	89.291763	89.512161	89.228531	89.426338	89.248688	98.38829	98.425827	100.0	98.633942	98.103058	98.027344	97.954163	89.383682	89.404137	89.29483	89.091171	90.106049	88.881378	89.542244	88.869041	88.88134	89.392242	89.325287	89.274887	89.264267	89.190376	98.00219	98.01796	0.0	0.0	0.0	0.0	0.0	0.0	0.0	0.0	0.0	0.0	0.0	0.0	0.0	0.0	0.0	0.0	0.0	0.0	0.0	0.0	0.0	0.0	0.0	0.0	0.0	0.0	0.0	0.0	0.0	0.0	0.0	0.0	0.0	0.0	0.0	0.0	0.0	0.0	0.0	0.0	0.0	0.0	0.0	0.0	0.0	0.0	0.0	0.0	0.0	0.0	0.0	0.0	0.0	0.0	0.0	0.0	0.0	0.0	0.0	0.0	0.0	0.0	0.0	0.0	0.0	0.0	0.0	0.0	0.0	0.0	0.0	0.0	0.0	0.0	0.0	0.0	0.0	0.0	0.0	0.0	0.0	0.0	0.0	0
79.036896	88.829224	89.460548	91.48764	89.241882	89.258255	97.886398	97.988403	89.131523	97.925507	97.926727	91.522491	89.238785	89.300629	89.216454	89.511368	89.21167	89.464905	89.221115	98.32695	98.389694	98.633942	100.0	97.941483	97.913086	97.872314	89.30426	89.367767	89.253174	89.161789	90.145317	88.909142	89.599281	88.781914	88.885185	89.289688	89.375618	89.219131	89.1521	89.351944	97.916977	97.943787	0.0	0.0	0.0	0.0	0.0	0.0	0.0	0.0	0.0	0.0	0.0	0.0	0.0	0.0	0.0	0.0	0.0	0.0	0.0	0.0	0.0	0.0	0.0	0.0	0.0	0.0	0.0	0.0	0.0	0.0	0.0	0.0	0.0	0.0	0.0	0.0	0.0	0.0	0.0	0.0	0.0	0.0	0.0	0.0	0.0	0.0	0.0	0.0	0.0	0.0	0.0	0.0	0.0	0.0	0.0	0.0	0.0	0.0	0.0	0.0	0.0	0.0	0.0	0.0	0.0	0.0	0.0	0.0	0.0	0.0	0.0	0.0	0.0	0.0	0.0	0.0	0.0	0.0	0.0	0.0	0.0	0.0	0.0	0
79.209587	88.716476	89.487	91.481308	89.288467	89.280319	98.186737	98.119064	89.145096	98.200592	98.343811	91.464851	89.250801	89.310699	89.230827	89.484161	89.292908	89.453217	89.209389	98.071304	98.171982	98.103058	97.941483	100.0	98.176918	98.131714	89.279099	89.292923	89.23259	89.114014	90.087189	88.87883	89.507324	88.773422	88.833572	89.256927	89.22319	89.105812	89.102753	89.223907	98.155243	98.209663	0.0	0.0	0.0	0.0	0.0	0.0	0.0	0.0	0.0	0.0	0.0	0.0	0.0	0.0	0.0	0.0	0.0	0.0	0.0	0.0	0.0	0.0	0.0	0.0	0.0	0.0	0.0	0.0	0.0	0.0	0.0	0.0	0.0	0.0	0.0	0.0	0.0	0.0	0.0	0.0	0.0	0.0	0.0	0.0	0.0	0.0	0.0	0.0	0.0	0.0	0.0	0.0	0.0	0.0	0.0	0.0	0.0	0.0	0.0	0.0	0.0	0.0	0.0	0.0	0.0	0.0	0.0	0.0	0.0	0.0	0.0	0.0	0.0	0.0	0.0	0.0	0.0	0.0	0.0	0.0	0.0	0.0	0.0	0
78.822495	88.649719	89.409508	91.455124	89.176926	89.179871	98.449738	98.447968	89.108917	98.637222	98.325455	91.472992	89.172363	89.302826	89.171814	89.363892	89.125916	89.315903	89.129684	97.853745	97.925392	98.027344	97.913086	98.176918	100.0	98.369843	89.222672	89.292747	89.168625	89.060181	90.113274	88.838333	89.420959	88.75946	88.690102	89.17704	89.149857	89.110367	89.064575	89.118576	98.464622	98.442719	0.0	0.0	0.0	0.0	0.0	0.0	0.0	0.0	0.0	0.0	0.0	0.0	0.0	0.0	0.0	0.0	0.0	0.0	0.0	0.0	0.0	0.0	0.0	0.0	0.0	0.0	0.0	0.0	0.0	0.0	0.0	0.0	0.0	0.0	0.0	0.0	0.0	0.0	0.0	0.0	0.0	0.0	0.0	0.0	0.0	0.0	0.0	0.0	0.0	0.0	0.0	0.0	0.0	0.0	0.0	0.0	0.0	0.0	0.0	0.0	0.0	0.0	0.0	0.0	0.0	0.0	0.0	0.0	0.0	0.0	0.0	0.0	0.0	0.0	0.0	0.0	0.0	0.0	0.0	0.0	0.0	0.0	0.0	0
78.750977	88.764664	89.391327	91.503036	89.210129	89.250977	98.322884	98.334023	89.10836	98.409698	98.21035	91.482727	89.223816	89.309052	89.182343	89.356987	89.146713	89.37899	89.174049	97.855995	97.893356	97.954163	97.872314	98.131714	98.369843	100.0	89.372391	89.340134	89.191498	89.146103	90.076553	88.782677	89.42688	88.722321	88.784935	89.231743	89.227287	89.094231	89.100479	89.174614	98.370361	98.290039	0.0	0.0	0.0	0.0	0.0	0.0	0.0	0.0	0.0	0.0	0.0	0.0	0.0	0.0	0.0	0.0	0.0	0.0	0.0	0.0	0.0	0.0	0.0	0.0	0.0	0.0	0.0	0.0	0.0	0.0	0.0	0.0	0.0	0.0	0.0	0.0	0.0	0.0	0.0	0.0	0.0	0.0	0.0	0.0	0.0	0.0	0.0	0.0	0.0	0.0	0.0	0.0	0.0	0.0	0.0	0.0	0.0	0.0	0.0	0.0	0.0	0.0	0.0	0.0	0.0	0.0	0.0	0.0	0.0	0.0	0.0	0.0	0.0	0.0	0.0	0.0	0.0	0.0	0.0	0.0	0.0	0.0	0.0	0
79.226692	94.728485	92.347214	89.456696	96.320869	96.412399	89.372116	89.367332	96.326538	89.360107	89.327042	89.437866	92.097931	98.944038	96.272064	92.31604	96.394928	92.321281	96.411057	89.309845	89.337555	89.383682	89.30426	89.279099	89.222672	89.372391	100.0	99.007339	96.362701	95.983734	90.994896	91.120865	92.340485	91.142845	91.143417	91.498413	91.42598	91.744911	91.72493	96.393753	89.369011	89.338715	0.0	0.0	0.0	0.0	0.0	0.0	0.0	0.0	0.0	0.0	0.0	0.0	0.0	0.0	0.0	0.0	0.0	0.0	0.0	0.0	0.0	0.0	0.0	0.0	0.0	0.0	0.0	0.0	0.0	0.0	0.0	0.0	0.0	0.0	0.0	0.0	0.0	0.0	0.0	0.0	0.0	0.0	0.0	0.0	0.0	0.0	0.0	0.0	0.0	0.0	0.0	0.0	0.0	0.0	0.0	0.0	0.0	0.0	0.0	0.0	0.0	0.0	0.0	0.0	0.0	0.0	0.0	0.0	0.0	0.0	0.0	0.0	0.0	0.0	0.0	0.0	0.0	0.0	0.0	0.0	0.0	0.0	0.0	0
79.208138	94.815979	92.347534	89.461487	96.35788	96.47197	89.409218	89.45755	96.331589	89.391296	89.359497	89.532806	92.106499	98.952316	96.297112	92.26651	96.432205	92.270752	96.457558	89.345932	89.371964	89.404137	89.367767	89.292923	89.292747	89.340134	99.007339	100.0	96.413269	96.136681	91.014549	91.159576	92.320419	91.167442	91.165024	91.459015	91.400856	91.742989	91.726166	96.435638	89.359261	89.384583	0.0	0.0	0.0	0.0	0.0	0.0	0.0	0.0	0.0	0.0	0.0	0.0	0.0	0.0	0.0	0.0	0.0	0.0	0.0	0.0	0.0	0.0	0.0	0.0	0.0	0.0	0.0	0.0	0.0	0.0	0.0	0.0	0.0	0.0	0.0	0.0	0.0	0.0	0.0	0.0	0.0	0.0	0.0	0.0	0.0	0.0	0.0	0.0	0.0	0.0	0.0	0.0	0.0	0.0	0.0	0.0	0.0	0.0	0.0	0.0	0.0	0.0	0.0	0.0	0.0	0.0	0.0	0.0	0.0	0.0	0.0	0.0	0.0	0.0	0.0	0.0	0.0	0.0	0.0	0.0	0.0	0.0	0.0	0
79.420471	95.01281	92.237457	89.383392	97.463409	98.585724	89.239716	89.251381	98.630356	89.243034	89.32515	89.451523	91.978447	96.425262	97.428932	92.175415	98.392273	92.222298	98.425659	89.326416	89.236717	89.29483	89.253174	89.23259	89.168625	89.191498	96.362701	96.413269	100.0	97.26593	90.970299	91.001877	92.225983	90.913315	90.946381	91.270088	91.229172	91.566536	91.531982	98.63855	89.236237	89.295593	0.0	0.0	0.0	0.0	0.0	0.0	0.0	0.0	0.0	0.0	0.0	0.0	0.0	0.0	0.0	0.0	0.0	0.0	0.0	0.0	0.0	0.0	0.0	0.0	0.0	0.0	0.0	0.0	0.0	0.0	0.0	0.0	0.0	0.0	0.0	0.0	0.0	0.0	0.0	0.0	0.0	0.0	0.0	0.0	0.0	0.0	0.0	0.0	0.0	0.0	0.0	0.0	0.0	0.0	0.0	0.0	0.0	0.0	0.0	0.0	0.0	0.0	0.0	0.0	0.0	0.0	0.0	0.0	0.0	0.0	0.0	0.0	0.0	0.0	0.0	0.0	0.0	0.0	0.0	0.0	0.0	0.0	0.0	0
79.264252	94.844925	92.21875	89.37883	97.409286	97.217041	89.101395	89.162811	97.279449	89.167831	89.07399	89.341026	91.936485	96.168213	97.274323	92.074539	97.097168	92.154785	97.273865	89.230423	89.169647	89.091171	89.161789	89.114014	89.060181	89.146103	95.983734	96.136681	97.26593	100.0	90.861649	91.02317	92.081863	90.964203	90.954834	91.136353	91.205307	91.396698	91.459122	97.141922	89.108093	89.064224	0.0	0.0	0.0	0.0	0.0	0.0	0.0	0.0	0.0	0.0	0.0	0.0	0.0	0.0	0.0	0.0	0.0	0.0	0.0	0.0	0.0	0.0	0.0	0.0	0.0	0.0	0.0	0.0	0.0	0.0	0.0	0.0	0.0	0.0	0.0	0.0	0.0	0.0	0.0	0.0	0.0	0.0	0.0	0.0	0.0	0.0	0.0	0.0	0.0	0.0	0.0	0.0	0.0	0.0	0.0	0.0	0.0	0.0	0.0	0.0	0.0	0.0	0.0	0.0	0.0	0.0	0.0	0.0	0.0	0.0	0.0	0.0	0.0	0.0	0.0	0.0	0.0	0.0	0.0	0.0	0.0	0.0	0.0	0
79.089226	90.483673	91.63253	90.9814	91.071419	90.995369	90.165482	90.116638	90.87587	90.237183	90.150681	90.977158	91.482956	91.085083	91.009239	91.628601	90.957733	91.687103	90.934708	90.161087	90.143784	90.106049	90.145317	90.087189	90.113274	90.076553	90.994896	91.014549	90.970299	90.861649	100.0	90.528946	91.719345	90.147842	90.223969	90.595871	90.604385	90.90152	90.899887	90.948021	90.140358	90.126129	0.0	0.0	0.0	0.0	0.0	0.0	0.0	0.0	0.0	0.0	0.0	0.0	0.0	0.0	0.0	0.0	0.0	0.0	0.0	0.0	0.0	0.0	0.0	0.0	0.0	0.0	0.0	0.0	0.0	0.0	0.0	0.0	0.0	0.0	0.0	0.0	0.0	0.0	0.0	0.0	0.0	0.0	0.0	0.0	0.0	0.0	0.0	0.0	0.0	0.0	0.0	0.0	0.0	0.0	0.0	0.0	0.0	0.0	0.0	0.0	0.0	0.0	0.0	0.0	0.0	0.0	0.0	0.0	0.0	0.0	0.0	0.0	0.0	0.0	0.0	0.0	0.0	0.0	0.0	0.0	0.0	0.0	0.0	0
79.002098	90.564919	93.526566	88.761826	91.087761	91.001801	88.898209	88.867714	90.909088	88.997833	88.885666	88.822647	93.406746	91.221481	90.955437	93.505966	90.948227	93.619904	91.036377	89.071564	88.94101	88.881378	88.909142	88.87883	88.838333	88.782677	91.120865	91.159576	91.001877	91.02317	90.528946	100.0	93.617752	92.404434	92.438141	92.825378	92.82074	93.04332	93.025223	91.00473	88.95816	88.897949	0.0	0.0	0.0	0.0	0.0	0.0	0.0	0.0	0.0	0.0	0.0	0.0	0.0	0.0	0.0	0.0	0.0	0.0	0.0	0.0	0.0	0.0	0.0	0.0	0.0	0.0	0.0	0.0	0.0	0.0	0.0	0.0	0.0	0.0	0.0	0.0	0.0	0.0	0.0	0.0	0.0	0.0	0.0	0.0	0.0	0.0	0.0	0.0	0.0	0.0	0.0	0.0	0.0	0.0	0.0	0.0	0.0	0.0	0.0	0.0	0.0	0.0	0.0	0.0	0.0	0.0	0.0	0.0	0.0	0.0	0.0	0.0	0.0	0.0	0.0	0.0	0.0	0.0	0.0	0.0	0.0	0.0	0.0	0
79.248566	91.639175	99.306351	89.551987	92.305618	92.248253	89.538933	89.523087	92.141586	89.560852	89.517715	89.592422	99.048813	92.357834	92.263306	98.573303	92.195129	99.340027	92.222061	89.646355	89.560074	89.542244	89.599281	89.507324	89.420959	89.42688	92.340485	92.320419	92.225983	92.081863	91.719345	93.617752	100.0	94.488861	94.512161	95.013718	94.865402	95.381744	95.47673	92.208229	89.50528	89.586517	0.0	0.0	0.0	0.0	0.0	0.0	0.0	0.0	0.0	0.0	0.0	0.0	0.0	0.0	0.0	0.0	0.0	0.0	0.0	0.0	0.0	0.0	0.0	0.0	0.0	0.0	0.0	0.0	0.0	0.0	0.0	0.0	0.0	0.0	0.0	0.0	0.0	0.0	0.0	0.0	0.0	0.0	0.0	0.0	0.0	0.0	0.0	0.0	0.0	0.0	0.0	0.0	0.0	0.0	0.0	0.0	0.0	0.0	0.0	0.0	0.0	0.0	0.0	0.0	0.0	0.0	0.0	0.0	0.0	0.0	0.0	0.0	0.0	0.0	0.0	0.0	0.0	0.0	0.0	0.0	0.0	0.0	0.0	0
79.195129	90.237183	94.506073	88.536133	90.961037	90.898048	88.855354	88.787354	90.807999	88.840729	88.806824	88.604065	94.265648	91.105217	90.876495	94.389603	90.903793	94.482979	90.883621	88.954437	88.853912	88.869041	88.781914	88.773422	88.75946	88.722321	91.142845	91.167442	90.913315	90.964203	90.147842	92.404434	94.488861	100.0	99.092194	95.436325	95.490631	95.422729	95.383087	90.87426	88.796783	88.8358	0.0	0.0	0.0	0.0	0.0	0.0	0.0	0.0	0.0	0.0	0.0	0.0	0.0	0.0	0.0	0.0	0.0	0.0	0.0	0.0	0.0	0.0	0.0	0.0	0.0	0.0	0.0	0.0	0.0	0.0	0.0	0.0	0.0	0.0	0.0	0.0	0.0	0.0	0.0	0.0	0.0	0.0	0.0	0.0	0.0	0.0	0.0	0.0	0.0	0.0	0.0	0.0	0.0	0.0	0.0	0.0	0.0	0.0	0.0	0.0	0.0	0.0	0.0	0.0	0.0	0.0	0.0	0.0	0.0	0.0	0.0	0.0	0.0	0.0	0.0	0.0	0.0	0.0	0.0	0.0	0.0	0.0	0.0	0
79.239456	90.371834	94.490524	88.643753	91.002571	90.949821	88.868042	88.867676	90.827423	88.893433	88.788742	88.630722	94.250534	91.156227	90.907593	94.35939	90.938965	94.523216	90.975418	89.0084	88.875397	88.88134	88.885185	88.833572	88.690102	88.784935	91.143417	91.165024	90.946381	90.954834	90.223969	92.438141	94.512161	99.092194	100.0	95.536575	95.515663	95.375008	95.419495	90.950233	88.864868	88.822586	0.0	0.0	0.0	0.0	0.0	0.0	0.0	0.0	0.0	0.0	0.0	0.0	0.0	0.0	0.0	0.0	0.0	0.0	0.0	0.0	0.0	0.0	0.0	0.0	0.0	0.0	0.0	0.0	0.0	0.0	0.0	0.0	0.0	0.0	0.0	0.0	0.0	0.0	0.0	0.0	0.0	0.0	0.0	0.0	0.0	0.0	0.0	0.0	0.0	0.0	0.0	0.0	0.0	0.0	0.0	0.0	0.0	0.0	0.0	0.0	0.0	0.0	0.0	0.0	0.0	0.0	0.0	0.0	0.0	0.0	0.0	0.0	0.0	0.0	0.0	0.0	0.0	0.0	0.0	0.0	0.0	0.0	0.0	0
79.414703	90.636124	95.043396	88.931061	91.387421	91.26265	89.217438	89.244743	91.173737	89.347435	89.198723	88.93885	94.901978	91.545502	91.345123	94.949524	91.304688	95.075348	91.284355	89.413071	89.360992	89.392242	89.289688	89.256927	89.17704	89.231743	91.498413	91.459015	91.270088	91.136353	90.595871	92.825378	95.013718	95.436325	95.536575	100.0	98.722076	96.07254	96.136963	91.244415	89.345451	89.301971	0.0	0.0	0.0	0.0	0.0	0.0	0.0	0.0	0.0	0.0	0.0	0.0	0.0	0.0	0.0	0.0	0.0	0.0	0.0	0.0	0.0	0.0	0.0	0.0	0.0	0.0	0.0	0.0	0.0	0.0	0.0	0.0	0.0	0.0	0.0	0.0	0.0	0.0	0.0	0.0	0.0	0.0	0.0	0.0	0.0	0.0	0.0	0.0	0.0	0.0	0.0	0.0	0.0	0.0	0.0	0.0	0.0	0.0	0.0	0.0	0.0	0.0	0.0	0.0	0.0	0.0	0.0	0.0	0.0	0.0	0.0	0.0	0.0	0.0	0.0	0.0	0.0	0.0	0.0	0.0	0.0	0.0	0.0	0
79.247147	90.710022	95.027466	89.017731	91.302917	91.264854	89.184448	89.270325	91.140564	89.29097	89.222206	88.974869	94.795898	91.472473	91.332962	94.880997	91.257156	94.978836	91.272469	89.480927	89.308144	89.325287	89.375618	89.22319	89.149857	89.227287	91.42598	91.400856	91.229172	91.205307	90.604385	92.82074	94.865402	95.490631	95.515663	98.722076	100.0	95.919785	96.119751	91.215942	89.34787	89.259186	0.0	0.0	0.0	0.0	0.0	0.0	0.0	0.0	0.0	0.0	0.0	0.0	0.0	0.0	0.0	0.0	0.0	0.0	0.0	0.0	0.0	0.0	0.0	0.0	0.0	0.0	0.0	0.0	0.0	0.0	0.0	0.0	0.0	0.0	0.0	0.0	0.0	0.0	0.0	0.0	0.0	0.0	0.0	0.0	0.0	0.0	0.0	0.0	0.0	0.0	0.0	0.0	0.0	0.0	0.0	0.0	0.0	0.0	0.0	0.0	0.0	0.0	0.0	0.0	0.0	0.0	0.0	0.0	0.0	0.0	0.0	0.0	0.0	0.0	0.0	0.0	0.0	0.0	0.0	0.0	0.0	0.0	0.0	0
79.038795	90.894073	95.589684	89.003922	91.681076	91.616798	89.224548	89.199768	91.526489	89.208076	89.189148	89.066574	95.36834	91.842575	91.600174	95.454895	91.568314	95.522789	91.568954	89.313843	89.216705	89.274887	89.219131	89.105812	89.110367	89.094231	91.744911	91.742989	91.566536	91.396698	90.90152	93.04332	95.381744	95.422729	95.375008	96.07254	95.919785	100.0	98.586136	91.538742	89.237885	89.205582	0.0	0.0	0.0	0.0	0.0	0.0	0.0	0.0	0.0	0.0	0.0	0.0	0.0	0.0	0.0	0.0	0.0	0.0	0.0	0.0	0.0	0.0	0.0	0.0	0.0	0.0	0.0	0.0	0.0	0.0	0.0	0.0	0.0	0.0	0.0	0.0	0.0	0.0	0.0	0.0	0.0	0.0	0.0	0.0	0.0	0.0	0.0	0.0	0.0	0.0	0.0	0.0	0.0	0.0	0.0	0.0	0.0	0.0	0.0	0.0	0.0	0.0	0.0	0.0	0.0	0.0	0.0	0.0	0.0	0.0	0.0	0.0	0.0	0.0	0.0	0.0	0.0	0.0	0.0	0.0	0.0	0.0	0.0	0
79.411278	90.916214	95.506912	89.043312	91.624855	91.625511	89.228882	89.204666	91.501595	89.177094	89.116432	89.027618	95.292572	91.780731	91.611847	95.424728	91.500946	95.505142	91.502396	89.353699	89.27433	89.264267	89.1521	89.102753	89.064575	89.100479	91.72493	91.726166	91.531982	91.459122	90.899887	93.025223	95.47673	95.383087	95.419495	96.136963	96.119751	98.586136	100.0	91.554604	89.270508	89.155136	0.0	0.0	0.0	0.0	0.0	0.0	0.0	0.0	0.0	0.0	0.0	0.0	0.0	0.0	0.0	0.0	0.0	0.0	0.0	0.0	0.0	0.0	0.0	0.0	0.0	0.0	0.0	0.0	0.0	0.0	0.0	0.0	0.0	0.0	0.0	0.0	0.0	0.0	0.0	0.0	0.0	0.0	0.0	0.0	0.0	0.0	0.0	0.0	0.0	0.0	0.0	0.0	0.0	0.0	0.0	0.0	0.0	0.0	0.0	0.0	0.0	0.0	0.0	0.0	0.0	0.0	0.0	0.0	0.0	0.0	0.0	0.0	0.0	0.0	0.0	0.0	0.0	0.0	0.0	0.0	0.0	0.0	0.0	0
79.32901	94.967949	92.266731	89.347244	97.437851	98.485741	89.235558	89.329025	98.459053	89.247925	89.286819	89.418732	92.020821	96.460526	97.450272	92.22728	98.355408	92.238319	98.556007	89.387222	89.295303	89.190376	89.351944	89.223907	89.118576	89.174614	96.393753	96.435638	98.63855	97.141922	90.948021	91.00473	92.208229	90.87426	90.950233	91.244415	91.215942	91.538742	91.554604	100.0	89.222252	89.209717	0.0	0.0	0.0	0.0	0.0	0.0	0.0	0.0	0.0	0.0	0.0	0.0	0.0	0.0	0.0	0.0	0.0	0.0	0.0	0.0	0.0	0.0	0.0	0.0	0.0	0.0	0.0	0.0	0.0	0.0	78.917419	0.0	0.0	0.0	0.0	0.0	0.0	0.0	0.0	0.0	0.0	0.0	0.0	0.0	0.0	0.0	0.0	0.0	0.0	0.0	0.0	0.0	0.0	0.0	0.0	0.0	0.0	0.0	0.0	0.0	0.0	0.0	0.0	0.0	0.0	0.0	0.0	0.0	0.0	0.0	0.0	0.0	0.0	0.0	0.0	0.0	0.0	0.0	0.0	0.0	0.0	0.0	0.0	0
79.39183	88.788155	89.461945	91.557587	89.276321	89.268608	98.412125	98.410011	89.150475	98.546326	98.316109	91.510895	89.302422	89.438583	89.260498	89.438408	89.239662	89.483528	89.261887	97.885986	97.930557	98.00219	97.916977	98.155243	98.464622	98.370361	89.369011	89.359261	89.236237	89.108093	90.140358	88.95816	89.50528	88.796783	88.864868	89.345451	89.34787	89.237885	89.270508	89.222252	100.0	98.348808	0.0	0.0	0.0	0.0	0.0	0.0	0.0	0.0	0.0	0.0	0.0	0.0	0.0	0.0	0.0	0.0	0.0	0.0	0.0	0.0	0.0	0.0	0.0	0.0	0.0	0.0	0.0	0.0	0.0	0.0	78.508392	0.0	0.0	0.0	0.0	0.0	0.0	0.0	0.0	0.0	0.0	0.0	0.0	0.0	0.0	0.0	0.0	0.0	0.0	0.0	0.0	0.0	0.0	0.0	0.0	0.0	0.0	0.0	0.0	0.0	0.0	0.0	0.0	0.0	0.0	0.0	0.0	0.0	0.0	0.0	0.0	0.0	0.0	0.0	0.0	0.0	0.0	0.0	0.0	0.0	0.0	0.0	0.0	0
79.219559	88.707016	89.462646	91.555878	89.266815	89.250282	98.425095	98.434662	89.154526	98.461624	98.289581	91.494102	89.217873	89.342072	89.259109	89.458313	89.299706	89.473221	89.261757	97.921234	97.938019	98.01796	97.943787	98.209663	98.442719	98.290039	89.338715	89.384583	89.295593	89.064224	90.126129	88.897949	89.586517	88.8358	88.822586	89.301971	89.259186	89.205582	89.155136	89.209717	98.348808	100.0	0.0	0.0	0.0	0.0	0.0	0.0	0.0	0.0	0.0	0.0	0.0	0.0	0.0	0.0	0.0	0.0	0.0	0.0	0.0	0.0	0.0	0.0	0.0	0.0	0.0	0.0	0.0	0.0	0.0	0.0	78.66304	0.0	0.0	0.0	0.0	0.0	0.0	0.0	0.0	0.0	0.0	0.0	0.0	0.0	0.0	0.0	0.0	0.0	0.0	0.0	0.0	0.0	0.0	0.0	0.0	0.0	0.0	0.0	0.0	0.0	0.0	0.0	0.0	0.0	0.0	0.0	0.0	0.0	0.0	0.0	0.0	0.0	0.0	0.0	0.0	0.0	0.0	0.0	0.0	0.0	0.0	0.0	0.0	0
87.977524	0.0	78.939667	0.0	0.0	78.755943	0.0	0.0	0.0	0.0	0.0	0.0	0.0	78.943108	0.0	78.891777	0.0	0.0	0.0	0.0	0.0	0.0	0.0	0.0	0.0	0.0	0.0	0.0	0.0	0.0	0.0	0.0	0.0	0.0	0.0	0.0	0.0	0.0	0.0	0.0	0.0	0.0	100.0	87.474731	87.198853	88.241829	88.283852	88.567947	87.563477	97.656265	87.107361	88.373039	88.4925	87.635452	80.826218	81.115814	81.123123	79.05426	78.845566	79.074753	78.801842	78.80574	87.404549	87.402039	98.687927	87.28405	88.439674	87.890465	88.12236	80.887436	82.631439	82.637787	82.645416	82.58963	0.0	0.0	0.0	0.0	0.0	0.0	0.0	0.0	0.0	0.0	0.0	0.0	0.0	0.0	0.0	0.0	0.0	0.0	0.0	0.0	0.0	0.0	0.0	0.0	0.0	0.0	0.0	0.0	0.0	0.0	0.0	0.0	0.0	0.0	0.0	0.0	0.0	0.0	0.0	0.0	0.0	0.0	0.0	0.0	0.0	0.0	0.0	0.0	0.0	0.0	0.0	0
99.93689	0.0	0.0	0.0	79.184456	0.0	78.770279	0.0	0.0	0.0	0.0	0.0	0.0	79.191147	0.0	0.0	0.0	0.0	0.0	0.0	0.0	0.0	0.0	0.0	0.0	0.0	0.0	0.0	0.0	0.0	0.0	0.0	0.0	0.0	0.0	0.0	0.0	0.0	0.0	0.0	0.0	0.0	87.474731	100.0	90.646744	92.532166	92.513481	92.687012	95.529419	87.308083	90.712654	92.849884	92.669868	98.262268	80.927551	81.179314	81.203339	79.24292	78.959885	79.244995	78.774017	78.930984	98.563553	91.343887	87.379272	95.154449	92.650444	92.25486	92.448959	81.035927	81.604935	81.800682	81.608841	81.66391	0.0	0.0	0.0	0.0	0.0	0.0	0.0	0.0	0.0	0.0	0.0	0.0	0.0	0.0	0.0	0.0	0.0	0.0	0.0	0.0	0.0	0.0	0.0	0.0	0.0	0.0	0.0	0.0	0.0	0.0	0.0	0.0	0.0	0.0	0.0	0.0	0.0	0.0	0.0	0.0	0.0	0.0	0.0	0.0	0.0	0.0	0.0	0.0	0.0	0.0	0.0	0
91.159554	78.711716	78.840828	79.108398	0.0	0.0	0.0	78.918098	0.0	0.0	0.0	0.0	0.0	0.0	0.0	0.0	0.0	0.0	0.0	0.0	0.0	0.0	0.0	0.0	0.0	0.0	0.0	0.0	0.0	0.0	0.0	0.0	0.0	0.0	0.0	0.0	0.0	0.0	0.0	0.0	0.0	0.0	87.198853	90.646744	100.0	92.210175	92.244743	91.984901	90.498589	86.966347	98.998108	92.419807	92.031189	90.769577	80.787376	80.904099	81.067444	79.211456	79.107727	79.16069	78.941147	78.94133	90.578217	90.473999	86.919495	90.497299	92.051758	91.592865	91.971802	80.820633	81.620796	81.826202	81.68013	81.92218	0.0	0.0	0.0	0.0	0.0	0.0	0.0	0.0	0.0	0.0	0.0	0.0	0.0	0.0	0.0	0.0	0.0	0.0	0.0	0.0	0.0	0.0	0.0	0.0	0.0	0.0	0.0	0.0	0.0	0.0	0.0	0.0	0.0	0.0	0.0	0.0	0.0	0.0	0.0	0.0	0.0	0.0	0.0	0.0	0.0	0.0	0.0	0.0	0.0	0.0	0.0	0
92.980309	79.061661	78.78463	78.885109	0.0	0.0	0.0	0.0	0.0	0.0	0.0	79.025055	0.0	0.0	0.0	0.0	0.0	0.0	0.0	0.0	0.0	0.0	0.0	0.0	0.0	0.0	0.0	0.0	0.0	0.0	0.0	0.0	0.0	0.0	0.0	0.0	0.0	0.0	0.0	0.0	0.0	0.0	88.241829	92.532166	92.210175	100.0	99.99469	93.969772	92.258179	88.119202	92.25943	96.581451	93.897575	92.542397	80.979095	81.227524	81.159103	79.109314	78.839981	79.291771	78.861084	78.928192	92.515541	91.963982	88.172859	92.203232	93.935196	93.289703	94.837425	80.925842	81.853409	82.057838	82.031105	81.980576	0.0	0.0	0.0	0.0	0.0	0.0	0.0	0.0	0.0	0.0	0.0	0.0	0.0	0.0	0.0	0.0	0.0	0.0	0.0	0.0	0.0	0.0	0.0	0.0	0.0	0.0	0.0	0.0	0.0	0.0	0.0	0.0	0.0	0.0	0.0	0.0	0.0	0.0	0.0	0.0	0.0	0.0	0.0	0.0	0.0	0.0	0.0	0.0	0.0	0.0	0.0	0
92.958771	79.062668	78.691521	0.0	0.0	0.0	0.0	0.0	0.0	0.0	0.0	78.975624	0.0	0.0	0.0	0.0	0.0	0.0	0.0	0.0	0.0	0.0	0.0	0.0	0.0	0.0	0.0	0.0	0.0	0.0	0.0	0.0	0.0	0.0	0.0	0.0	0.0	0.0	0.0	0.0	0.0	0.0	88.283852	92.513481	92.244743	99.99469	100.0	93.967041	92.265991	88.111862	92.243034	96.578377	93.905861	92.526535	80.971832	81.276306	81.196579	79.109734	78.975121	79.223251	78.842354	78.95961	92.523972	91.9785	88.181961	92.183205	93.89016	93.262321	94.911545	80.880051	81.905869	82.115219	82.028099	81.999718	0.0	0.0	0.0	0.0	0.0	0.0	0.0	0.0	0.0	0.0	0.0	0.0	0.0	0.0	0.0	0.0	0.0	0.0	0.0	0.0	0.0	0.0	0.0	0.0	0.0	0.0	0.0	0.0	0.0	0.0	0.0	0.0	0.0	0.0	0.0	0.0	0.0	0.0	0.0	0.0	0.0	0.0	0.0	0.0	0.0	0.0	0.0	0.0	0.0	0.0	0.0	0
93.164871	79.067505	0.0	79.081444	0.0	0.0	78.647835	0.0	0.0	0.0	0.0	0.0	0.0	0.0	0.0	0.0	0.0	0.0	0.0	0.0	0.0	0.0	0.0	0.0	0.0	0.0	0.0	0.0	0.0	0.0	0.0	0.0	0.0	0.0	0.0	0.0	0.0	0.0	0.0	0.0	0.0	0.0	88.567947	92.687012	91.984901	93.969772	93.967041	100.0	92.459778	88.459549	92.108223	94.298828	98.709846	92.692856	81.269623	81.416122	81.4048	79.141586	78.913429	79.22345	78.940918	79.225418	92.80957	92.304474	88.465111	92.417297	98.16275	93.672577	94.125801	81.239426	82.132057	82.284058	82.284027	82.30072	0.0	0.0	0.0	0.0	0.0	0.0	0.0	0.0	0.0	0.0	0.0	0.0	0.0	0.0	0.0	0.0	0.0	0.0	0.0	0.0	0.0	0.0	0.0	0.0	0.0	0.0	0.0	0.0	0.0	0.0	0.0	0.0	0.0	0.0	0.0	0.0	0.0	0.0	0.0	0.0	0.0	0.0	0.0	0.0	0.0	0.0	0.0	0.0	0.0	0.0	0.0	0
95.787003	78.993317	0.0	0.0	79.063942	78.993996	0.0	0.0	0.0	0.0	0.0	0.0	0.0	0.0	0.0	0.0	0.0	0.0	0.0	0.0	0.0	0.0	0.0	0.0	0.0	0.0	0.0	0.0	0.0	0.0	0.0	0.0	0.0	0.0	0.0	0.0	0.0	0.0	0.0	0.0	0.0	0.0	87.563477	95.529419	90.498589	92.258179	92.265991	92.459778	100.0	87.443878	90.483437	92.555984	92.363594	95.473946	81.021545	81.361801	81.302399	79.083771	79.047668	79.386734	78.977867	78.953278	95.510056	91.255341	87.253098	98.398575	92.385101	92.093399	92.177574	80.98085	81.77774	81.976257	81.837875	81.86898	0.0	0.0	0.0	0.0	0.0	0.0	0.0	0.0	0.0	0.0	0.0	0.0	0.0	0.0	0.0	0.0	0.0	0.0	0.0	0.0	0.0	0.0	0.0	0.0	0.0	0.0	0.0	0.0	0.0	0.0	0.0	0.0	0.0	0.0	0.0	0.0	0.0	0.0	0.0	0.0	0.0	0.0	0.0	0.0	0.0	0.0	0.0	0.0	0.0	0.0	0.0	0
87.873589	0.0	0.0	78.785378	78.851601	0.0	0.0	0.0	0.0	0.0	0.0	0.0	0.0	0.0	0.0	0.0	0.0	0.0	0.0	0.0	0.0	0.0	0.0	0.0	0.0	0.0	0.0	0.0	0.0	0.0	0.0	0.0	0.0	0.0	0.0	0.0	0.0	0.0	0.0	0.0	0.0	0.0	97.656265	87.308083	86.966347	88.119202	88.111862	88.459549	87.443878	100.0	86.970291	88.090477	88.307938	87.429993	80.870033	81.054001	81.266266	79.118721	78.815758	78.981606	79.059616	78.903015	87.410194	87.270302	97.572205	87.230377	88.309639	87.780167	87.836693	80.935028	82.287155	82.382843	82.328857	82.366226	0.0	0.0	0.0	0.0	0.0	0.0	0.0	0.0	0.0	0.0	0.0	0.0	0.0	0.0	0.0	0.0	0.0	0.0	0.0	0.0	0.0	0.0	0.0	0.0	0.0	0.0	0.0	0.0	0.0	0.0	0.0	0.0	0.0	0.0	0.0	0.0	0.0	0.0	0.0	0.0	0.0	0.0	0.0	0.0	0.0	0.0	0.0	0.0	0.0	0.0	0.0	0
91.232178	0.0	78.692024	0.0	0.0	0.0	0.0	0.0	0.0	0.0	0.0	0.0	0.0	0.0	0.0	0.0	0.0	0.0	0.0	0.0	0.0	0.0	0.0	0.0	0.0	0.0	0.0	0.0	0.0	0.0	0.0	0.0	0.0	0.0	0.0	0.0	0.0	0.0	0.0	0.0	0.0	0.0	87.107361	90.712654	98.998108	92.25943	92.243034	92.108223	90.483437	86.970291	100.0	92.452362	92.18663	90.626236	80.960434	81.026039	80.927643	79.283127	79.145744	79.200043	79.013046	79.232101	90.691772	90.515533	87.006393	90.536285	92.15596	91.650421	92.093437	80.829697	81.684334	81.775818	81.631668	81.775681	0.0	0.0	0.0	0.0	0.0	0.0	0.0	0.0	0.0	0.0	0.0	0.0	0.0	0.0	0.0	0.0	0.0	0.0	0.0	0.0	0.0	0.0	0.0	0.0	0.0	0.0	0.0	0.0	0.0	0.0	0.0	0.0	0.0	0.0	0.0	0.0	0.0	0.0	0.0	0.0	0.0	0.0	0.0	0.0	0.0	0.0	0.0	0.0	0.0	0.0	0.0	0
