858422.3	2840472.3	1355477.98	1404768.8	2782624.3	1904807.3	375.233	993502.5	1325112.3	574934.3	288000.8	1355477.144	754500.3	2782664.3	2057741.8	376.36	858423.19	1325090.8	1437360.8	2913970.3	1404864.3	2590772.3	709803.3	189873.4	858423.14	2782666.3	108015.34	1325115.7	2171497.4	2926010.3	167468.3	722472.8	858423.18	2782612.3	255045.4	83637.3	1437360.11	83627.3	574727.4	1325120.3	1038867.3	1325095.3	1274631.4	1619232.5	190148.11	2898149.3	114615.4	1245469.3	1404367.7	255045.57	2599805.3	630921.8	115808.6	2782658.3	1437360.9	1300039.5	1437360.5	2734909.5	722472.6	190045.3	29448.136	931866.3	376.105	2817702.3	1855319.3	244734.9	1521768.3	1325100.3	2782634.3	2911010.5	1803665.3	1404888.3	1399419.3	2904800.6	2035447.3	241591.3	113395.3	2876780.6	1197460.4
100.0	83.276459	81.554947	81.942123	81.698151	82.838486	81.853088	81.814011	81.542259	81.83165	80.705933	81.999557	81.661469	81.630249	82.71431	81.613998	81.535378	81.443237	80.716797	83.024323	81.692413	81.765465	81.778076	88.377853	81.837128	81.850647	81.953308	81.668228	81.931686	81.732407	81.844627	83.309372	81.698746	81.63208	81.497482	83.000206	82.205368	81.69413	81.818871	82.794792	81.454788	81.469604	88.16806	83.031288	91.840034	80.932175	80.918793	80.868134	81.913055	81.635803	81.897179	82.802155	80.845299	88.358978	83.75528	81.793541	82.801163	80.887215	82.057907	81.79631	82.946335	84.685165	82.891792	82.982407	81.21962	81.876137	79.691208	83.160675	81.661591	81.260353	81.837418	81.776802	81.758728	79.688965	81.79306	81.59758	81.02478	81.523521	82.827591
83.276459	100.0	81.780472	82.092232	81.917252	82.91024	82.086441	81.876343	81.805511	82.123741	81.159569	82.308868	81.852859	81.764923	82.764053	81.882004	81.844116	81.698441	81.247437	82.950935	82.08889	81.998962	82.137436	83.336288	82.180763	81.900757	82.205688	81.920914	82.196915	82.083466	81.869263	84.093513	82.061447	81.89212	83.260918	82.942017	84.866844	82.014114	82.010132	82.912476	81.776604	81.659843	83.267746	82.690903	83.547501	81.429138	81.312775	81.386673	82.059189	81.844109	82.168655	82.829605	81.502388	83.617569	84.365883	82.106995	82.848358	81.382431	84.332962	82.000305	83.017075	84.112831	82.795113	82.919937	81.513382	82.221542	80.27845	83.209656	81.798454	81.621468	82.223785	82.029655	82.094917	80.379654	82.123932	81.873337	81.445351	81.750961	82.842361
81.554947	81.780472	100.0	87.821632	87.658966	82.764313	88.31044	87.191193	89.004181	87.641434	81.312805	88.324036	87.53862	87.359894	82.674744	87.659637	89.372513	88.580589	80.358185	82.997162	87.961555	87.346725	87.655556	81.465652	88.100647	88.003998	87.466583	87.372696	87.488007	88.204651	87.212067	81.733749	85.214752	87.505859	80.415558	83.018463	81.343575	88.729156	87.618576	82.804642	92.490479	89.014992	81.465881	82.472229	81.740875	81.492355	81.763176	81.663269	87.787735	87.363739	87.869644	82.668991	81.752464	81.566391	81.65799	87.602928	82.739891	81.61161	80.91658	88.39624	82.88414	81.844437	82.81633	82.751587	88.521362	88.247208	79.760757	82.95108	87.07132	88.99202	88.160797	87.558006	87.716576	79.413177	87.763725	88.301735	81.416702	91.302353	82.703941
81.942123	82.092232	87.821632	100.0	88.40657	83.019531	88.773613	88.482903	87.506096	90.507324	81.733032	89.111465	88.305374	89.62867	82.938362	88.407822	87.672951	87.288078	80.474945	83.092743	88.714661	88.986359	90.473694	81.721771	88.749878	88.615799	89.007576	89.752029	89.840919	88.871582	88.552414	81.804016	85.421638	88.260254	80.603317	83.131439	81.570557	87.775223	88.638817	83.004974	87.68808	87.304413	81.725487	82.513138	82.018852	81.952881	82.034149	82.110008	93.87941	88.162048	91.781685	82.924706	82.263985	81.858139	81.844772	90.211731	82.868713	82.00959	81.189323	88.749069	83.033302	82.118027	82.990234	82.903839	87.117256	88.961304	80.077179	83.163437	88.209724	87.127533	88.926086	88.707565	88.637871	79.654724	90.374954	88.496811	81.631699	87.762238	82.932602
81.698151	81.917252	87.658966	88.40657	100.0	82.768738	89.039169	87.901909	87.163101	88.238144	81.438812	89.146675	92.434921	88.663162	82.621918	92.374161	87.285065	86.892395	80.209381	82.867142	88.546539	88.17627	88.259811	81.635399	88.401764	90.783127	88.008751	88.106773	88.118767	89.861656	87.83992	81.73204	85.388321	92.484177	80.404335	82.906403	81.406418	87.782547	88.415115	82.778275	87.697708	87.016724	81.499741	82.377678	81.934479	81.482422	81.699142	81.700439	88.426018	92.348801	88.781967	82.690552	81.815125	81.598984	81.65538	88.401192	82.597137	81.614029	80.930786	89.102768	82.826416	82.009071	82.722412	82.797379	86.735603	88.730682	79.773041	82.956207	88.074036	86.957245	88.412918	88.192963	88.197784	79.558067	88.337219	88.597656	81.456451	87.637207	82.683472
82.838486	82.91024	82.764313	83.019531	82.768738	100.0	83.00914	82.87265	82.821907	82.997589	81.834969	83.278351	82.762421	82.749405	90.424019	82.748566	82.82312	82.720749	80.907852	91.711449	82.867676	82.937248	83.046036	82.719284	83.213287	82.875732	83.201035	82.953011	83.181488	83.095421	82.828064	82.886665	82.684425	82.624115	81.226974	88.055206	82.172348	83.038055	82.889465	91.262115	82.711945	82.735382	82.649521	87.114288	83.216202	81.874443	82.052475	82.018539	83.029678	82.654984	82.990181	90.8255	82.244492	82.840317	83.041885	82.931358	91.323586	81.985687	81.750984	83.004074	91.114136	83.379326	91.189056	91.16803	82.539856	83.084351	80.088928	88.230927	82.665314	82.622681	83.130981	83.093109	82.972115	79.88945	83.10701	82.878159	81.83197	82.797089	90.446373
81.853088	82.086441	88.31044	88.773613	89.039169	83.00914	100.0	89.50087	87.794937	88.701233	81.747787	90.804047	88.917511	88.426552	82.857872	88.910667	88.419754	87.501984	80.572304	83.185356	89.236938	88.482025	88.783081	81.64534	89.188187	89.3965	88.275566	88.334457	88.515793	89.589211	88.119751	81.922966	85.78746	88.841782	80.492195	83.11248	81.597229	88.38076	88.561996	82.961205	88.233612	87.681252	81.681725	82.6689	82.09549	81.918579	81.989288	81.977119	88.755676	88.818939	90.358673	82.944183	82.124313	81.890579	81.819092	88.656685	82.985474	81.985855	81.15799	95.295532	83.557487	82.17408	83.050186	83.024292	87.152267	89.63887	79.969269	83.152382	88.204185	87.588745	89.226158	88.622475	88.802078	79.77787	88.861176	89.342545	81.65123	88.341721	82.854828
81.814011	81.876343	87.191193	88.482903	87.901909	82.87265	89.50087	100.0	87.04454	88.721207	81.613968	89.858681	87.695717	88.467438	82.676575	87.704773	87.616524	86.854118	80.390152	82.921814	87.888573	88.899109	88.678223	81.604324	88.2686	88.06974	88.833717	88.541985	88.835182	88.280769	88.385544	81.728722	85.323296	87.590294	80.486221	82.874924	81.433304	87.435852	89.517136	82.622337	87.070251	86.792007	81.580688	82.363037	82.008369	81.718964	81.888596	81.987907	88.486397	87.532059	90.156761	82.694252	81.995499	81.758102	81.559158	88.709091	82.730576	81.859406	81.034332	88.208679	83.324127	81.828613	82.736893	82.647842	86.575195	88.098259	79.840027	82.954292	89.023407	86.759933	88.563454	91.126953	88.290497	79.759567	88.696518	87.754082	81.544128	87.165253	82.58007
81.542259	81.805511	89.004181	87.506096	87.163101	82.821907	87.794937	87.04454	100.0	87.487839	81.500381	87.947357	86.944565	86.982727	82.818771	87.021683	89.246033	90.899445	80.375748	82.914871	87.433594	87.239044	87.644218	81.436829	87.986374	87.485397	87.497772	89.412239	87.392212	87.561554	87.147018	81.527802	85.045731	86.942352	80.347137	83.013947	81.328812	88.155235	87.354172	82.819946	88.897324	91.125046	81.434265	82.41935	81.80481	81.594994	81.826752	81.765244	87.409637	86.904701	87.567841	82.621277	81.845139	81.560257	81.548218	87.438705	82.660797	81.690712	80.904205	87.68425	82.825897	81.873611	82.835663	82.886154	88.954605	87.757248	79.962585	82.969116	86.890091	91.046951	87.936584	87.334656	87.71447	79.450272	87.683853	87.697418	81.571075	88.881668	82.625793
81.83165	82.123741	87.641434	90.507324	88.238144	82.997589	88.701233	88.721207	87.487839	100.0	81.78006	89.016731	88.124252	90.467133	82.788727	88.212341	87.568329	87.354706	80.468346	83.06044	88.342041	89.093887	90.719643	81.679535	88.75499	88.534554	89.166809	90.127197	90.422012	88.633377	88.711914	81.801079	85.447121	88.158112	80.540665	83.047699	81.54245	87.727097	88.890457	82.862907	87.563446	87.362099	81.697411	82.468765	82.048462	81.893211	82.086426	82.07959	90.398384	88.025421	90.649612	82.944794	82.214294	81.801437	81.795349	91.851593	82.821182	82.126526	81.042641	88.594963	82.953094	82.126114	82.945381	83.008484	87.161285	88.68811	79.926376	83.112434	88.405624	87.211601	89.128372	88.809258	88.731331	79.787537	90.708954	88.31575	81.557907	87.561531	82.756844
80.705933	81.159569	81.312805	81.733032	81.438812	81.834969	81.747787	81.613968	81.500381	81.78006	100.0	81.833076	81.390747	81.536606	81.709747	81.498093	81.36171	81.42569	79.886139	81.86203	81.615967	81.63504	81.870956	80.619362	81.733543	81.620209	81.971725	81.764786	81.887299	81.698563	81.654778	80.713196	81.417328	81.506073	79.997269	81.854004	80.722954	81.580307	81.523376	81.687553	81.34581	81.415031	80.680862	81.240631	80.879196	86.862289	87.311752	87.466583	81.666595	81.355865	81.73053	81.663116	87.432648	80.81694	80.79129	81.745453	81.633545	87.396034	80.294846	81.658813	81.795288	80.996826	81.704659	81.770706	81.254593	81.571487	79.798203	81.793022	81.431412	81.332443	81.800629	81.72863	81.74511	79.471977	81.868622	81.428665	80.990814	81.448517	81.589569
81.999557	82.308868	88.324036	89.111465	89.146675	83.278351	90.804047	89.858681	87.947357	89.016731	81.833076	100.0	88.952225	88.871666	83.147186	88.993614	88.470444	87.668213	80.62706	83.344986	89.256325	89.063293	89.298126	81.910294	89.149437	89.47049	88.928757	88.784752	88.903473	89.82756	88.620712	82.126137	85.961548	88.931381	80.65802	83.4571	81.840744	88.791641	88.950249	83.131439	88.223083	87.791214	81.791092	82.858459	82.244751	82.056595	82.278099	82.168312	89.133255	88.841919	90.529594	83.033241	82.330826	82.045822	81.978546	89.000366	83.166412	82.276802	81.228561	89.760269	83.622635	82.265472	83.411636	83.225433	87.363815	89.609718	80.072861	83.349098	88.603577	87.684799	89.767029	88.836609	89.690826	79.707809	89.214905	89.444298	81.88372	88.26017	83.242447
81.661469	81.852859	87.53862	88.305374	92.434921	82.762421	88.917511	87.695717	86.944565	88.124252	81.390747	88.952225	100.0	88.266785	82.508263	94.573051	87.17215	86.721359	80.467712	82.872513	88.435089	88.007698	88.10994	81.554916	88.166214	90.619705	87.816399	87.890244	87.966705	89.890572	87.625778	81.628525	85.122406	94.88401	80.352417	83.026024	81.472488	87.721069	88.139427	82.744835	87.469742	86.872009	81.494293	82.398903	81.894669	81.634659	81.662582	81.736923	88.439484	94.123337	88.515747	82.685204	81.758545	81.749924	81.696686	88.145065	82.636635	81.656418	80.846527	88.864136	82.738617	81.962692	82.680046	82.789413	86.591316	88.600571	79.733681	82.941788	87.746902	86.774521	88.36145	88.082001	88.000748	79.478653	88.180634	88.62426	81.39431	87.442245	82.647133
81.630249	81.764923	87.359894	89.62867	88.663162	82.749405	88.426552	88.467438	86.982727	90.467133	81.536606	88.871666	88.266785	100.0	82.584793	88.246597	87.057938	86.804993	80.3741	82.78183	87.975967	88.91713	89.676437	81.521332	88.352997	88.431068	88.635117	89.595001	89.645874	88.501328	88.382675	81.568672	85.273575	88.234154	80.385284	82.694778	81.357697	87.390366	88.784142	82.692451	87.438797	86.856186	81.63549	82.080338	81.90477	81.630829	81.759483	81.784729	89.736839	88.161041	90.263672	82.522217	81.811951	81.610275	81.582817	90.085709	82.503662	81.696243	80.981522	88.3974	82.679733	81.858574	82.562874	82.634636	86.550308	88.240036	79.67804	82.84996	88.361832	86.72467	88.510338	88.746964	88.236816	79.447182	89.672943	87.953857	81.375282	87.278694	82.497932
82.71431	82.764053	82.674744	82.938362	82.621918	90.424019	82.857872	82.676575	82.818771	82.788727	81.709747	83.147186	82.508263	82.584793	100.0	82.58194	82.837791	82.591042	80.838844	90.274582	82.702744	82.769463	82.807823	82.61969	83.033264	82.705986	82.974358	82.828941	82.994003	82.919052	82.70932	82.717117	82.537163	82.558525	81.178375	87.635269	82.076843	82.844604	82.81221	90.054581	82.52623	82.694473	82.59346	86.584137	82.995422	81.775681	81.999832	81.956215	82.832535	82.511383	82.916351	89.880096	82.043846	82.697052	82.927826	82.902534	90.057098	81.871582	81.583702	82.860733	89.958199	83.311188	90.692963	90.007584	82.44104	83.464577	80.137512	87.79377	82.502686	82.435455	83.017464	82.811958	82.912971	79.869682	82.928917	82.637291	81.731476	82.762291	89.670258
81.613998	81.882004	87.659637	88.407822	92.374161	82.748566	88.910667	87.704773	87.021683	88.212341	81.498093	88.993614	94.573051	88.246597	82.58194	100.0	87.312958	86.807999	80.32547	82.765686	88.409622	88.086487	88.222168	81.494583	88.226562	90.604057	87.896393	87.969223	87.983673	89.9823	87.730499	81.638718	85.188812	94.288025	80.435089	82.911835	81.455299	87.705826	88.188751	82.649681	87.613953	87.030663	81.441292	82.372185	81.777039	81.602127	81.630035	81.747223	88.492264	94.34967	88.595551	82.6091	81.766533	81.466888	81.669495	88.13002	82.71376	81.662788	80.908218	88.861649	82.742493	81.946152	82.615326	82.704811	86.645699	88.650398	79.769211	82.863235	87.815491	86.848778	88.341385	88.043625	88.074707	79.470184	88.224075	88.627068	81.357353	87.608185	82.617126
81.535378	81.844116	89.372513	87.672951	87.285065	82.82312	88.419754	87.616524	89.246033	87.568329	81.36171	88.470444	87.17215	87.057938	82.837791	87.312958	100.0	88.757339	80.436272	82.960388	87.725143	87.269547	87.694046	81.544632	88.011154	87.647652	87.3349	87.367813	87.45118	87.813484	86.959366	81.619469	85.135872	87.133163	80.54747	83.023125	81.443314	88.443222	87.2827	82.817627	89.352722	89.669952	81.497131	82.528732	81.84185	81.630157	81.818573	81.709137	87.658401	87.006683	88.141014	82.699112	81.877655	81.574615	81.600601	87.49437	82.766167	81.697708	80.852783	87.938278	82.820236	81.931702	82.934822	82.859726	88.59021	88.042618	79.937531	82.968338	86.885811	89.522934	88.11821	87.556374	87.716949	79.710289	87.744324	87.967484	81.552536	89.339699	82.676743
81.443237	81.698441	88.580589	87.288078	86.892395	82.720749	87.501984	86.854118	90.899445	87.354706	81.42569	87.668213	86.721359	86.804993	82.591042	86.807999	88.757339	100.0	80.269234	82.743011	87.18541	87.07946	87.463013	81.43734	87.643364	87.19487	87.318016	89.257332	87.602203	87.418938	87.052765	81.495743	84.820557	86.751076	80.325294	82.943077	81.387848	87.795082	87.19297	82.609451	88.528534	90.221878	81.321533	82.206955	81.706741	81.504471	81.708435	81.682236	87.314301	86.66037	87.511551	82.529648	81.786957	81.439316	81.488968	87.249283	82.552231	81.648109	80.854652	87.403992	82.716713	81.784515	82.711365	82.770668	91.766029	87.445526	79.666168	82.785583	86.710121	90.272247	87.744568	87.164886	87.364838	79.452721	87.619614	87.335739	81.405746	88.515106	82.566376
80.716797	81.247437	80.358185	80.474945	80.209381	80.907852	80.572304	80.390152	80.375748	80.468346	79.886139	80.62706	80.467712	80.3741	80.838844	80.32547	80.436272	80.269234	100.0	80.779053	80.590286	80.497772	80.548187	80.616806	80.495064	80.471466	80.507294	80.420906	80.605713	80.477386	80.383987	80.839218	80.45752	80.309906	80.874298	80.784744	81.152206	80.474075	80.398743	80.846481	80.235245	80.329376	80.521851	80.778412	80.668274	80.00322	79.886887	79.995872	80.499565	80.271378	80.518097	80.693069	79.977829	80.710678	81.001884	80.588104	80.858505	79.90699	80.868103	80.530762	80.916	81.167908	80.90152	80.942719	80.131317	80.578514	79.108429	80.873749	80.334145	80.302338	80.471848	80.428009	80.43985	79.261917	80.512695	80.311096	80.10276	80.452957	80.734985
83.024323	82.950935	82.997162	83.092743	82.867142	91.711449	83.185356	82.921814	82.914871	83.06044	81.86203	83.344986	82.872513	82.78183	90.274582	82.765686	82.960388	82.743011	80.779053	100.0	82.98082	82.963219	83.211578	82.938553	83.288788	82.935104	83.212067	83.017197	83.239571	83.156982	82.973053	82.984406	82.751602	82.788574	81.283363	88.062485	82.278793	82.995789	82.978745	92.064987	82.881378	82.920212	82.759277	87.106873	83.151489	81.949539	82.144714	82.051407	83.081482	82.756409	83.168228	91.551651	82.18615	83.003548	83.176208	83.061035	91.785309	82.048714	81.837021	83.169624	91.388535	83.6119	91.001373	91.283936	82.575119	83.257797	80.27713	88.503143	82.835754	82.694748	83.309998	83.040985	83.134483	79.837151	83.25827	82.912964	81.837402	82.943329	90.721313
81.692413	82.08889	87.961555	88.714661	88.546539	82.867676	89.236938	87.888573	87.433594	88.342041	81.615967	89.256325	88.435089	87.975967	82.702744	88.409622	87.725143	87.18541	80.590286	82.98082	100.0	88.233521	88.595474	81.714676	88.667618	88.691269	88.134354	88.107986	88.145439	89.072807	87.908569	81.874146	85.441895	88.404541	80.445236	83.158783	81.59861	88.061859	88.255951	82.912964	87.875412	87.404465	81.617386	82.568504	81.968369	81.783966	82.03537	81.934494	88.77803	88.324615	88.663849	82.829803	82.093018	81.713638	81.775925	88.339035	82.871941	81.914627	81.088501	89.304749	82.900436	82.126167	82.929825	82.924728	86.983658	94.127457	79.862923	83.117744	87.797943	87.296127	88.721741	88.143616	88.428169	79.681686	88.573433	89.001999	81.539642	88.007538	82.756699
81.765465	81.998962	87.346725	88.986359	88.17627	82.937248	88.482025	88.899109	87.239044	89.093887	81.63504	89.063293	88.007698	88.91713	82.769463	88.086487	87.269547	87.07946	80.497772	82.963219	88.233521	100.0	89.214737	81.739197	88.614922	88.28894	90.161003	89.257355	89.688522	88.630005	90.197906	81.694946	85.371559	87.995987	80.468353	82.984665	81.714294	87.623413	89.283188	82.854767	87.320869	86.975113	81.696381	82.476761	82.066208	81.919113	82.078972	82.04628	89.072525	87.921143	89.461395	82.833801	82.077377	81.790955	81.666107	89.23246	82.772987	81.925537	80.981003	88.342117	83.107925	81.985153	82.955231	83.026474	86.918121	88.375488	79.940361	83.09639	88.840508	86.809891	88.747894	89.080231	88.743103	79.639847	89.186172	88.009857	81.647301	87.301003	82.689903
81.778076	82.137436	87.655556	90.473694	88.259811	83.046036	88.783081	88.678223	87.644218	90.719643	81.870956	89.298126	88.10994	89.676437	82.807823	88.222168	87.694046	87.463013	80.548187	83.211578	88.595474	89.214737	100.0	81.749283	88.96698	88.536484	89.259399	90.485077	90.432236	88.833031	88.819435	81.817474	85.439888	88.168259	80.561722	83.337883	81.540718	87.822334	88.829742	83.070114	87.668457	87.379883	81.621002	82.537888	81.998459	81.987411	82.150757	82.147232	90.509018	88.045761	90.660034	83.023041	82.23468	81.821243	81.740318	90.786285	82.90921	82.051407	81.105766	88.64447	83.091827	82.132172	82.964767	83.096664	87.243652	88.748383	80.048767	83.27301	88.340645	87.306213	89.167816	88.87899	89.029663	79.635818	93.593536	88.444855	81.677902	87.638062	82.850143
88.377853	83.336288	81.465652	81.721771	81.635399	82.719284	81.64534	81.604324	81.436829	81.679535	80.619362	81.910294	81.554916	81.521332	82.61969	81.494583	81.544632	81.43734	80.616806	82.938553	81.714676	81.739197	81.749283	100.0	81.725426	81.72702	81.752777	81.593422	81.876106	81.77713	81.643959	83.230087	81.580826	81.477249	81.41568	82.758194	82.376862	81.722305	81.514076	82.64801	81.413757	81.464081	91.792755	82.636894	88.268219	80.769775	80.802582	80.790405	81.750427	81.441559	81.769333	82.578979	80.7733	87.837738	83.784775	81.802917	82.796051	80.82135	82.066971	81.688599	82.644699	84.64595	82.64621	82.707497	81.134987	81.788834	79.525269	82.898026	81.534592	81.318832	81.772049	81.803436	81.67765	79.706261	81.814278	81.564392	80.960709	81.526924	82.775497
81.837128	82.180763	88.100647	88.749878	88.401764	83.213287	89.188187	88.2686	87.986374	88.75499	81.733543	89.149437	88.166214	88.352997	83.033264	88.226562	88.011154	87.643364	80.495064	83.288788	88.667618	88.614922	88.96698	81.725426	100.0	88.751266	88.658127	88.501717	88.621231	88.981476	88.600967	81.937195	85.601257	88.144958	80.567276	83.337189	81.612427	88.288437	88.666687	83.17514	88.087517	87.784096	81.726288	82.770775	82.04258	81.901642	82.054726	82.017807	88.727036	88.121201	88.885071	83.077888	82.120865	81.764153	81.769455	88.763947	83.042648	82.122101	81.055473	89.261971	83.177444	82.171646	83.152756	83.114326	87.596344	89.034966	79.951279	83.469345	88.104034	87.71138	89.66156	88.862976	89.077454	79.626358	89.128937	89.005325	81.733688	88.070618	83.01474
81.850647	81.900757	88.003998	88.615799	90.783127	82.875732	89.3965	88.06974	87.485397	88.534554	81.620209	89.47049	90.619705	88.431068	82.705986	90.604057	87.647652	87.19487	80.471466	82.935104	88.691269	88.28894	88.536484	81.72702	88.751266	100.0	88.266052	88.269386	88.262993	89.994766	88.123611	81.870621	85.592949	90.788818	80.505234	83.058403	81.484612	88.138206	88.670502	82.821045	88.169846	87.302521	81.649879	82.571381	81.993546	81.695152	81.803909	81.835144	88.684456	90.455139	89.006424	82.71183	81.950317	81.696266	81.952599	88.578781	82.693832	81.71315	81.090103	89.360764	82.898605	82.156853	82.841797	82.930664	87.096436	89.00943	79.759232	83.00737	88.064072	87.242577	88.703888	88.418724	88.445152	79.433022	88.486404	89.315056	81.495331	87.963409	82.774513
81.953308	82.205688	87.466583	89.007576	88.008751	83.201035	88.275566	88.833717	87.497772	89.166809	81.971725	88.928757	87.816399	88.635117	82.974358	87.896393	87.3349	87.318016	80.507294	83.212067	88.134354	90.161003	89.259399	81.752777	88.658127	88.266052	100.0	89.439789	89.398613	88.504623	90.023087	81.916733	85.546204	87.789124	80.601608	83.180534	81.642075	87.771866	88.809601	83.212296	87.348122	87.202759	81.807144	82.494476	82.141495	82.121597	82.2034	82.229584	89.032501	87.596298	89.129227	82.981514	82.190186	81.870674	81.708511	89.137482	82.940475	82.164108	81.151611	88.378082	83.115555	82.131149	83.024895	82.911011	86.899536	88.308426	80.07444	83.284271	88.487404	87.128708	89.020287	89.072311	89.074142	79.608772	89.228157	88.061783	81.807213	87.383575	82.795059
81.668228	81.920914	87.372696	89.752029	88.106773	82.953011	88.334457	88.541985	89.412239	90.127197	81.764786	88.784752	87.890244	89.595001	82.828941	87.969223	87.367813	89.257332	80.420906	83.017197	88.107986	89.257355	90.485077	81.593422	88.501717	88.269386	89.439789	100.0	90.478699	88.544594	88.925919	81.723602	85.296265	87.9048	80.493675	83.038612	81.564697	87.607582	88.815598	82.952728	87.29071	89.257233	81.543289	82.389725	81.986717	81.919708	82.034424	82.045143	89.784012	87.759972	90.198547	82.681221	82.096848	81.648285	81.643585	90.507675	82.799484	82.039154	80.98188	88.277908	82.895996	82.074402	82.938278	82.945206	86.953514	88.377007	80.005692	83.016167	88.27758	88.971428	88.800941	88.772491	88.73497	79.651779	90.375641	88.087814	81.625366	87.3806	82.678917
81.931686	82.196915	87.488007	89.840919	88.118767	83.181488	88.515793	88.835182	87.392212	90.422012	81.887299	88.903473	87.966705	89.645874	82.994003	87.983673	87.45118	87.602203	80.605713	83.239571	88.145439	89.688522	90.432236	81.876106	88.621231	88.262993	89.398613	90.478699	100.0	88.543427	88.819763	81.930679	85.41713	87.940315	80.639328	83.27552	81.756065	87.551865	88.906624	83.224518	87.476608	87.203033	81.886185	82.623268	82.178711	81.984253	82.238457	82.218361	89.984436	87.794426	90.232338	82.997215	82.38588	81.867981	81.802475	91.330818	83.091095	82.25119	81.194611	88.43605	83.238251	82.078308	83.106789	83.197083	87.1091	88.429108	80.216187	83.34137	88.450836	87.397842	88.865906	88.951797	88.624023	79.695084	90.40831	88.05748	81.782875	87.397858	83.022278
81.732407	82.083466	88.204651	88.871582	89.861656	83.095421	89.589211	88.280769	87.561554	88.633377	81.698563	89.82756	89.890572	88.501328	82.919052	89.9823	87.813484	87.418938	80.477386	83.156982	89.072807	88.630005	88.833031	81.77713	88.981476	89.994766	88.504623	88.544594	88.543427	100.0	88.337196	81.882965	85.680969	89.953659	80.536774	83.175941	81.726898	88.352234	88.783798	83.122009	88.176491	87.515823	81.710159	82.626648	82.028946	81.908623	82.04892	82.043808	89.066391	89.774109	89.131012	82.990952	82.084686	81.883568	81.847916	88.755371	82.882652	82.051636	81.176437	89.55043	83.02533	82.255875	83.119484	83.011658	87.175308	89.338692	79.816849	83.280853	88.387695	87.458664	88.880127	88.651199	88.678833	79.63649	88.851868	89.152016	81.738525	88.15464	82.852692
81.844627	81.869263	87.212067	88.552414	87.83992	82.828064	88.119751	88.385544	87.147018	88.711914	81.654778	88.620712	87.625778	88.382675	82.70932	87.730499	86.959366	87.052765	80.383987	82.973053	87.908569	90.197906	88.819435	81.643959	88.600967	88.123611	90.023087	88.925919	88.819763	88.337196	100.0	81.680374	85.240692	87.453415	80.409317	82.931427	81.323868	87.507919	89.225594	82.748833	87.149719	86.869446	81.664825	82.290955	81.828255	81.796692	81.943283	81.93515	88.620239	87.382431	88.738876	82.724854	82.128235	81.649445	81.489395	88.620773	82.627426	81.790131	80.999893	88.268631	82.867874	81.878174	82.847183	82.819382	87.020676	88.123367	79.834358	82.885742	88.374878	86.87529	88.723824	88.578247	88.768158	79.534889	88.797073	87.893112	81.521591	87.171761	82.6772
83.309372	84.093513	81.733749	81.804016	81.73204	82.886665	81.922966	81.728722	81.527802	81.801079	80.713196	82.126137	81.628525	81.568672	82.717117	81.638718	81.619469	81.495743	80.839218	82.984406	81.874146	81.694946	81.817474	83.230087	81.937195	81.870621	81.916733	81.723602	81.930679	81.882965	81.680374	100.0	82.009888	81.705948	82.21933	82.92421	83.047577	81.811592	81.811134	82.913239	81.582253	81.671661	83.220398	82.80777	83.485718	80.775993	80.871506	80.996155	81.785721	81.746567	81.809433	82.741638	80.976959	83.533249	84.285858	81.843109	82.824036	80.863113	83.11129	81.943695	82.967178	83.966858	82.859833	82.858032	81.40403	81.95887	79.551376	83.084503	81.582695	81.404404	81.908211	81.732147	81.856522	79.588173	81.950302	81.773331	81.181877	81.616035	82.894585
81.698746	82.061447	85.214752	85.421638	85.388321	82.684425	85.78746	85.323296	85.045731	85.447121	81.417328	85.961548	85.122406	85.273575	82.537163	85.188812	85.135872	84.820557	80.45752	82.751602	85.441895	85.371559	85.439888	81.580826	85.601257	85.592949	85.546204	85.296265	85.41713	85.680969	85.240692	82.009888	100.0	85.059158	80.49884	82.856728	81.523254	85.513611	85.501648	82.679871	85.14119	84.929672	81.650635	82.372696	82.053741	81.590462	81.672371	81.550903	85.418388	85.089874	85.564064	82.712685	81.63176	81.767029	81.724503	85.42189	82.673958	81.603149	81.062302	85.770164	82.794304	82.021706	82.674255	82.823044	84.911415	85.665428	79.631271	82.921097	85.167572	84.867355	85.618484	85.491364	85.590263	79.465012	85.540695	85.318542	81.578171	85.236511	82.658813
81.63208	81.89212	87.505859	88.260254	92.484177	82.624115	88.841782	87.590294	86.942352	88.158112	81.506073	88.931381	94.88401	88.234154	82.558525	94.288025	87.133163	86.751076	80.309906	82.788574	88.404541	87.995987	88.168259	81.477249	88.144958	90.788818	87.789124	87.9048	87.940315	89.953659	87.453415	81.705948	85.059158	100.0	80.470932	82.830292	81.438965	87.650055	88.015167	82.61792	87.430878	86.839066	81.491638	82.363945	81.724686	81.615166	81.590324	81.722122	88.400711	94.279861	88.494736	82.496353	81.775909	82.027496	81.664246	88.045616	82.650787	81.733063	80.917267	88.97654	82.75235	81.856934	82.622528	82.684181	86.498093	88.69326	79.782036	82.717529	87.929092	86.724571	88.301651	88.094666	88.022438	79.542084	88.221802	88.573471	81.348419	87.448242	82.560829
81.497482	83.260918	80.415558	80.603317	80.404335	81.226974	80.492195	80.486221	80.347137	80.540665	79.997269	80.65802	80.352417	80.385284	81.178375	80.435089	80.54747	80.325294	80.874298	81.283363	80.445236	80.468353	80.561722	81.41568	80.567276	80.505234	80.601608	80.493675	80.639328	80.536774	80.409317	82.21933	80.49884	80.470932	100.0	81.332809	82.782852	80.58493	80.483017	81.21608	80.310715	80.492294	81.438049	81.23674	81.551743	80.150375	79.989838	80.103333	80.480507	80.437569	80.587997	81.156792	79.92926	81.691658	82.64389	80.517838	81.359329	79.942337	82.682495	80.506699	81.299683	82.332977	81.198715	81.241478	80.300049	80.643372	79.255142	81.245712	80.311157	80.225113	80.556259	80.560524	80.461639	79.45388	80.537079	80.447525	80.282753	80.384323	81.188141
83.000206	82.942017	83.018463	83.131439	82.906403	88.055206	83.11248	82.874924	83.013947	83.047699	81.854004	83.4571	83.026024	82.694778	87.635269	82.911835	83.023125	82.943077	80.784744	88.062485	83.158783	82.984665	83.337883	82.758194	83.337189	83.058403	83.180534	83.038612	83.27552	83.175941	82.931427	82.92421	82.856728	82.830292	81.332809	100.0	82.211357	83.144714	83.017975	87.92379	82.945435	82.854828	82.845604	87.062134	83.280098	81.890915	82.131172	82.103752	83.082016	82.871986	83.232178	87.719147	82.161354	82.921051	83.114914	83.176956	87.769363	81.990265	81.848351	83.146904	87.94249	83.389465	87.768036	87.857712	82.797478	83.266922	80.147339	88.3293	82.823746	82.992043	83.368088	83.04892	83.130821	79.739822	83.242935	83.001785	81.966232	83.07312	87.946175
82.205368	84.866844	81.343575	81.570557	81.406418	82.172348	81.597229	81.433304	81.328812	81.54245	80.722954	81.840744	81.472488	81.357697	82.076843	81.455299	81.443314	81.387848	81.152206	82.278793	81.59861	81.714294	81.540718	82.376862	81.612427	81.484612	81.642075	81.564697	81.756065	81.726898	81.323868	83.047577	81.523254	81.438965	82.782852	82.211357	100.0	81.623413	81.437294	82.163513	81.472473	81.353676	82.255707	82.199326	82.396217	80.923386	80.954758	81.083359	81.594269	81.469269	81.587135	82.152618	81.080971	82.416878	83.649719	81.586945	82.129585	80.90889	84.292892	81.585388	82.217117	83.393951	82.141327	82.107727	81.046021	81.685623	79.808144	82.221527	81.293564	81.190598	81.67675	81.545288	81.518883	79.636612	81.639954	81.295105	81.149033	81.428421	82.018578
81.69413	82.014114	88.729156	87.775223	87.782547	83.038055	88.38076	87.435852	88.155235	87.727097	81.580307	88.791641	87.721069	87.390366	82.844604	87.705826	88.443222	87.795082	80.474075	82.995789	88.061859	87.623413	87.822334	81.722305	88.288437	88.138206	87.771866	87.607582	87.551865	88.352234	87.507919	81.811592	85.513611	87.650055	80.58493	83.144714	81.623413	100.0	87.765495	82.950104	88.781952	88.09819	81.7659	82.59964	82.050865	81.788925	81.868546	81.928467	87.783188	87.58783	88.0438	82.823517	81.979935	81.692665	81.764465	87.795448	82.849579	81.802567	81.265472	88.313309	83.003746	82.026505	82.93705	82.987335	87.583801	88.264847	79.845474	83.187645	87.464325	88.056412	88.274719	87.6744	88.105255	79.563416	87.843437	88.332123	81.664993	88.786781	82.836792
81.818871	82.010132	87.618576	88.638817	88.415115	82.889465	88.561996	89.517136	87.354172	88.890457	81.523376	88.950249	88.139427	88.784142	82.81221	88.188751	87.2827	87.19297	80.398743	82.978745	88.255951	89.283188	88.829742	81.514076	88.666687	88.670502	88.809601	88.815598	88.906624	88.783798	89.225594	81.811134	85.501648	88.015167	80.483017	83.017975	81.437294	87.765495	100.0	82.965294	87.486816	87.138916	81.699753	82.390121	81.927681	81.841461	81.88765	81.907471	88.741486	87.851044	88.96669	82.822845	81.969414	81.665512	81.588837	88.793068	82.841568	81.755096	81.009232	88.518692	82.911438	81.981918	82.924088	83.093887	87.008514	88.457497	79.836662	83.175385	91.215157	87.008591	88.665291	90.149017	88.580475	79.548782	88.87265	88.237183	81.5597	87.445267	82.857254
82.794792	82.912476	82.804642	83.004974	82.778275	91.262115	82.961205	82.622337	82.819946	82.862907	81.687553	83.131439	82.744835	82.692451	90.054581	82.649681	82.817627	82.609451	80.846481	92.064987	82.912964	82.854767	83.070114	82.64801	83.17514	82.821045	83.212296	82.952728	83.224518	83.122009	82.748833	82.913239	82.679871	82.61792	81.21608	87.92379	82.163513	82.950104	82.965294	100.0	82.772453	82.74575	82.609512	87.010757	83.013382	81.981949	81.929291	81.977837	82.978027	82.562752	82.828186	92.113808	82.032722	82.820343	82.904099	82.990509	92.631538	81.968964	81.630508	83.000763	91.362663	83.471825	91.023056	90.833099	82.448906	83.063103	80.22477	88.454453	82.474258	82.639328	83.116333	82.943237	82.859924	79.783783	83.075653	82.764236	81.701843	82.818886	90.353287
81.454788	81.776604	92.490479	87.68808	87.697708	82.711945	88.233612	87.070251	88.897324	87.563446	81.34581	88.223083	87.469742	87.438797	82.52623	87.613953	89.352722	88.528534	80.235245	82.881378	87.875412	87.320869	87.668457	81.413757	88.087517	88.169846	87.348122	87.29071	87.476608	88.176491	87.149719	81.582253	85.14119	87.430878	80.310715	82.945435	81.472473	88.781952	87.486816	82.772453	100.0	88.914337	81.386658	82.272522	81.695145	81.507988	81.664932	81.669678	87.70401	87.363884	87.833443	82.612747	81.708794	81.497375	81.539185	87.48494	82.626862	81.634155	80.871841	88.147697	82.817322	81.772141	82.69458	82.737488	88.477173	88.138245	79.683456	82.825119	87.064316	88.86174	88.015404	87.514984	87.594368	79.324371	87.756012	88.281578	81.262497	90.967079	82.519424
81.469604	81.659843	89.014992	87.304413	87.016724	82.735382	87.681252	86.792007	91.125046	87.362099	81.415031	87.791214	86.872009	86.856186	82.694473	87.030663	89.669952	90.221878	80.329376	82.920212	87.404465	86.975113	87.379883	81.464081	87.784096	87.302521	87.202759	89.257233	87.203033	87.515823	86.869446	81.671661	84.929672	86.839066	80.492294	82.854828	81.353676	88.09819	87.138916	82.74575	88.914337	100.0	81.374039	82.330032	81.783035	81.543358	81.714638	81.693726	87.353607	86.752167	87.356049	82.65477	81.763687	81.433006	81.53595	87.230927	82.590027	81.778236	80.929199	87.625214	82.773109	81.821198	82.662964	82.792809	88.31781	87.647491	79.708847	82.803391	86.567505	93.146919	87.84343	87.147758	87.42894	79.53019	87.462746	87.633438	81.46228	89.057037	82.623489
88.16806	83.267746	81.465881	81.725487	81.499741	82.649521	81.681725	81.580688	81.434265	81.697411	80.680862	81.791092	81.494293	81.63549	82.59346	81.441292	81.497131	81.321533	80.521851	82.759277	81.617386	81.696381	81.621002	91.792755	81.726288	81.649879	81.807144	81.543289	81.886185	81.710159	81.664825	83.220398	81.650635	81.491638	81.438049	82.845604	82.255707	81.7659	81.699753	82.609512	81.386658	81.374039	100.0	82.701614	88.155441	80.78653	80.837059	80.87999	81.679947	81.475296	81.753052	82.544739	80.857269	87.686325	83.59774	81.859253	82.69165	80.75235	82.077576	81.752533	82.635231	84.578293	82.737335	82.758331	81.133438	81.692398	79.698357	82.836716	81.486649	81.20385	81.843643	81.854965	81.76178	79.632271	81.848343	81.483383	80.92804	81.514526	82.635254
83.031288	82.690903	82.472229	82.513138	82.377678	87.114288	82.6689	82.363037	82.41935	82.468765	81.240631	82.858459	82.398903	82.080338	86.584137	82.372185	82.528732	82.206955	80.778412	87.106873	82.568504	82.476761	82.537888	82.636894	82.770775	82.571381	82.494476	82.389725	82.623268	82.626648	82.290955	82.80777	82.372696	82.363945	81.23674	87.062134	82.199326	82.59964	82.390121	87.010757	82.272522	82.330032	82.701614	100.0	83.119186	81.509735	81.568817	81.51712	82.515572	82.283997	82.57666	86.788956	81.584488	82.958542	83.244652	82.554817	87.043831	81.41127	81.740982	82.665298	86.987198	83.314278	86.75135	87.066078	82.020981	82.679482	80.037476	87.065018	82.194778	82.239944	82.78717	82.485733	82.61969	79.707809	82.67041	82.478813	81.505249	82.50724	87.094124
91.840034	83.547501	81.740875	82.018852	81.934479	83.216202	82.09549	82.008369	81.80481	82.048462	80.879196	82.244751	81.894669	81.90477	82.995422	81.777039	81.84185	81.706741	80.668274	83.151489	81.968369	82.066208	81.998459	88.268219	82.04258	81.993546	82.141495	81.986717	82.178711	82.028946	81.828255	83.485718	82.053741	81.724686	81.551743	83.280098	82.396217	82.050865	81.927681	83.013382	81.695145	81.783035	88.155441	83.119186	100.0	80.950943	81.216309	81.243774	82.086777	81.81337	82.140724	83.005814	81.129868	87.980789	83.925629	82.094261	83.083466	81.141418	82.197639	82.078491	83.111267	84.79541	83.108971	83.154602	81.489525	82.110916	79.733917	83.295876	81.856979	81.576874	82.194588	82.084297	82.059937	79.889038	82.217949	81.940216	81.153099	81.925217	83.136543
80.932175	81.429138	81.492355	81.952881	81.482422	81.874443	81.918579	81.718964	81.594994	81.893211	86.862289	82.056595	81.634659	81.630829	81.775681	81.602127	81.630157	81.504471	80.00322	81.949539	81.783966	81.919113	81.987411	80.769775	81.901642	81.695152	82.121597	81.919708	81.984253	81.908623	81.796692	80.775993	81.590462	81.615166	80.150375	81.890915	80.923386	81.788925	81.841461	81.981949	81.507988	81.543358	80.78653	81.509735	80.950943	100.0	86.869415	88.816978	81.97081	81.577423	81.880615	81.888199	87.138351	80.930328	80.878296	81.884277	81.795609	87.476471	80.416367	81.948013	81.927307	81.172165	81.877518	81.930595	81.287537	81.82016	79.814537	81.945496	81.531952	81.399529	82.056572	81.823578	81.949326	79.447922	81.988464	81.627243	80.988297	81.660202	81.72628
80.918793	81.312775	81.763176	82.034149	81.699142	82.052475	81.989288	81.888596	81.826752	82.086426	87.311752	82.278099	81.662582	81.759483	81.999832	81.630035	81.818573	81.708435	79.886887	82.144714	82.03537	82.078972	82.150757	80.802582	82.054726	81.803909	82.2034	82.034424	82.238457	82.04892	81.943283	80.871506	81.672371	81.590324	79.989838	82.131172	80.954758	81.868546	81.88765	81.929291	81.664932	81.714638	80.837059	81.568817	81.216309	86.869415	100.0	87.713379	82.019333	81.745041	82.062401	81.965576	89.396255	80.936028	80.875961	82.121826	81.918686	88.584656	80.377258	81.867325	82.124603	81.309433	82.036026	82.027649	81.493011	82.016556	79.955719	82.145203	81.73085	81.596855	82.151672	81.950546	82.093567	79.552277	82.219162	81.755661	81.070732	81.880722	81.800636
80.868134	81.386673	81.663269	82.110008	81.700439	82.018539	81.977119	81.987907	81.765244	82.07959	87.466583	82.168312	81.736923	81.784729	81.956215	81.747223	81.709137	81.682236	79.995872	82.051407	81.934494	82.04628	82.147232	80.790405	82.017807	81.835144	82.229584	82.045143	82.218361	82.043808	81.93515	80.996155	81.550903	81.722122	80.103333	82.103752	81.083359	81.928467	81.907471	81.977837	81.669678	81.693726	80.87999	81.51712	81.243774	88.816978	87.713379	100.0	82.092384	81.625038	82.177826	81.932846	88.086632	80.929932	80.961639	82.083153	81.872765	88.607529	80.531593	81.989334	82.002823	81.376518	82.071556	81.933228	81.408386	81.973221	79.934509	82.101372	81.669502	81.591499	82.180336	82.019196	82.111099	79.471924	82.227547	81.770767	81.052696	81.730286	81.823479
81.913055	82.059189	87.787735	93.87941	88.426018	83.029678	88.755676	88.486397	87.409637	90.398384	81.666595	89.133255	88.439484	89.736839	82.832535	88.492264	87.658401	87.314301	80.499565	83.081482	88.77803	89.072525	90.509018	81.750427	88.727036	88.684456	89.032501	89.784012	89.984436	89.066391	88.620239	81.785721	85.418388	88.400711	80.480507	83.082016	81.594269	87.783188	88.741486	82.978027	87.70401	87.353607	81.679947	82.515572	82.086777	81.97081	82.019333	82.092384	100.0	88.359055	92.011719	82.978294	82.221725	81.782478	81.743561	90.218506	82.873268	82.000206	81.074425	88.799904	82.966751	82.147125	82.894295	83.003845	87.105621	88.983032	79.952209	83.170822	88.282745	87.169495	88.930466	88.737747	88.632782	79.709595	90.408257	88.478897	81.676071	87.711655	82.88501
81.635803	81.844109	87.363739	88.162048	92.348801	82.654984	88.818939	87.532059	86.904701	88.025421	81.355865	88.841919	94.123337	88.161041	82.511383	94.34967	87.006683	86.66037	80.271378	82.756409	88.324615	87.921143	88.045761	81.441559	88.121201	90.455139	87.596298	87.759972	87.794426	89.774109	87.382431	81.746567	85.089874	94.279861	80.437569	82.871986	81.469269	87.58783	87.851044	82.562752	87.363884	86.752167	81.475296	82.283997	81.81337	81.577423	81.745041	81.625038	88.359055	100.0	88.32843	82.568497	81.792374	81.663864	81.567413	88.374634	82.606995	81.625854	80.836594	88.835617	82.702576	81.899185	82.615105	82.722153	86.423874	88.60775	79.638924	82.799957	87.598473	86.715683	88.163719	87.988724	87.891479	79.439331	88.159012	88.513985	81.33522	87.450401	82.547585
